sequence,score,toxicity
GVFCHFGFR,1.1842989369075554,anti-toxic
GFYFHCGFR,1.1583187807085786,anti-toxic
GFFSLFRVV,1.100089084004728,anti-toxic
GFYYRFRFR,1.0891253276223287,anti-toxic
GFIGYFGFR,1.087698672621736,anti-toxic
GFCIDFSFG,1.0861155406860679,anti-toxic
GFDDRVVFR,1.0580983786610778,anti-toxic
GFGFFCGFC,1.0505360645980948,anti-toxic
GYFFGFRFR,1.0456435623118834,anti-toxic
GIFSFFGFR,1.0446458425559468,anti-toxic
GFFFFGHFR,1.033598557051758,anti-toxic
GFFCGLVFR,1.0302324698100616,anti-toxic
GFCWFSFFR,1.0286701545372516,anti-toxic
GVLSGDVCL,1.0280287236002434,anti-toxic
GFFLNFGIR,1.0251374579149304,anti-toxic
GFRFRFCVF,1.0055579957799605,anti-toxic
GFSYFFRFR,1.005546274960463,anti-toxic
GFCFRFRFR,0.9959919802895877,anti-toxic
GFLLSFGFR,0.9898406014848781,anti-toxic
GFRYFCGFC,0.9807320897325469,anti-toxic
GFFYHCVFR,0.9769224058534298,anti-toxic
GIFGYLLHR,0.9751764162749679,anti-toxic
GFIFRCHFR,0.9748666484430738,anti-toxic
GHFCYFHFR,0.973760611503036,anti-toxic
GFGFFFNFR,0.9612628523150516,anti-toxic
GCHFLCHFR,0.9559422943172192,anti-toxic
GFCGRVLHF,0.954830586011109,anti-toxic
GFFVRFCCG,0.9542425094393249,anti-toxic
GFLLHCGFR,0.9541414402087307,anti-toxic
GFRFRCFVH,0.9529546197544309,anti-toxic
GFFYSFFFR,0.9435959688019452,anti-toxic
GLVVSSLYD,0.9429829007535235,anti-toxic
GLGFFCGFC,0.9400671491858363,anti-toxic
GYYCSRSDS,0.9383579692336924,anti-toxic
GICFGFRFR,0.9375178920173467,anti-toxic
GLRFLFGLR,0.936657334638212,anti-toxic
GLFRCLLYC,0.9341422199644367,anti-toxic
GIFRRLCFS,0.9309114595828122,anti-toxic
GFFHFLLHG,0.92933112737539,anti-toxic
GFFNFFFHD,0.9286499224466951,anti-toxic
GFLCYCGFR,0.9263486090600379,anti-toxic
GFFYCYHFR,0.9249918284397733,anti-toxic
GFCGFFGFG,0.9242998838698441,anti-toxic
GFLHYIIHR,0.9210769935805597,anti-toxic
GFFFSLGVR,0.9168470710406293,anti-toxic
GYCCIFRFR,0.9155672452017016,anti-toxic
GFCFGLGFC,0.9066567220410046,anti-toxic
GGCYGCDVN,0.8974946036500292,anti-toxic
GFFFSFVFR,0.8955606584533253,anti-toxic
GFFCFSGFR,0.8948696567452525,anti-toxic
GFFCHYRCR,0.8928363526263906,anti-toxic
GGDHIVGFR,0.8926167874464436,anti-toxic
GFFRVCNFF,0.8910187684952537,anti-toxic
GFLSYFCVR,0.8856616549584287,anti-toxic
GIFLGLGFR,0.8848106670544602,anti-toxic
GFLNYLGLR,0.8788418703511638,anti-toxic
GFHLFFFHR,0.8673214040785511,anti-toxic
GFGIFSCVF,0.8672454970025283,anti-toxic
GFCSVFGFF,0.8585515191407102,anti-toxic
GFSGCLYLD,0.8576573240319785,anti-toxic
GFLFDLYCG,0.8567710296667008,anti-toxic
GIRFRFGFS,0.8554115862637713,anti-toxic
GHYCLNSSG,0.8540298608811828,anti-toxic
GYVRFFGFR,0.853748083701396,anti-toxic
GFFYFNRFR,0.8516813191629682,anti-toxic
GFHYLYRFR,0.8499297785677,anti-toxic
GVDDNLGFS,0.8481139860368123,anti-toxic
GFLFLLDFR,0.8473160963264086,anti-toxic
GFSFHCGFC,0.8459497907986616,anti-toxic
GVFFGYHFR,0.8450980400142568,anti-toxic
GFLYRFVCG,0.8436040774749743,anti-toxic
GFRFFCGIG,0.8415984684439031,anti-toxic
GFFCRGHFR,0.838478690303798,anti-toxic
GCICFFRFR,0.8376740219350499,anti-toxic
GLFYRFCCF,0.8321330628498892,anti-toxic
GYSGVVVHL,0.8301576902213202,anti-toxic
GFGFFFGFS,0.8294431350508464,anti-toxic
GYVNHCGGG,0.8274396098394521,anti-toxic
GIYRDLDHR,0.8266487783103477,anti-toxic
GLFRRFLYH,0.826277318200837,anti-toxic
GLFSFCGFG,0.8248317901374975,anti-toxic
GCFVLDVYD,0.8243261311560746,anti-toxic
GDNCVRCID,0.8241554290974459,anti-toxic
GFFYRFVCD,0.8221974742363426,anti-toxic
GCRFCCGFR,0.822036779072318,anti-toxic
GFIVRCGFR,0.8206868164169612,anti-toxic
GFFCRVGFG,0.8155411930881947,anti-toxic
GCFFCYHFR,0.8138778129173111,anti-toxic
GVLGFFGLG,0.8113196136362982,anti-toxic
GVFFGIRFG,0.8098656635608502,anti-toxic
GIFRLLGLD,0.806584446432419,anti-toxic
GVRCVFYGG,0.8038313103331047,anti-toxic
GLFFSFGFG,0.8020099936325309,anti-toxic
GYCYIFGFR,0.7988507896250743,anti-toxic
GLCIFNVFR,0.7984680737148122,anti-toxic
GFGGRFRFR,0.7973387424837824,anti-toxic
GGDRSYLGF,0.7969781076431273,anti-toxic
GFSVCLGFR,0.7960542811658088,anti-toxic
GFRFFGCCG,0.7942380702770985,anti-toxic
GFFCFSRFR,0.792635972516921,anti-toxic
GFRVFNYFR,0.7905885662833532,anti-toxic
GIFYRFFDR,0.7900504736833514,anti-toxic
GLGFCFSFR,0.7839629627527027,anti-toxic
GIFDCFFFR,0.7805774828497696,anti-toxic
GVFSLCGFL,0.7801031389811657,anti-toxic
GYGLGHFSD,0.7776371909644966,anti-toxic
GRRFLCGFV,0.7773411072111209,anti-toxic
GRYDDYHFR,0.7755111542174352,anti-toxic
GFGCGDDSG,0.7752953815924467,anti-toxic
GFHFFFNFR,0.7750898860245754,anti-toxic
GYFFRFVYS,0.7742306334406742,anti-toxic
GGRRIIDGH,0.7728549105736952,anti-toxic
GVCFLFGFR,0.7705191870396663,anti-toxic
GCFLDFVFR,0.769786989572524,anti-toxic
GYCLFDFFR,0.7697701627703236,anti-toxic
GFGFFGGFR,0.7680662206555545,anti-toxic
GCFFLLNFR,0.7679320852019575,anti-toxic
GFFRYFYDY,0.7633202415509955,anti-toxic
GFLLFVHFR,0.761431573768859,anti-toxic
GFYYFCGFR,0.7613810401337506,anti-toxic
GGYFGFFCR,0.7612385316888614,anti-toxic
GCFIDFVFR,0.7608156880511614,anti-toxic
GFLRRLGFG,0.7604676072719619,anti-toxic
GCLFVFGFR,0.7587645626930576,anti-toxic
GFFNCFSFG,0.7562494089358139,anti-toxic
GFIYGDCRL,0.7560562273526815,anti-toxic
GHYYHNYVD,0.754744615654218,anti-toxic
GFRCRFRCH,0.753555702621794,anti-toxic
GFFNFGGFV,0.75289881851287,anti-toxic
GFFRILDFC,0.7527261506595391,anti-toxic
GFDFYCNFG,0.7522994460376746,anti-toxic
GILFCFGFH,0.7522438266104235,anti-toxic
GRLSVFGFV,0.7522155162892439,anti-toxic
GFCSIFFLR,0.7521907694598744,anti-toxic
GFFVRFGVF,0.7519525388000865,anti-toxic
GRRHHFYCI,0.7497363155690611,anti-toxic
GFFVRYFNR,0.7487416210670145,anti-toxic
GFFSFRHHF,0.7480634266662542,anti-toxic
GLFFRCGLG,0.7469370578784499,anti-toxic
GDSCRLCDG,0.7454469723557631,anti-toxic
GFFSFLSGN,0.7450747915820575,anti-toxic
GFLCRNFFR,0.7437336855799505,anti-toxic
GLIDGFVIY,0.7433891441244317,anti-toxic
GIFRFLSGR,0.7422386944929992,anti-toxic
GFRCVFGYV,0.7419646628411037,anti-toxic
GHIFRFRFS,0.741259066452095,anti-toxic
GCICFFGFR,0.739886750288361,anti-toxic
GCFFNVGFR,0.7395218480275128,anti-toxic
GFFRRFGVS,0.739164634991297,anti-toxic
GNDHYVLVD,0.7389503484709861,anti-toxic
GFFLCFRYR,0.7373149964122385,anti-toxic
GFVSVFRFR,0.7351821769904635,anti-toxic
GVFGVCGFG,0.7349907262115286,anti-toxic
GFGLFGYFR,0.7341249595427807,anti-toxic
GFFYRFYGH,0.733661773809604,anti-toxic
GNSDIFDDS,0.7321163439835112,anti-toxic
GFFFHVGYG,0.7310613813407698,anti-toxic
GFCLFGSFS,0.7307743614882602,anti-toxic
GFCDCNDYG,0.7295587870321388,anti-toxic
GYFVSLYGH,0.7274664657110421,anti-toxic
GSSFYDCFD,0.7269987279362623,anti-toxic
GFSHLLGFI,0.7268435950602056,anti-toxic
GLFNYIGVF,0.7265535259681074,anti-toxic
GNVFCIGCG,0.7247772679423042,anti-toxic
GFYFGLDFC,0.7245684223110119,anti-toxic
GGFFGFGFS,0.7231036840527382,anti-toxic
GRLVLHLGD,0.7231036840527382,anti-toxic
GFFYCCGFR,0.7226339225338123,anti-toxic
GFRFFDYFF,0.722016588411524,anti-toxic
GFNFVFFFR,0.7203390982675202,anti-toxic
GLYVSLCGI,0.7197831279975063,anti-toxic
GDYGVDLYD,0.717664784876879,anti-toxic
GHFIGGGGD,0.7166987712964503,anti-toxic
GLYRSVDSG,0.7163828058537005,anti-toxic
GGYHDCRVR,0.7161858586540448,anti-toxic
GICDYGRVG,0.7161720344436411,anti-toxic
GFRFSFFHY,0.7160941147673071,anti-toxic
GCFYFFGRR,0.7140523036258567,anti-toxic
GFYNCFGFC,0.7137616486038239,anti-toxic
GYVSFFGFR,0.7133791998086504,anti-toxic
GFFGIVGFS,0.7124226788923484,anti-toxic
GLGCYLGFR,0.7119232626568529,anti-toxic
GFNFLSHFF,0.7105653223272959,anti-toxic
GSSIFGDCG,0.7088782929962678,anti-toxic
GYLFGCHFR,0.7084804825260617,anti-toxic
GFSLRYGVG,0.7081133837758886,anti-toxic
GYLFCCHFR,0.7078754082636481,anti-toxic
GSIFVVVDV,0.7075701760979364,anti-toxic
GCGCCSVYD,0.707103899219323,anti-toxic
GFFRSIGFG,0.7070603979940747,anti-toxic
GGYLGGCVV,0.7059561251966848,anti-toxic
GFRFHYRFG,0.7059030167304734,anti-toxic
GFSVNIYDR,0.7058637122839193,anti-toxic
GFFNSFFVR,0.7057528764237802,anti-toxic
GFGICFSLR,0.7054938638630971,anti-toxic
GFFRYFHDF,0.7052986333640746,anti-toxic
GFVVDYDRN,0.7051303130408373,anti-toxic
GRCVNGIGV,0.7051303130408373,anti-toxic
GLCFGVGGG,0.704365036222725,anti-toxic
GIFGRIGFG,0.704365036222725,anti-toxic
GCFFIDYFR,0.7037164393604805,anti-toxic
GLRCVDDFV,0.7025741286048441,anti-toxic
GFSVIFCYR,0.7022231617337407,anti-toxic
GIYSIVSCV,0.7021285235808485,anti-toxic
GVIVCDHGG,0.701954857885481,anti-toxic
GLNVICCVD,0.7008541482105702,anti-toxic
GGYGVNFGV,0.7002270080555213,anti-toxic
GFRLSDIFF,0.6994418071873124,anti-toxic
GVNFDFRYG,0.6989700043360189,anti-toxic
GGFRGIGYG,0.6989700043360189,anti-toxic
GCHVFDIFS,0.6977056818072591,anti-toxic
GRIFRFFGN,0.6975667899265807,anti-toxic
GYDDGLFFY,0.6974161762673972,anti-toxic
GVFRFLRGD,0.6972604872598495,anti-toxic
GGVIRFFGR,0.6971937463102158,anti-toxic
GHLCYFGLR,0.6965163566687472,anti-toxic
GFLHFNCVF,0.6958706550042466,anti-toxic
GLRCLVGFR,0.6956087281935546,anti-toxic
GGVIRVSVG,0.695092349272817,anti-toxic
GIFYVDFVD,0.6950278185819568,anti-toxic
GFGVVFSIF,0.6948792882338644,anti-toxic
GFFVIFDSG,0.694184341785202,anti-toxic
GVHGCFNVY,0.6939297796964954,anti-toxic
GFCRVFDVY,0.6938734473166378,anti-toxic
GLSFCLVFR,0.6938048951072052,anti-toxic
GFFFGNRFR,0.6937080423050721,anti-toxic
GLYGDNSFN,0.6927767516903092,anti-toxic
GCFCFCGFR,0.6925795910571465,anti-toxic
GHCLHFGFR,0.6919462208090563,anti-toxic
GFVYLLGFR,0.6915264097740434,anti-toxic
GYFGDVGCG,0.6915141219564269,anti-toxic
GNDLYIGYR,0.6908287013813125,anti-toxic
GILSVFGLR,0.6908139997181061,anti-toxic
GFHHLVGFI,0.6894768508021896,anti-toxic
GYYVSSIVR,0.6888303729851389,anti-toxic
GNHIVCGFS,0.6884729499594596,anti-toxic
GFLYLCGYY,0.6874603577105183,anti-toxic
GGCHVGIVV,0.6866120076784261,anti-toxic
GRVYCVGGS,0.6861485718703314,anti-toxic
GHVCRLGLG,0.6850342263927263,anti-toxic
GLDIRNFFR,0.6842467475153124,anti-toxic
GFICVNFFR,0.6837633924493881,anti-toxic
GSHFFSCFD,0.6835951427690645,anti-toxic
GCFCFFRNR,0.6831036012034635,anti-toxic
GINSVCYGG,0.6829969783596053,anti-toxic
GLDGNVHCC,0.682883184442564,anti-toxic
GIFHLLHFG,0.6827159229415929,anti-toxic
GFVHGVGYL,0.6820388399540497,anti-toxic
GYYVGFNFY,0.6818757071478966,anti-toxic
GCRVCVGHD,0.6817338342643899,anti-toxic
GCCGNVGFG,0.681111033662454,anti-toxic
GFFCYFFDR,0.6810584150273166,anti-toxic
GFRFCCGYI,0.6805496855066864,anti-toxic
GIFRLFSGY,0.6798160617271415,anti-toxic
GLRVLSGYR,0.6789868301083969,anti-toxic
GCFRFSGYV,0.6785631539751402,anti-toxic
GNDYDVGVR,0.6780360975003759,anti-toxic
GFFSFCGIR,0.677877204429216,anti-toxic
GFYVHLDYG,0.6778665257350692,anti-toxic
GINVGCSGG,0.6777807052660807,anti-toxic
GFFVRYGFS,0.6777807052660807,anti-toxic
GLINVGCRF,0.6775190032503863,anti-toxic
GFLRLLVGD,0.6769741716944976,anti-toxic
GFRFLLFHG,0.6766245479276704,anti-toxic
GGCCINFCG,0.6760400436897794,anti-toxic
GYDILIIGC,0.6760004020045798,anti-toxic
GFFFCSHFY,0.6756037860118062,anti-toxic
GVFCRIGVF,0.6754514999433053,anti-toxic
GFGYCVLHL,0.6752652094398185,anti-toxic
GFCIDDGLS,0.6752626545184178,anti-toxic
GRLLRLDCG,0.6752068074815116,anti-toxic
GLLNYSDCG,0.6750809286707687,anti-toxic
GFLFFSGYC,0.6748143135714681,anti-toxic
GCLHVDYFD,0.6747299537614619,anti-toxic
GFLHYFVFR,0.6746106584765741,anti-toxic
GYFHFGCVF,0.6742376493650042,anti-toxic
GFSLRGCVF,0.6742079746443833,anti-toxic
GFRFFGFVD,0.6737714418252836,anti-toxic
GGIDHCVCV,0.6736122799175774,anti-toxic
GCFFYVCCG,0.6736122799175774,anti-toxic
GYLNHCFIV,0.6732855789378506,anti-toxic
GYSNSIVHF,0.6724200747047234,anti-toxic
GCCVRSDGD,0.6709412807357753,anti-toxic
GFSIGDFFR,0.670525907561922,anti-toxic
GSYDYFFCD,0.6702573806188009,anti-toxic
GIHCCGLRD,0.6702558312354336,anti-toxic
GFDISFRFS,0.670113264313545,anti-toxic
GYCFVFDCG,0.6699602269658982,anti-toxic
GFRSLIGVF,0.6695028341043431,anti-toxic
GFVFNCGFR,0.669187098371132,anti-toxic
GFIHCCDSD,0.6690067809585756,anti-toxic
GIVHHCGVG,0.6687942561283481,anti-toxic
GVCVFDIFC,0.6687717095147291,anti-toxic
GGCVLHLDC,0.6683462569044009,anti-toxic
GCYDGSGSG,0.6683011845695669,anti-toxic
GRCDLFLNF,0.6681896697449965,anti-toxic
GSCNDIDYG,0.6680797913176164,anti-toxic
GFFLRGGFI,0.6675615400843947,anti-toxic
GCDVRCGCG,0.667000798260977,anti-toxic
GFFGLNVFY,0.6668985511782438,anti-toxic
GVCDFCNFS,0.6667479928042178,anti-toxic
GVFFDLFFH,0.6661338191128453,anti-toxic
GFFDRFVVF,0.6658935455344327,anti-toxic
GLCCRVFYD,0.6653614033549387,anti-toxic
GVFHLLGRR,0.6652531319914569,anti-toxic
GFIGSFSIF,0.6652155980062898,anti-toxic
GYSGDYGFD,0.6651117370750514,anti-toxic
GHFYSVSYG,0.6651117370750514,anti-toxic
GVGYFSGFD,0.6651117370750514,anti-toxic
GNDYHCDCN,0.664361875912812,anti-toxic
GFLVFDYVC,0.6641324931835011,anti-toxic
GFRYGIGFL,0.6639743436307891,anti-toxic
GRIFRSLFS,0.663854669523863,anti-toxic
GYRFDVYDY,0.6638055872727678,anti-toxic
GRFSVDYVD,0.6637376278826123,anti-toxic
GLNHFFDSS,0.6637168923920546,anti-toxic
GVYCLRDHH,0.6631510363095235,anti-toxic
GRDFCYGIS,0.6631510363095235,anti-toxic
GLCCGFSVG,0.663083267801638,anti-toxic
GRFHYVRDR,0.6630354248402122,anti-toxic
GRVDLVVHI,0.662811319517334,anti-toxic
GVCGILGVY,0.6627578316815741,anti-toxic
GCVYYVGCC,0.6623945573133385,anti-toxic
GDCIGGGYG,0.6617450963250942,anti-toxic
GVYFIDFYD,0.6616791207333512,anti-toxic
GLCNHSGFY,0.6614536430681297,anti-toxic
GGFRSVDDG,0.6614069923906152,anti-toxic
GFFSFSSFR,0.6613739925439444,anti-toxic
GFIRRIVDG,0.6613029074333996,anti-toxic
GCDFVFCRL,0.660776769319915,anti-toxic
GVFRYVGNS,0.6605736134217127,anti-toxic
GSYGFDCCD,0.6604236066911086,anti-toxic
GDINGVGFG,0.660193287202553,anti-toxic
GFGLCYVRV,0.6600519383056491,anti-toxic
GCYFRFGRR,0.6594127998799145,anti-toxic
GFRDVFCVD,0.6592866614875369,anti-toxic
GLNYYCRDD,0.6592028774645311,anti-toxic
GFIYCFRFR,0.659114073766869,anti-toxic
GFFGYLFYS,0.6587685957194312,anti-toxic
GVCDCLFSC,0.6587149609073093,anti-toxic
GGVFCFDVG,0.6585413472804106,anti-toxic
GFYHRYFCR,0.6581277826907456,anti-toxic
GFLSYFVVR,0.6579441736120276,anti-toxic
GCRCFCRFR,0.6578574188211073,anti-toxic
GFFSYFRDY,0.6572959036604769,anti-toxic
GCFVRLGFG,0.6572777024139934,anti-toxic
GFFSVFGHC,0.6571499340536816,anti-toxic
GYDGSIRDD,0.6571339352884367,anti-toxic
GFNYNGVIY,0.6570512204073367,anti-toxic
GLFFRLFYN,0.6570406080353562,anti-toxic
GFFNINFIR,0.6567987809079273,anti-toxic
GVVYIYGGS,0.656127252782561,anti-toxic
GCYNDFRLR,0.6555043105549285,anti-toxic
GICRVIGFR,0.6550824606121892,anti-toxic
GIFFFSGYR,0.6549557955216107,anti-toxic
GSDCIFNYR,0.6549122986532381,anti-toxic
GFCNFIRFR,0.6548058070156862,anti-toxic
GFFFFDCFG,0.6546505762876613,anti-toxic
GCYFRLNFR,0.6544239357097884,anti-toxic
GYCVRFDGL,0.6543332743506395,anti-toxic
GVFYRDLGG,0.6542380029930339,anti-toxic
GDVFFFGCG,0.6540889913319724,anti-toxic
GLCYYVCDS,0.6537935098244063,anti-toxic
GGYSNFSVG,0.6532125137753437,anti-toxic
GFHSVSRFV,0.6532125137753437,anti-toxic
GYFRFLVHS,0.6532125137753437,anti-toxic
GYIRRFHYR,0.6525201350206378,anti-toxic
GVYIFDFLR,0.6524207278096209,anti-toxic
GRFFHCCFS,0.6522705888907526,anti-toxic
GFRYCFGFC,0.6520946380438432,anti-toxic
GFCFGIHGY,0.6518625142987877,anti-toxic
GFFYFCFDY,0.6518047508509532,anti-toxic
GFFCHFGVR,0.6517175226883924,anti-toxic
GFLFRFVFS,0.6515503479917041,anti-toxic
GRLFCDGGS,0.6515453544078806,anti-toxic
GFFHFVRFS,0.6515453544078806,anti-toxic
GFYDDSYVD,0.651278013998144,anti-toxic
GFRLFSGDG,0.6506653247614638,anti-toxic
GLYGNGFYD,0.6506653247614638,anti-toxic
GHDFDGFVD,0.6505724176091353,anti-toxic
GIFDIFDSG,0.650493065428775,anti-toxic
GFCVVIGSS,0.6503646709025175,anti-toxic
GFFRRSFRG,0.6502070036356185,anti-toxic
GSNGCLLFV,0.6499835436451452,anti-toxic
GSFRGNGDG,0.6497519816658373,anti-toxic
GIFNVCLHR,0.6495475596889383,anti-toxic
GRFRHFVDD,0.6491725359736036,anti-toxic
GCIYRVGLG,0.6491037368476137,anti-toxic
GFLHHLGFS,0.6481031079968634,anti-toxic
GLCFGHFYG,0.6480113200895359,anti-toxic
GCHYCFGFY,0.6478174818886375,anti-toxic
GLLHYIYDG,0.647564911668141,anti-toxic
GFYVGHFHF,0.647564911668141,anti-toxic
GNGIFDVDN,0.6473829701146199,anti-toxic
GGIVHVHYG,0.6472875312653393,anti-toxic
GFLNGFRFR,0.6467919926709472,anti-toxic
GLYVLYDDY,0.6466421239807029,anti-toxic
GFGHRVCVV,0.6462636538200158,anti-toxic
GFVCRFFHR,0.6462636538200158,anti-toxic
GCSFVCIGN,0.6458151182966418,anti-toxic
GFRLCIYDG,0.6457884956961367,anti-toxic
GDCVRLDRY,0.6454669291755392,anti-toxic
GFFLNLHCR,0.645358873322134,anti-toxic
GYCLGRVLG,0.6448947181494491,anti-toxic
GGFDFLGFG,0.6442695681346192,anti-toxic
GVGILLVYG,0.644069134335474,anti-toxic
GLRHHHFGV,0.6438960603755445,anti-toxic
GHNLFVGFR,0.6437709575425021,anti-toxic
GGFDDGDNC,0.6434526764861874,anti-toxic
GFSFYDFYD,0.6434526764861874,anti-toxic
GDGFSVGFS,0.6428540623570874,anti-toxic
GLLGYHICY,0.6424886483835706,anti-toxic
GIHVLDYVD,0.6424778287549772,anti-toxic
GCFVIFCIC,0.6424259751051729,anti-toxic
GCINLNGGN,0.642279272828427,anti-toxic
GFFCRSGIF,0.6422171294738805,anti-toxic
GLSRFDDCC,0.6420651529995463,anti-toxic
GLCGICGFR,0.6417946099108086,anti-toxic
GCFSVFVHS,0.6411814263538081,anti-toxic
GRFVFGHFR,0.6410898304851627,anti-toxic
GHLCFLHFD,0.6409252523875206,anti-toxic
GGYDFCCVF,0.6402176933206771,anti-toxic
GSNGHNDYG,0.6401033451151974,anti-toxic
GLYSSGCCD,0.6399708026001267,anti-toxic
GCICCIDYG,0.6398485522173621,anti-toxic
GIRCVLGFL,0.6398485522173621,anti-toxic
GCLVNLGGG,0.6398485522173621,anti-toxic
GGDIISGVS,0.6395971516419464,anti-toxic
GHRIVDGFG,0.638877193096469,anti-toxic
GCFSSFSYL,0.6388139730337796,anti-toxic
GNYGNIGSG,0.6387827983527022,anti-toxic
GNIVCCGFG,0.6387827983527022,anti-toxic
GYRIFGGFG,0.6383867720358842,anti-toxic
GSICDDVID,0.638235357805691,anti-toxic
GCICYNSFV,0.6379725472186069,anti-toxic
GVYRFLRFH,0.6379268920824909,anti-toxic
GLCLYCGIG,0.6377755435944968,anti-toxic
GSVHCYDCG,0.6377240594521921,anti-toxic
GVYVGLDSG,0.6375175252488255,anti-toxic
GFCDLDGCG,0.6374182465921118,anti-toxic
GYRVRVYDN,0.6373605905041542,anti-toxic
GSICFHGYG,0.637282643210294,anti-toxic
GSICFNGDN,0.6372244083912133,anti-toxic
GLCFDYGVG,0.6371628543578166,anti-toxic
GNGYCVGSG,0.636981911565759,anti-toxic
GYIFHFFGH,0.6368220975871743,anti-toxic
GFFCSDGFD,0.6368220975871743,anti-toxic
GFDFHVRDG,0.6368220975871743,anti-toxic
GFHCYVGDS,0.6363231951981296,anti-toxic
GRYIVDNSD,0.6362997950805613,anti-toxic
GFFRFLYDD,0.636274091859064,anti-toxic
GHRDCRGFR,0.6360163562022452,anti-toxic
GHFYDFVFR,0.6359646550936374,anti-toxic
GFLVRVGFS,0.6359362339819045,anti-toxic
GNRFSFHFF,0.6357253937672471,anti-toxic
GFLFHDGLD,0.6355100286680414,anti-toxic
GCLCSDYHR,0.6351894096420712,anti-toxic
GFFVFCGYG,0.6351142916825475,anti-toxic
GFFGLVGCG,0.6347838361365857,anti-toxic
GCFGFCGSG,0.6344045475087903,anti-toxic
GFYFCCFDD,0.6342446746993636,anti-toxic
GFCDRLVFS,0.6342446746993636,anti-toxic
GVVYIVGGS,0.6341565378179037,anti-toxic
GLCHYIVDV,0.6339817049777938,anti-toxic
GIFFFSSVF,0.633907358579957,anti-toxic
GFVDLSCCV,0.6338518257518136,anti-toxic
GLFFRFVHS,0.6335473536599022,anti-toxic
GFHVLGRCV,0.6334684555795865,anti-toxic
GRSCVCCCD,0.6334684555795865,anti-toxic
GGSFCCVCL,0.6334684555795865,anti-toxic
GCNVRDCGG,0.6333523495818616,anti-toxic
GCFFRFSGY,0.633295032603576,anti-toxic
GGVLSLVFR,0.6332608743686386,anti-toxic
GFCFICGFG,0.6331954002534564,anti-toxic
GFLHGFGIF,0.6330560201431735,anti-toxic
GVFGVIGFR,0.6327055313923422,anti-toxic
GCYRSDVHV,0.6324040077871477,anti-toxic
GGLLSFGFF,0.6321490789236183,anti-toxic
GFLRYLVVN,0.6320770272922911,anti-toxic
GFFYCSVGG,0.6320232147054056,anti-toxic
GFLSFIYDR,0.6320232147054056,anti-toxic
GCDVGCGFN,0.6318983995064136,anti-toxic
GCIVFGSFF,0.6318779414202567,anti-toxic
GLFCCCGFR,0.6317761054629475,anti-toxic
GGIVDGSGG,0.6317083944800188,anti-toxic
GRVDVRGCG,0.6315972269499144,anti-toxic
GGVHCCGYR,0.6315705888365007,anti-toxic
GFFHFVFDG,0.6315021654744545,anti-toxic
GDFIDYDCG,0.631443769013172,anti-toxic
GFLIDIVDD,0.6312182200691758,anti-toxic
GFFCIFSFR,0.6310570419333851,anti-toxic
GYCLFDFLR,0.631023687263279,anti-toxic
GLGLGIVFR,0.6308863175066685,anti-toxic
GFLSVFRFD,0.6308420446607252,anti-toxic
GHCCYLRFR,0.6307923367480617,anti-toxic
GVLRFFCSG,0.6307051727774924,anti-toxic
GSYVLGGYG,0.6302912304282166,anti-toxic
GCFDVCNGR,0.6301955655824301,anti-toxic
GRFRFYGCD,0.6301842797832298,anti-toxic
GCVLHNDYG,0.630088714928206,anti-toxic
GLCCGYDSG,0.630088714928206,anti-toxic
GYCICDFFR,0.630088714928206,anti-toxic
GFLRFYNHR,0.629685977749802,anti-toxic
GRRFCDRYS,0.6292122373715772,anti-toxic
GFSFHVGYG,0.6291182240619984,anti-toxic
GSRVFSGCG,0.6291046036238074,anti-toxic
GFFVHDVCD,0.6290951821221636,anti-toxic
GIRNIFFGH,0.6289270522830104,anti-toxic
GFFHRLHCS,0.6286824714483765,anti-toxic
GFRYCLIYD,0.6285055661412243,anti-toxic
GFHHFDDFD,0.6283889300503115,anti-toxic
GVSFFIDYY,0.6281455596422038,anti-toxic
GFCCYFFDR,0.6281141470725251,anti-toxic
GFFSSVVDS,0.6278208534723838,anti-toxic
GRFFSHGLF,0.6276979283422387,anti-toxic
GVLRDCGFG,0.6275814408522618,anti-toxic
GCVFVDGGG,0.627475586954685,anti-toxic
GFFCIFSLG,0.627410631527759,anti-toxic
GYHGYGCVN,0.6272435373462112,anti-toxic
GFDGLYDGH,0.6272261596585189,anti-toxic
GSVVGLYYG,0.6271223952305295,anti-toxic
GIVFDDSFC,0.6270242958343457,anti-toxic
GGYVRGDGY,0.6269932315317751,anti-toxic
GHDGIFGHS,0.6269932315317751,anti-toxic
GFVDICGFL,0.6269266576860246,anti-toxic
GRLVRCDDS,0.6266356193043787,anti-toxic
GFRYLSDYG,0.6266029324054884,anti-toxic
GCLVYGGFI,0.6265603190039034,anti-toxic
GYFRRFVIF,0.6264950481809948,anti-toxic
GIGYIRSGC,0.6264565821153406,anti-toxic
GINDVVYYD,0.6263403673750424,anti-toxic
GVGYDSFFD,0.6262744274490245,anti-toxic
GCCLSSRFV,0.6261936710446817,anti-toxic
GIIGILGYD,0.626060267731729,anti-toxic
GCVGCHDSG,0.626060267731729,anti-toxic
GCGCYHGVS,0.6259255401110103,anti-toxic
GCFRFVGFG,0.6258498639284258,anti-toxic
GCFVRLGFV,0.6258031365922441,anti-toxic
GFGFIDVCD,0.6257894683577775,anti-toxic
GNFGHFFVN,0.6257742654284041,anti-toxic
GCGLNLGYG,0.6257742654284041,anti-toxic
GLYGCSGFG,0.6257380908015953,anti-toxic
GLRRLIIYG,0.6255410871774852,anti-toxic
GFFVNVVDS,0.6255410871774852,anti-toxic
GFFHCVLYG,0.6255186331546846,anti-toxic
GFLGLNVFR,0.6253610687368131,anti-toxic
GDLGLVYVD,0.6249228742874665,anti-toxic
GRFHDNVYG,0.624845963085696,anti-toxic
GIRGFLDYF,0.624792764192751,anti-toxic
GCFYYYDDD,0.6247575861857937,anti-toxic
GFHCDNCSC,0.6245876411701626,anti-toxic
GHNGFFHDN,0.6245673323258136,anti-toxic
GFFVSCGFC,0.6243363860391146,anti-toxic
GYDVCDGGF,0.6242263312642122,anti-toxic
GRFRDDIFR,0.6242203730874689,anti-toxic
GNFCYHCVD,0.624067556267669,anti-toxic
GIGLFIRDG,0.6240542850341303,anti-toxic
GYYYFSGYS,0.6240289934473716,anti-toxic
GLFVCVGGG,0.6239618327757921,anti-toxic
GCRVRDNYG,0.6239231376733562,anti-toxic
GHIFDDGIG,0.6239231376733562,anti-toxic
GRCCHVGVD,0.6237792410211987,anti-toxic
GFRGRFCFF,0.623757534437068,anti-toxic
GFDVRDDSG,0.6235996691840721,anti-toxic
GFRYFVGGD,0.6235286692958613,anti-toxic
GFFNFLFSD,0.6234581360291929,anti-toxic
GYYHLDDVY,0.6234035964865386,anti-toxic
GIGDILDDN,0.6233980468583044,anti-toxic
GFFRYIHYH,0.6229234880706154,anti-toxic
GFSFDLRDS,0.6228986287059362,anti-toxic
GVCVRYGYG,0.6228905175712982,anti-toxic
GRRFVYRFG,0.622782557970493,anti-toxic
GFLRRFCCD,0.6227231916274433,anti-toxic
GGCVGLHDG,0.6225230452756463,anti-toxic
GSSGGIIGD,0.6224826626932652,anti-toxic
GIRRHFFNR,0.6224129021145428,anti-toxic
GFLFRVGVC,0.6223642705475901,anti-toxic
GFYDHILRF,0.6222009024852774,anti-toxic
GCFFSYDCG,0.622098840766468,anti-toxic
GFSNLDVLD,0.6218449416175216,anti-toxic
GFFLCSHFY,0.6214802676590537,anti-toxic
GRCGCIGCG,0.6213651465233491,anti-toxic
GFLIYVVDR,0.6212752211721834,anti-toxic
GGCCCDGFF,0.6210278304039425,anti-toxic
GSFDGLGFR,0.6208094273408014,anti-toxic
GLYIGVDFR,0.6208094273408014,anti-toxic
GFFFDFFFD,0.6207021013840205,anti-toxic
GFYHCFDVD,0.6206103134766932,anti-toxic
GIIDVRGGS,0.6205433970219755,anti-toxic
GSGYLCGYI,0.6201164040843217,anti-toxic
GFCCDDHGN,0.6201073896173627,anti-toxic
GCHCVCYVD,0.6199277102914681,anti-toxic
GCDFCLNDS,0.6198769309578478,anti-toxic
GFFDILGFI,0.6197273695707989,anti-toxic
GRYGFSGVG,0.6197166702341321,anti-toxic
GFIYNDGFN,0.6196736981520995,anti-toxic
GFIDGFCIY,0.6196073866082038,anti-toxic
GSIYRGFVD,0.6195369203677951,anti-toxic
GYHRYCGVS,0.6195172393787038,anti-toxic
GLYRRFFDG,0.6193982056704341,anti-toxic
GFYHCCGFR,0.6192775228180539,anti-toxic
GLCGFCGGG,0.6192775228180539,anti-toxic
GIFNRFRLD,0.6189984132442421,anti-toxic
GVCSRSGVS,0.6188401714928454,anti-toxic
GYGSCIHFR,0.6188401714928454,anti-toxic
GFFIRVGRR,0.6187016626471799,anti-toxic
GRGFRYDGS,0.6185710281201299,anti-toxic
GCVFSSGVG,0.6185333118748646,anti-toxic
GFISFFDVD,0.6182755355661534,anti-toxic
GCFHRLRFR,0.6182691304679385,anti-toxic
GSNCFDDVF,0.6181468112214172,anti-toxic
GCCCVDGFG,0.6179613621349839,anti-toxic
GLCCFGSVG,0.6179183468285693,anti-toxic
GFYVFCLDD,0.6179066557462103,anti-toxic
GFSVVYDDD,0.6177352196513254,anti-toxic
GRFCGFGCG,0.6176870871469132,anti-toxic
GCFFHFCFS,0.6173596178177422,anti-toxic
GFLGRLCGH,0.6172252598312122,anti-toxic
GVNYLYGYG,0.6171237377638383,anti-toxic
GGDGHNGVG,0.6170523555507956,anti-toxic
GYNRDVGCG,0.6170259262328038,anti-toxic
GLFYLVGLR,0.6169515467293075,anti-toxic
GFDSIYNYG,0.6168837676449869,anti-toxic
GVRRGSGYD,0.6167832481486688,anti-toxic
GFVFSLGGG,0.616632872890652,anti-toxic
GHGVYYGGS,0.6165597881581955,anti-toxic
GRGHGRFRG,0.6164897067506038,anti-toxic
GFSVVSCVD,0.6164671781819616,anti-toxic
GYCRGFHDG,0.616349756864558,anti-toxic
GLNICCCVG,0.6161974071988436,anti-toxic
GCFHSYGCD,0.6161160557924236,anti-toxic
GRFFRVDYD,0.6161160557924236,anti-toxic
GIYYCNDDG,0.6159644563557142,anti-toxic
GVHRNHGFR,0.6158482758135957,anti-toxic
GCCLRFCVS,0.6158482758135957,anti-toxic
GGYCVFDCY,0.6158225710707926,anti-toxic
GFVVSSCVG,0.61578601583472,anti-toxic
GYFVFDGFD,0.61578601583472,anti-toxic
GRFCYLGLR,0.6156819240737508,anti-toxic
GCFCFDDCV,0.6154239528859439,anti-toxic
GRSGIGGFG,0.6154239528859439,anti-toxic
GCGDCGGVD,0.6153278806630318,anti-toxic
GGIFRFCVG,0.6152614479329147,anti-toxic
GYYHFSGVD,0.6151755717056516,anti-toxic
GFVFRCGNV,0.61515528941811,anti-toxic
GIHVVYSSG,0.6150681196158096,anti-toxic
GFCLFSFFD,0.615038329549474,anti-toxic
GFSLVYGCG,0.61502496849233,anti-toxic
GLFFSVGDG,0.6149992149724777,anti-toxic
GLRLYCGLF,0.6148584126007764,anti-toxic
GCFHIYYCV,0.6145831114192127,anti-toxic
GLDGFDGVG,0.6144104297143916,anti-toxic
GILVHDVVG,0.614225898382997,anti-toxic
GFGYVNSFD,0.6139592146276701,anti-toxic
GIGGYSRFY,0.6137757745058707,anti-toxic
GYRFHCGFV,0.613743394674959,anti-toxic
GYFHFCGLD,0.6137039724916701,anti-toxic
GYCCRGFVG,0.6136565914658862,anti-toxic
GFCCFCGFG,0.6135398090113924,anti-toxic
GYFGLSSRY,0.6134179701883452,anti-toxic
GRNILDHFR,0.6133802103759576,anti-toxic
GFSNVCYYV,0.6133410017376515,anti-toxic
GYGVSFCVD,0.6133242810615024,anti-toxic
GRFDVGGFS,0.6132879710907935,anti-toxic
GSFLSDGVG,0.613183391689867,anti-toxic
GDLVDGFFD,0.6131242620570271,anti-toxic
GNSCFNGYG,0.6130553756294256,anti-toxic
GRYVCFVCL,0.6130340023435676,anti-toxic
GGRSYDDCG,0.6130340023435676,anti-toxic
GFFHISYFR,0.6128600554183964,anti-toxic
GGGIFGHFR,0.6128549418302802,anti-toxic
GYDNCLIYL,0.6128281747443571,anti-toxic
GHYLGCGVS,0.6127838567197355,anti-toxic
GFDNFDGFG,0.6127838567197355,anti-toxic
GYHIVSHHR,0.6127838567197355,anti-toxic
GFVDIIVDS,0.6127838567197355,anti-toxic
GGNINVGFS,0.6125422656320636,anti-toxic
GSYGHGGGP,0.6125254250061274,anti-toxic
GFRNCYDDD,0.6125254250061274,anti-toxic
GVGYDYGVD,0.6124420271216842,anti-toxic
GIYRYIGYG,0.6123762598039385,anti-toxic
GCCCGSGFS,0.6123573218563981,anti-toxic
GVIHRFFNH,0.6123162868035114,anti-toxic
GGYFVCRNG,0.6122287801632397,anti-toxic
GLSSFNVYD,0.6122037777917809,anti-toxic
GVYFCLFGR,0.612169361418202,anti-toxic
GHDGLCGGG,0.6120442122345633,anti-toxic
GCHSGRFDD,0.6120187724968702,anti-toxic
GCLVLCGFR,0.6119985138621422,anti-toxic
GFCFFNCFH,0.6119682799882113,anti-toxic
GFVGLLFYD,0.6119567005003514,anti-toxic
GFDYHLIFD,0.6118198286171186,anti-toxic
GLRCYFGSS,0.6118198286171186,anti-toxic
GCVYCDDGG,0.6117328740704465,anti-toxic
GHRFIRFYL,0.6116960803667006,anti-toxic
GCFYLSGYI,0.6116757601195615,anti-toxic
GFCYDFCYG,0.6115358832118399,anti-toxic
GNFIDLDGG,0.6114577656683425,anti-toxic
GCDILRYFC,0.6113335354569238,anti-toxic
GSGFHYDGG,0.6112917192194058,anti-toxic
GFLGCDGGG,0.6112420348659572,anti-toxic
GRIHSDFGR,0.6111396491798808,anti-toxic
GFNICYFLR,0.6111299246088059,anti-toxic
GCCFFGGFR,0.6110148339808888,anti-toxic
GSIFFNGFG,0.6110148339808888,anti-toxic
GCLSRSGFG,0.6110148339808888,anti-toxic
GFYHVDYFR,0.6108339156354675,anti-toxic
GLCNRFRGG,0.6108086652222564,anti-toxic
GFCSVFHLY,0.6107585979230084,anti-toxic
GFFFYGSCG,0.6105925738777128,anti-toxic
GCRYGSGYV,0.6104805806450893,anti-toxic
GIGGNNHFR,0.6104389229007331,anti-toxic
GNVCDLVVD,0.6102083444605394,anti-toxic
GYDYYDRFG,0.6101839558961856,anti-toxic
GCCFGSGLG,0.6101027115833764,anti-toxic
GRGFLGVVS,0.6100878443399297,anti-toxic
GFDCYCGYG,0.61006154896078,anti-toxic
GNVSVFRGG,0.6100289209992378,anti-toxic
GFGFRLVYY,0.6099708563582122,anti-toxic
GHRFRFDRN,0.6098572291678246,anti-toxic
GCDLDDGFF,0.6098253613602154,anti-toxic
GLYVRGCCD,0.6097771743176558,anti-toxic
GSLYFNDVD,0.6097468199942534,anti-toxic
GVCFSVGGY,0.6097468199942534,anti-toxic
GCHVDVDIC,0.6097468199942534,anti-toxic
GVYDVVGFC,0.6096698515435596,anti-toxic
GSCYFDGFS,0.609512319728349,anti-toxic
GGFLRIGIG,0.6094479249501751,anti-toxic
GGNYGFDDG,0.6094003544937058,anti-toxic
GFNIRGGDG,0.6093456241394837,anti-toxic
GLVIFCGSG,0.6092752732791943,anti-toxic
GLDCGYLGS,0.6092385759550858,anti-toxic
GIYDFDFFD,0.6091114219556697,anti-toxic
GIRLGLVDD,0.608828354010461,anti-toxic
GCCSIYDVD,0.6087472925521268,anti-toxic
GGFDLFSGC,0.608640336639284,anti-toxic
GSSHLSGFG,0.6085691062401949,anti-toxic
GICYFDFSV,0.608526033577194,anti-toxic
GYRLFGSFG,0.608255452769204,anti-toxic
GFCVDVYYD,0.6082203000327808,anti-toxic
GYHCLLDFV,0.6081954341839919,anti-toxic
GCLFLFNVF,0.6081059518273011,anti-toxic
GFINFLRYS,0.6080661352065273,anti-toxic
GVCHRGLIY,0.6080503550171498,anti-toxic
GGYVLILYG,0.6079119785680253,anti-toxic
GHYFRYIYG,0.6078378301869223,anti-toxic
GLDIVLLYG,0.6078123202170538,anti-toxic
GVCGDDDFY,0.6077831641308488,anti-toxic
GRYSVVVDN,0.6075924799279234,anti-toxic
GIFLRGGYS,0.6075768620377157,anti-toxic
GFINVCGFD,0.6073888248330294,anti-toxic
GYGGGDVFF,0.6073242313203197,anti-toxic
GFLVRGSDG,0.6072405038317427,anti-toxic
GHCVGVVGY,0.6071996309803734,anti-toxic
GYNGRSGFI,0.6071395168572373,anti-toxic
GSCRSFGGG,0.6068944881735793,anti-toxic
GNVLRVHDY,0.6068740728827419,anti-toxic
GNFNSFNVD,0.606806426352424,anti-toxic
GLVSDYDRY,0.6067551125363423,anti-toxic
GFDICCGFY,0.6066557430171116,anti-toxic
GILVFSGFR,0.6065178498640549,anti-toxic
GNICDNGVG,0.6065143327542124,anti-toxic
GSCCNDCYG,0.6064819369820446,anti-toxic
GCCLVDGYI,0.6064691102330174,anti-toxic
GSCYCYRVD,0.6064691102330174,anti-toxic
GYSNRSGFS,0.6064394685934534,anti-toxic
GCSYCDRFG,0.6063970580583349,anti-toxic
GDGGGRGFG,0.6063813651106049,anti-toxic
GLCSFVVCG,0.6063813651106049,anti-toxic
GFYNYVRFF,0.6063569329156165,anti-toxic
GFYVRRLFG,0.606288792820461,anti-toxic
GCIGHVGCG,0.6061379037484018,anti-toxic
GVNFIDCFG,0.6060627337816363,anti-toxic
GNSFVFGGS,0.6059600321277173,anti-toxic
GIFRFDCCY,0.6059204121412005,anti-toxic
GFFFCFHGY,0.6059204121412005,anti-toxic
GYRLCFRYR,0.6059009024948774,anti-toxic
GFVDYSSCC,0.6058863991810153,anti-toxic
GCIFCYDDG,0.6058863991810153,anti-toxic
GIGRICGYG,0.6058662775843335,anti-toxic
GCHCFDNFG,0.605831023547306,anti-toxic
GNCGLCGFV,0.6057044419334063,anti-toxic
GFFVGFLSG,0.6056942759830565,anti-toxic
GFIYFVYDD,0.6056052720926121,anti-toxic
GLCDVSGVD,0.6054931671663564,anti-toxic
GFHRFLCYG,0.6054502855310221,anti-toxic
GCYGGYVYG,0.605439731979343,anti-toxic
GGLFLFHDS,0.605439731979343,anti-toxic
GGNNFDSGD,0.6053377010891983,anti-toxic
GYGHIFSFR,0.6052633126676018,anti-toxic
GLDDIRGYG,0.605180683667515,anti-toxic
GYFSRHRFS,0.6050043719747437,anti-toxic
GVLLRVGVG,0.6049733337080243,anti-toxic
GICHVCGFS,0.6049228525973286,anti-toxic
GCDDFYDDG,0.6048469173530455,anti-toxic
GSYGSYVVD,0.6047885520220324,anti-toxic
GFFCRGRGL,0.6047658847038874,anti-toxic
GFSDLDCFD,0.6047216614482203,anti-toxic
GCDGNDGFS,0.6047216614482203,anti-toxic
GCFHNLFYG,0.6045776475492088,anti-toxic
GYGHRCYLD,0.6044660610938408,anti-toxic
GYCHRYFVN,0.6043909260773753,anti-toxic
GFVFRYFDR,0.604388653646545,anti-toxic
GSICCVGDS,0.6043639462375267,anti-toxic
GVIDDSGFL,0.6042928727602543,anti-toxic
GVFFFHDFC,0.6042701461330793,anti-toxic
GCICIFHSG,0.60422605308447,anti-toxic
GYGVRLHFF,0.6041699281836549,anti-toxic
GFFIDNYDD,0.6041280641973354,anti-toxic
GCRHNLDGD,0.6040706175205962,anti-toxic
GVCFGNDCG,0.6039944911051621,anti-toxic
GYIRRIDYG,0.6039496004666495,anti-toxic
GCYNRVYSS,0.6038362493537655,anti-toxic
GHLLCSIFR,0.6038133020738952,anti-toxic
GHRYRDVCV,0.6037937041369629,anti-toxic
GIHCCGVCS,0.6036306783271932,anti-toxic
GNNGFVGDS,0.603624212917768,anti-toxic
GSSCCYDSG,0.6034497348559681,anti-toxic
GVRLFGCVF,0.60343217092731,anti-toxic
GFCRGVGRF,0.6034038639275735,anti-toxic
GIFRGVLYG,0.6033983421002246,anti-toxic
GSSGYRGYG,0.6033713999195092,anti-toxic
GSCCHHVDC,0.6029638303262069,anti-toxic
GRLHVRGSG,0.602941807837832,anti-toxic
GFGCFFSLG,0.6028927710307,anti-toxic
GRDGYVGNG,0.6028755680594865,anti-toxic
GLYDYFDCS,0.602869487334748,anti-toxic
GCCVFRGFS,0.6028081301553558,anti-toxic
GRHHSHGFG,0.6027880627170951,anti-toxic
GRSLYGFLR,0.6027255768711162,anti-toxic
GGSDIDHFY,0.6027096466202398,anti-toxic
GGCFGDGFG,0.6026817444504827,anti-toxic
GYFFCDGFS,0.602649664849515,anti-toxic
GIYHNILYY,0.6026192888706882,anti-toxic
GIGRRLLFC,0.6025487865195751,anti-toxic
GYFISFSVY,0.6025359305338451,anti-toxic
GFRHFLVGD,0.6020599913279624,anti-toxic
GFFHYVFYG,0.6020599913279624,anti-toxic
GFGVVFDDY,0.6020599913279624,anti-toxic
GGHISCDFD,0.6020599913279624,anti-toxic
GDVGGSGLS,0.6020599913279624,anti-toxic
GYIYGVGDG,0.6020599913279624,anti-toxic
GINCHYGFR,0.6020599913279624,anti-toxic
GCNDIGFYD,0.6020599913279624,anti-toxic
GFLFCGRFR,0.6020599913279624,anti-toxic
GCVGGSYYD,0.6020599913279624,anti-toxic
GFDDCCGYG,0.6020599913279624,anti-toxic
GVICNYFVD,0.6020599913279624,anti-toxic
GICFSLVFR,0.6020599913279624,anti-toxic
GGCLYFGFR,0.6020599913279624,anti-toxic
GHYGFCFRR,0.6020599913279624,anti-toxic
GNNVRLHGN,0.6020599913279624,anti-toxic
GFCIIFDYG,0.6020599913279624,anti-toxic
GYLYLNVYD,0.6020599913279624,anti-toxic
GLSYYSVVD,0.6020599913279624,anti-toxic
GHVGRDRFS,0.6020599913279624,anti-toxic
GCSHCVGYG,0.6016147893598074,anti-toxic
GFDFFNYLL,0.6015907373850606,anti-toxic
GRLRRFCCG,0.6015684298924578,anti-toxic
GVHDCCGFR,0.6015313309073528,anti-toxic
GIFHRGFCD,0.6013451031304851,anti-toxic
GFLHCFHHR,0.6011542673669384,anti-toxic
GLHFIHGYD,0.6009619010289103,anti-toxic
GLFVSYHFR,0.6008244443156555,anti-toxic
GLSFCDGSG,0.6007956687992028,anti-toxic
GSFSIFGFS,0.6007706450610926,anti-toxic
GLLYYLGYV,0.6007655209749636,anti-toxic
GCGCGDLGY,0.6005836347269372,anti-toxic
GDLHSNGFF,0.6005494003027239,anti-toxic
GRHVVSGDN,0.6005494003027239,anti-toxic
GVYDFGYVD,0.6005494003027239,anti-toxic
GLHFLSRFY,0.6004485071713831,anti-toxic
GNRFFNRHS,0.6002764385875452,anti-toxic
GILHNNGVN,0.6001676376502575,anti-toxic
GCVYVLDCR,0.6001621245848766,anti-toxic
GCYYDSGYR,0.6001584313271753,anti-toxic
GLRCGSVVG,0.6001510015206313,anti-toxic
GFFYFNRFC,0.6001453909519852,anti-toxic
GFVGCIHLG,0.6000874164822723,anti-toxic
GRLHVYCDD,0.6000678113121779,anti-toxic
GFYFRFYDG,0.6000065856969036,anti-toxic
GFFNFDRFD,0.5998385313340043,anti-toxic
GLNVYCVVH,0.5997921298721403,anti-toxic
GYFDGVCHI,0.5997271594954909,anti-toxic
GLNFFSGIS,0.5996932580488554,anti-toxic
GRNYVDNYV,0.5996671782120722,anti-toxic
GCYFSGLFG,0.5996405172045495,anti-toxic
GDSNGVLYD,0.5994901939962188,anti-toxic
GSLVCNRFR,0.5994037476842223,anti-toxic
GFGGVDCFD,0.5992908354089579,anti-toxic
GIYNDVDYY,0.5991933506763593,anti-toxic
GFVCGIGFR,0.5991354383106458,anti-toxic
GFCNFFGYR,0.5991156106811811,anti-toxic
GRCYYSGDD,0.5990751377785002,anti-toxic
GFFFGSGVF,0.599012298245957,anti-toxic
GIICCCFDD,0.5989467559038194,anti-toxic
GSVLIVGGG,0.5989242774751038,anti-toxic
GFLHFCDFY,0.5988937963912969,anti-toxic
GIDCVCGRC,0.5987182593830912,anti-toxic
GDINCFGLR,0.5987137322047495,anti-toxic
GDGGRGCSC,0.5985434176051253,anti-toxic
GIFGVCGFD,0.5985050371109194,anti-toxic
GCLVVVGGS,0.5984257066728683,anti-toxic
GRGCGFDDG,0.5982998424546556,anti-toxic
GIYYHLCYG,0.5982752660081645,anti-toxic
GLVHDGFYD,0.5980938041103611,anti-toxic
GFRSGVGFG,0.5979347356808165,anti-toxic
GCGCFNDGG,0.5979040315568047,anti-toxic
GFYLFFDCG,0.5978405807986156,anti-toxic
GVFSIFSGY,0.5977811933486874,anti-toxic
GFHGIVGGG,0.5976951859255123,anti-toxic
GDYGFNRRI,0.5976056499017124,anti-toxic
GVRFRFNVD,0.597559490101286,anti-toxic
GGNLSHCFC,0.5974150862821989,anti-toxic
GFLFNFGFC,0.5973733147462373,anti-toxic
GFYCYVSDG,0.5973135563035007,anti-toxic
GYDCFDDDN,0.5972131890957632,anti-toxic
GGCCGYGSG,0.5972074885335503,anti-toxic
GHFVYCDDG,0.597187692085288,anti-toxic
GICCHCGFG,0.5971154087109,anti-toxic
GCCCVLHLD,0.597019766688439,anti-toxic
GCCFFDRFS,0.5969804657986874,anti-toxic
GVYCSGFCD,0.596960584616606,anti-toxic
GCIRGFHFR,0.5969203516755514,anti-toxic
GSYRCFDCG,0.5968587976421547,anti-toxic
GRFRRFCGY,0.596840939037308,anti-toxic
GLRFRIGYD,0.5967957513356051,anti-toxic
GICFIDSGG,0.5967809845208888,anti-toxic
GFIRRCLVR,0.5967446517246785,anti-toxic
GHVDHYDSD,0.5965970956264602,anti-toxic
GICFVDHFF,0.5965970956264602,anti-toxic
GHLHSCGCG,0.5965039093838748,anti-toxic
GSYGRRFHG,0.5964848893264165,anti-toxic
GVCCNGGYG,0.5964561138099639,anti-toxic
GFVSCVGSG,0.5963508736703781,anti-toxic
GIYCNGFVD,0.5963398056994929,anti-toxic
GCFFVDVCD,0.5963076624388711,anti-toxic
GFRSFFGLH,0.5962263262682235,anti-toxic
GCFVCYDHF,0.5962217400957471,anti-toxic
GCFDVNDFL,0.5962042466789103,anti-toxic
GDSNYIGIS,0.5960970443542857,anti-toxic
GFFVSNYVD,0.5960926745570626,anti-toxic
GHFCGSGGS,0.595899682623144,anti-toxic
GFSLRLGHS,0.5957505174209552,anti-toxic
GFICLDVGD,0.5957198132969435,anti-toxic
GFCGLLDFY,0.5955709455838285,anti-toxic
GFCVFDDYD,0.5955348962529475,anti-toxic
GCCFYDDFG,0.5954962218255742,anti-toxic
GVGIGLCCV,0.5954003616592202,anti-toxic
GFYYLLDDY,0.5953612289792601,anti-toxic
GFCVFIFDS,0.5952205667976569,anti-toxic
GNCGCDGYD,0.5951917224791192,anti-toxic
GLSHIFDFC,0.5950738704672963,anti-toxic
GYRDCFGFG,0.594733387696759,anti-toxic
GYGCCYDDD,0.5946780377053629,anti-toxic
GFFNCFSLY,0.5946359732487555,anti-toxic
GIRRRFGFG,0.5945857776638307,anti-toxic
GLRFVFGYR,0.5944612816600265,anti-toxic
GVCGFGGFG,0.5943204742849943,anti-toxic
GCCRDVGVD,0.5942346538160058,anti-toxic
GDIDCDCDC,0.5941202001371504,anti-toxic
GFLVFRGFG,0.5941202001371504,anti-toxic
GVSYFNDFR,0.5941072760523992,anti-toxic
GSIVHSCVD,0.594091061656687,anti-toxic
GCYVHRDVC,0.5940420193121142,anti-toxic
GRFVGLGGG,0.5940115382283072,anti-toxic
GSYILFGGG,0.5939421011057829,anti-toxic
GIYVCYDGY,0.5938809457889315,anti-toxic
GLDCFIYYD,0.5938555890438362,anti-toxic
GFFIRFGSG,0.5937558285393831,anti-toxic
GHGNRSHFR,0.5936918233395115,anti-toxic
GVYVVNYYD,0.5936733545118709,anti-toxic
GFSFSCGYR,0.5936268237910995,anti-toxic
GSCVDNVFG,0.5936268237910995,anti-toxic
GFYHCLFGN,0.5935021876926969,anti-toxic
GIVYSVCYD,0.5934787015243489,anti-toxic
GRDRFGCCF,0.5934598195660448,anti-toxic
GLCFFDLRV,0.5934026717954639,anti-toxic
GFRFLIGSS,0.5933641494517901,anti-toxic
GCYYLLGVD,0.593356403806084,anti-toxic
GFFDVFHHF,0.5933447594297503,anti-toxic
GNCDVNGFG,0.5932860670204573,anti-toxic
GYDIDVHFF,0.5932415262807738,anti-toxic
GRVLDLDYR,0.5932145841000583,anti-toxic
GSFSRIHDS,0.5931784040487279,anti-toxic
GNFYHYFDS,0.5931051486750359,anti-toxic
GFDLDCGFR,0.5930928217947744,anti-toxic
GFFGRFCCS,0.5930545050411492,anti-toxic
GSCFFDVVD,0.5930431730085871,anti-toxic
GHHFFDFVD,0.5929333209846033,anti-toxic
GVCNFFGGS,0.5927485737811778,anti-toxic
GSYCDIGCS,0.592719965073819,anti-toxic
GGHRSDSFY,0.5926525228061311,anti-toxic
GIRRFLVFH,0.5926389173023973,anti-toxic
GCCFRLRFG,0.5925610699264396,anti-toxic
GCFFVVGGS,0.5925367070830798,anti-toxic
GDGDYVICC,0.5924300073756693,anti-toxic
GFRGNVGYR,0.5922872345676713,anti-toxic
GFVDGVGVS,0.5922855093866524,anti-toxic
GCVIIDDFD,0.5921667507258532,anti-toxic
GYDICVGFR,0.5921585483653656,anti-toxic
GRLDDNVFC,0.5920097531708121,anti-toxic
GSSLDGVFD,0.591942857036421,anti-toxic
GDIHLFSCG,0.5919203599770825,anti-toxic
GFCCILDYN,0.5918408261462763,anti-toxic
GLYYRNCCF,0.5916944758561287,anti-toxic
GSHLCCGFV,0.5916944758561287,anti-toxic
GYRVRFSLG,0.5916804619975617,anti-toxic
GCVYFYRSG,0.5916661230255716,anti-toxic
GCCYFDGYG,0.5916164425288317,anti-toxic
GIGFFDYSD,0.5915945576497974,anti-toxic
GHGICDVLD,0.5915945576497974,anti-toxic
GIYGCFVCD,0.5915608221091813,anti-toxic
GIVCGVGCD,0.5915219998880543,anti-toxic
GHDGRDHFD,0.5915098089946542,anti-toxic
GNFVHSGFR,0.5913888283792978,anti-toxic
GCGSRICDG,0.5913738234738114,anti-toxic
GFFCFFGFS,0.5913581484245641,anti-toxic
GRVCICGFR,0.5912514979631013,anti-toxic
GFHNVRDGF,0.5912471220457449,anti-toxic
GHFRFDDCR,0.5912214203453733,anti-toxic
GIGCFSGFG,0.5912064406273364,anti-toxic
GCDIGVGSG,0.5911337677053464,anti-toxic
GFCHYVGGG,0.5910646070264992,anti-toxic
GCHDIYGYG,0.5910646070264992,anti-toxic
GYNCFDVSD,0.5909844862842919,anti-toxic
GFVVRGGGS,0.5909481897943577,anti-toxic
GSFVIYGFR,0.5909394681459609,anti-toxic
GRFDGLGYV,0.5909236252100029,anti-toxic
GFSVCFSCG,0.5908905759755215,anti-toxic
GRFRCFRYN,0.5906485496912425,anti-toxic
GGCVLVDRY,0.5905657046374545,anti-toxic
GLSRDDHVD,0.5905657046374545,anti-toxic
GNNYSDCFY,0.590409068061426,anti-toxic
GFCDYLDCG,0.5903891877894258,anti-toxic
GSCGDVGDN,0.590353231794712,anti-toxic
GYIDSNLFY,0.5902071645329623,anti-toxic
GFHSFFFDR,0.5902071645329623,anti-toxic
GDRSVVGGS,0.5902071645329623,anti-toxic
GIIGCVGFR,0.5901824648524744,anti-toxic
GIYIVVDSS,0.5900951992983191,anti-toxic
GYYCFNGVD,0.5900951992983191,anti-toxic
GNDCYVSDG,0.590051083854947,anti-toxic
GIYGSVDSS,0.5898908374419968,anti-toxic
GGYCGNCDD,0.5898255349109508,anti-toxic
GSFVFVFDD,0.5898255349109508,anti-toxic
GNGYFVGDG,0.5898255349109508,anti-toxic
GICRSYGHG,0.5898255349109508,anti-toxic
GHCFIYGSS,0.5898255349109508,anti-toxic
GIGLVCVND,0.5898255349109508,anti-toxic
GCGSVDDFV,0.5898255349109508,anti-toxic
GLFLRNFVG,0.5897026619487779,anti-toxic
GHYFVHCVD,0.5896561037249909,anti-toxic
GCFFYLVDG,0.5895614458289893,anti-toxic
GFFNFFVDH,0.5894375987691192,anti-toxic
GCSSLVCVR,0.5894250789287705,anti-toxic
GHDGLDVYD,0.5894061292946731,anti-toxic
GVHSRGVLI,0.5893974476590362,anti-toxic
GCIFLSGFD,0.5893740853049111,anti-toxic
GCYCVDVHV,0.5893480258118247,anti-toxic
GCVSRFGFG,0.5893027608702126,anti-toxic
GYLFYVDDV,0.5892857032915335,anti-toxic
GGYVYLNSG,0.5892712342844557,anti-toxic
GLYHCFSFR,0.589135630902638,anti-toxic
GSVLNHGFG,0.5890950141635948,anti-toxic
GVGYGVYCL,0.5890950141635948,anti-toxic
GCCLCDGFG,0.5890431983212732,anti-toxic
GFNCFLVDS,0.5889160173389458,anti-toxic
GVCLFSGFV,0.5888985452699915,anti-toxic
GICYVGGFD,0.5888317255942073,anti-toxic
GVLVGNHFF,0.5888317255942073,anti-toxic
GLRFVSVFD,0.5888317255942073,anti-toxic
GDHIDDNFR,0.5888317255942073,anti-toxic
GGRYRDFCG,0.5888317255942073,anti-toxic
GCFHFDDCN,0.5888317255942073,anti-toxic
GIVRRFCCD,0.5887902674793456,anti-toxic
GHVCRSGCG,0.5887545245484253,anti-toxic
GSYDFCVVI,0.588613267600716,anti-toxic
GHCGGSGFI,0.5883849764318179,anti-toxic
GRIVCINDS,0.5883802940367698,anti-toxic
GRLVRHGVD,0.5883587136505743,anti-toxic
GCGCFFFFR,0.5882717068423291,anti-toxic
GYCNFDFDS,0.5882717068423291,anti-toxic
GCFSVFFNR,0.5882184355166685,anti-toxic
GFSDVFVYD,0.5881805291628794,anti-toxic
GVSGGVGFS,0.588135670981576,anti-toxic
GCVNSYGLY,0.5880848733346495,anti-toxic
GHYVDCGYS,0.5880625594836503,anti-toxic
GCGRLGVFD,0.5880600314070799,anti-toxic
GIYVSDDVC,0.5880039268635012,anti-toxic
GIFRVDGGD,0.5879735300493574,anti-toxic
GCICLDHFS,0.5878553836132242,anti-toxic
GFIGSNCYG,0.5877710791420475,anti-toxic
GFNYLNDGG,0.5877525262880855,anti-toxic
GHYDYIGLG,0.5876984495081282,anti-toxic
GHVHYDDNG,0.5876875850570257,anti-toxic
GGDNVNYFD,0.5876731361367044,anti-toxic
GGLGDHDGG,0.5876621706273198,anti-toxic
GIICRYGVS,0.5876621706273198,anti-toxic
GFRCLGNCV,0.5876454015294201,anti-toxic
GFCYILNYG,0.5876401893806037,anti-toxic
GCDYLDVYY,0.5875948590211865,anti-toxic
GGCLFFVDG,0.5875821679593395,anti-toxic
GRIFFDGYC,0.5875553024443823,anti-toxic
GFFHCDVFR,0.587498312415204,anti-toxic
GYNHVYHNS,0.5874779914549653,anti-toxic
GVCFRLVYN,0.5874468357835215,anti-toxic
GGYHCCGYS,0.5874468357835215,anti-toxic
GVRHRCGGD,0.5874131342755775,anti-toxic
GNCCLGCCD,0.5873367345072561,anti-toxic
GYCYFCGLD,0.5872454098340348,anti-toxic
GCNDYDCYG,0.5872024027765521,anti-toxic
GVSVRLVDG,0.5871343133980668,anti-toxic
GRFFRCFDN,0.5871343133980668,anti-toxic
GIDVLFFGN,0.587022994575314,anti-toxic
GVFGVCGFR,0.5869962448920865,anti-toxic
GFRVFYRDG,0.5869295961237274,anti-toxic
GLHCIFDDG,0.5869138282523282,anti-toxic
GVRFGVHCG,0.5868865884133059,anti-toxic
GLFDRYGVD,0.5868200247712255,anti-toxic
GLSFCDVID,0.5867787714364139,anti-toxic
GSSLIDGFC,0.5867303593467502,anti-toxic
GSCYSLDGD,0.5866779638357718,anti-toxic
GGYDLVGID,0.5866396324604686,anti-toxic
GGIVVSGSS,0.5866250163943052,anti-toxic
GRYLFSGSG,0.5866230211471156,anti-toxic
GRCFHNCGL,0.5865478251497148,anti-toxic
GFYFGYGYN,0.5865367347506565,anti-toxic
GYCFDNGYR,0.5865264833731606,anti-toxic
GFDYFCDDN,0.586471892903363,anti-toxic
GFGNFNGFS,0.586471892903363,anti-toxic
GLVFSGCCD,0.5863997449703283,anti-toxic
GFLGYDGCD,0.5863923590725568,anti-toxic
GFFNFVHDY,0.5863923590725568,anti-toxic
GCCGDYDCG,0.586350373688299,anti-toxic
GFDLYYSGG,0.5863155199920479,anti-toxic
GYGRSCGFG,0.5863039290694881,anti-toxic
GSISDCHFR,0.5861605808245454,anti-toxic
GVSCIDRYG,0.5861499894386749,anti-toxic
GNLYGDDDY,0.5861438511309088,anti-toxic
GLVNRCGCV,0.5860540280733181,anti-toxic
GNGYVIDIY,0.5860156265381049,anti-toxic
GNIFIDSFS,0.5859532820579428,anti-toxic
GCYDFCGFD,0.5859422875392744,anti-toxic
GCRIDLCSI,0.585894373560409,anti-toxic
GFFCRCGFH,0.5858914936330751,anti-toxic
GILHGCGYR,0.5858914936330751,anti-toxic
GNGCICFDS,0.5858227924572769,anti-toxic
GCSYIVGFR,0.5857923786135092,anti-toxic
GLDDVDDCG,0.5857627773810468,anti-toxic
GFLYFVGYR,0.5857170260529135,anti-toxic
GDVHFDNDG,0.5857058858694578,anti-toxic
GVNLFVGYC,0.585669575139793,anti-toxic
GFYNDRCID,0.585669575139793,anti-toxic
GCGYHSDDI,0.585580716933467,anti-toxic
GHYFGVGYG,0.5855390583899293,anti-toxic
GFYYLFNVF,0.5855390583899293,anti-toxic
GCSNVRGVS,0.5855134383479249,anti-toxic
GNYVYLRCG,0.5854990964400953,anti-toxic
GHVIVFDGG,0.5854855754412803,anti-toxic
GYSLDDSCS,0.5854803812871372,anti-toxic
GFNDRLFSG,0.5854108134712176,anti-toxic
GGIHCYDSG,0.5854025793468146,anti-toxic
GDYGFIDCG,0.585361767566201,anti-toxic
GLRLYVGFS,0.5853295425321511,anti-toxic
GVYIVCDCR,0.5853185166113385,anti-toxic
GFCVFVGVD,0.5853005684569967,anti-toxic
GNIFVSGFY,0.5852897810780694,anti-toxic
GSVNYCVDS,0.5852464923183123,anti-toxic
GRCVGDDFN,0.5852154346802326,anti-toxic
GFICRGVVN,0.5851288269459933,anti-toxic
GLFVFCGSG,0.585026652029182,anti-toxic
GFFGLDVFR,0.585026652029182,anti-toxic
GFMHSGGVG,0.585026652029182,anti-toxic
GFHNFFSGG,0.585026652029182,anti-toxic
GCDVHSGFV,0.5848768694852233,anti-toxic
GFFDSLFYG,0.5848051422719145,anti-toxic
GLCFGRGGG,0.5847755421743092,anti-toxic
GGCIVNDDN,0.584755133119492,anti-toxic
GHNDFISSF,0.584755133119492,anti-toxic
GFRVVDYVD,0.5847484836346014,anti-toxic
GFFHYSRFR,0.5847194665090417,anti-toxic
GIYGDNGFS,0.5845960567168844,anti-toxic
GCFIVFDCG,0.5845960567168844,anti-toxic
GRCVGSGFD,0.5845356463444297,anti-toxic
GCIFCNDFL,0.5845264567744614,anti-toxic
GICISLDHR,0.5845196793420233,anti-toxic
GYCRNDDSG,0.5845042352893945,anti-toxic
GDNGYCGFG,0.5845042352893945,anti-toxic
GCFDLIVRD,0.584480189563364,anti-toxic
GDYCDIGFG,0.5844176597309175,anti-toxic
GCDCDDDGY,0.584411286029091,anti-toxic
GFDCFRGVS,0.5843967831995526,anti-toxic
GNVDDYGFY,0.5842689643886552,anti-toxic
GFYVDDGFS,0.5842504329094049,anti-toxic
GVDYDDGSG,0.5842074526053564,anti-toxic
GYLHNVVHY,0.5842047053840393,anti-toxic
GRVFLGGVG,0.5841852675582581,anti-toxic
GLYRVHDSG,0.5841852675582581,anti-toxic
GYFVRIGVG,0.5841360796857916,anti-toxic
GVCLRDGFG,0.5840866203160615,anti-toxic
GIFNICFHL,0.5840154886343197,anti-toxic
GFCHCIDSG,0.5840154886343197,anti-toxic
GDYFIFDVF,0.5839617692351662,anti-toxic
GIFGCDFFY,0.5839617692351662,anti-toxic
GDLIGFGGG,0.5839503330596865,anti-toxic
GFCRRLLYG,0.5839020217540131,anti-toxic
GVFRGIFYG,0.5838501569701785,anti-toxic
GFYLLDSYD,0.5838282776038471,anti-toxic
GLLCYSGGS,0.5838230218216338,anti-toxic
GLIYDVRDG,0.583806797397571,anti-toxic
GNVFFVNDG,0.5837840346380863,anti-toxic
GVCVSSGGD,0.5835765856339493,anti-toxic
GCYGRFDCG,0.5835765856339493,anti-toxic
GNLLSNRFY,0.5835765856339493,anti-toxic
GRYVVSGVH,0.5835765856339493,anti-toxic
GFHCGFVRD,0.5835765856339493,anti-toxic
GGYIYGDDG,0.5835765856339493,anti-toxic
GGLVCRGSG,0.5835765856339493,anti-toxic
GFYIDVYYD,0.5835765856339493,anti-toxic
GVCVLVGYG,0.5835765856339493,anti-toxic
GSCFIDGYG,0.5835765856339493,anti-toxic
GNYRDNVFR,0.5835765856339493,anti-toxic
GCCVGSGLG,0.5835298445822006,anti-toxic
GLFDSLGFR,0.5832280626380333,anti-toxic
GLCNIFHLR,0.5832019862177946,anti-toxic
GRNLFYHDG,0.5831746471675886,anti-toxic
GCFHYDYVD,0.5831320671899181,anti-toxic
GHNYGFCDD,0.5831157956894982,anti-toxic
GLYVYVGDD,0.5828497327749075,anti-toxic
GCNDLVGYD,0.5828325483063365,anti-toxic
GCSFGIDYG,0.5828325483063365,anti-toxic
GHDCRFSCF,0.5827548361325757,anti-toxic
GLCYNRDYG,0.5826764931212867,anti-toxic
GYYYCCGFR,0.5826314394896365,anti-toxic
GVCDCYLFR,0.582625228228534,anti-toxic
GLCGYGCVG,0.5826183585275444,anti-toxic
GFFFGSGLD,0.5826021753488011,anti-toxic
GSFLRVLYD,0.5824990528152678,anti-toxic
GVNICLGFR,0.5824644352645817,anti-toxic
GFHNRVGVG,0.5824644352645817,anti-toxic
GFYYHYSVD,0.58235665651185,anti-toxic
GISIHDVFR,0.5823159331322053,anti-toxic
GFYLSVCYD,0.5823159331322053,anti-toxic
GHSHCSGYV,0.5822659308891124,anti-toxic
GVGGRGYGR,0.5822257463429904,anti-toxic
GILGYYLGS,0.5822257463429904,anti-toxic
GFNCYCGFV,0.5821216613857748,anti-toxic
GSGFYCGFS,0.5820842228978749,anti-toxic
GFLDVVGFH,0.5820797208273739,anti-toxic
GFYRGLGDN,0.5820633629117087,anti-toxic
GGICIIDVG,0.5820633629117087,anti-toxic
GFIVNNRFS,0.5820164780491022,anti-toxic
GFVVFVDCV,0.5818566052396754,anti-toxic
GYCDDLHYG,0.5818566052396754,anti-toxic
GFCFVNHFF,0.5818566052396754,anti-toxic
GCCIGLDYR,0.5818257374418087,anti-toxic
GGIRGLFFS,0.5817304851627317,anti-toxic
GLSFCYGFR,0.5817214162948007,anti-toxic
GIGGRLVFN,0.5817109421553304,anti-toxic
GCYCGFGFG,0.5816842319562444,anti-toxic
GHGLNDCFY,0.5815192891202688,anti-toxic
GDCVCNDYG,0.5814471069261092,anti-toxic
GGCVVISSG,0.5814394555755765,anti-toxic
GRGFILDSG,0.5814132213503184,anti-toxic
GLGCDCSRF,0.5813753924681113,anti-toxic
GSIFRCDYG,0.5813688213586357,anti-toxic
GFDHCFRFR,0.5813362170757483,anti-toxic
GCHIFDGYC,0.5813120352850584,anti-toxic
GFSNLGYVI,0.581304769737343,anti-toxic
GRDNCSDSG,0.5812880824697801,anti-toxic
GFRFLIDYD,0.581261069346694,anti-toxic
GDRRSVDYG,0.5812098523548422,anti-toxic
GYVNLCGCG,0.5811737108425755,anti-toxic
GRLLLFDCY,0.5811528919662888,anti-toxic
GFFCFVGFS,0.5811332909651502,anti-toxic
GYVVGIGFS,0.5811260844923194,anti-toxic
GFHVFLDFG,0.5810931222152057,anti-toxic
GRNDCDGYN,0.5810416406884555,anti-toxic
GFICCYGFG,0.5809940538500775,anti-toxic
GLGGVSVDN,0.5809715853893651,anti-toxic
GNFSLDRYD,0.580939404303402,anti-toxic
GSLGIVGYD,0.5809249756756193,anti-toxic
GSCRGCGFR,0.5809039957726224,anti-toxic
GYVSFCGFG,0.5808706922580243,anti-toxic
GLFGILGCG,0.5808349757826636,anti-toxic
GIFCFSGIF,0.5808275196865982,anti-toxic
GGYCSCGFG,0.5807762701504878,anti-toxic
GRFCFLVHR,0.5807424367621166,anti-toxic
GVYGSFDYG,0.5806618466267319,anti-toxic
GCLHFVGSS,0.5806215987714691,anti-toxic
GNRGLCGFN,0.5806089902423299,anti-toxic
GFFVSGGFD,0.5805621348866766,anti-toxic
GIYCFDFDS,0.5805448491901668,anti-toxic
GFFHRFYCD,0.5805203134718527,anti-toxic
GLFSFGGVS,0.5805203134718527,anti-toxic
GFFFFNVFS,0.5804827561161927,anti-toxic
GLDYFDFHD,0.5804180663891195,anti-toxic
GGFVIDRFS,0.5803824465833253,anti-toxic
GYFGYYDGG,0.5803087411571002,anti-toxic
GFIYVIDSG,0.5801998311768787,anti-toxic
GFRYHYDCD,0.5801977363321439,anti-toxic
GCILCGVGV,0.5801915764325373,anti-toxic
GLFDSNNFL,0.58017414923477,anti-toxic
GVLRVFDDG,0.580172304348704,anti-toxic
GFYGYVDYG,0.5801581498801326,anti-toxic
GHIRHLDGH,0.5801387509082968,anti-toxic
GVRGFVDDG,0.580113148534915,anti-toxic
GLYGFDYVD,0.5800216314169063,anti-toxic
GFLNSNLYD,0.5800098505848882,anti-toxic
GCFHSIFDD,0.5799894721750164,anti-toxic
GFFDRFGGG,0.5798405943833994,anti-toxic
GDCIFYFDD,0.5797835966168101,anti-toxic
GFYIYRGGG,0.5797835966168101,anti-toxic
GVYYGFNYG,0.5797835966168101,anti-toxic
GSCGFSGIR,0.5797835966168101,anti-toxic
GFLRLLHYN,0.579738687410224,anti-toxic
GLIFCDVVD,0.5796986157962859,anti-toxic
GLVSCCDCY,0.5796540724637763,anti-toxic
GIGVRDDCN,0.5795992219666611,anti-toxic
GVFGYVRDY,0.5795914734188513,anti-toxic
GRCYVGGFD,0.5795705853404546,anti-toxic
GFRFYLDSR,0.5795526503301112,anti-toxic
GVLDHHGVS,0.5795314174854219,anti-toxic
GFYRVSGVS,0.5793960066920186,anti-toxic
GCGLLSDYG,0.5793683443828349,anti-toxic
GFCDIGGFR,0.5793168641894026,anti-toxic
GLNYGYVDD,0.5792864076879769,anti-toxic
GFVVHYGGD,0.5791653837267915,anti-toxic
GFGYFVSYG,0.5791569089439926,anti-toxic
GRCDYYFDD,0.5791269012065497,anti-toxic
GSYRHYVDD,0.5791107932569938,anti-toxic
GHRFGFDDR,0.5791107932569938,anti-toxic
GFDVFLLYD,0.5791107932569938,anti-toxic
GGYDLGHVD,0.5791107932569938,anti-toxic
GIGHLLFGC,0.5790273152208112,anti-toxic
GRVGSFYCL,0.578994687259269,anti-toxic
GFSDNLDGG,0.5789747467426373,anti-toxic
GSLIGDYVD,0.5789713249051439,anti-toxic
GFYDISHFF,0.5789361924808246,anti-toxic
GFCFSIDGY,0.5789201878196998,anti-toxic
GFNCDHGFS,0.5789083807244255,anti-toxic
GCVNSGGYG,0.5788862936490465,anti-toxic
GCCCRNDCV,0.5788301506094876,anti-toxic
GCCYFSGYR,0.5788301506094876,anti-toxic
GLNFYVGDG,0.5788301506094876,anti-toxic
GFCYGRGYG,0.5788301506094876,anti-toxic
GSCLGVDSG,0.5788162364891211,anti-toxic
GFIGIGNCC,0.5787589139191116,anti-toxic
GCCDYVGFR,0.5787365627453385,anti-toxic
GSCGRVNYG,0.5787191488243713,anti-toxic
GHVNFDGFY,0.5787191488243713,anti-toxic
GCDFCYGVD,0.5786937730037498,anti-toxic
GFYFCVGYD,0.5786842428366039,anti-toxic
GFSLRFCVG,0.5786809854072988,anti-toxic
GRFCYLVDD,0.5785788954784394,anti-toxic
GVGGYCGYD,0.5785788954784394,anti-toxic
GSVVDCDSG,0.5785462895636448,anti-toxic
GCVNVYGFG,0.5784467906920511,anti-toxic
GYHCRFYDD,0.5784303018882181,anti-toxic
GLDGGDDYG,0.5782701187274989,anti-toxic
GYDDCDFYD,0.5782477521288824,anti-toxic
GVFVRYGCG,0.578147833922551,anti-toxic
GILDFSGLS,0.578147833922551,anti-toxic
GYYVFCDYD,0.5781027256965091,anti-toxic
GVDRCYVVN,0.578095303595072,anti-toxic
GFRYYVDGH,0.578028193568653,anti-toxic
GILGNDSYG,0.5780217504605235,anti-toxic
GFNFGDVHS,0.5779752894300536,anti-toxic
GLVYGVGFS,0.5779022102498282,anti-toxic
GCGHGCGYH,0.5778301117034617,anti-toxic
GNLGLSGFG,0.5777914166010256,anti-toxic
GHYIFLGYS,0.5777914166010256,anti-toxic
GYFVFYSSG,0.5777117514660864,anti-toxic
GIFNYVGCG,0.5776938442613874,anti-toxic
GGCYRIHVD,0.5776550047263284,anti-toxic
GCYFGICVD,0.5776353919965441,anti-toxic
GCLGFLGYS,0.5776353919965441,anti-toxic
GCIFSFSYR,0.5776141535447267,anti-toxic
GFYRYLNLY,0.5776036279093547,anti-toxic
GVRGRDDYG,0.577601207693177,anti-toxic
GYCGRLDHG,0.5775478414505559,anti-toxic
GRCGRDGYG,0.5775368534688756,anti-toxic
GFRFFGGHS,0.5774707180925109,anti-toxic
GFGRLNFVD,0.5774707180925109,anti-toxic
GLLGLHGYG,0.5774528514060165,anti-toxic
GCFRLDNCD,0.5774464450795315,anti-toxic
GCFCFVNSS,0.5773592110766463,anti-toxic
GRRNYDDVF,0.5773541185351871,anti-toxic
GNCYLHDRI,0.5773373711002822,anti-toxic
GCGCLGVFD,0.5772364076029303,anti-toxic
GHRNDDDLD,0.5772364076029303,anti-toxic
GFYYDCGCG,0.5772364076029303,anti-toxic
GCVSSSGYN,0.5772364076029303,anti-toxic
GFSIFGGYS,0.5772364076029303,anti-toxic
GFDCHIGCG,0.5772364076029303,anti-toxic
GCDRSFSVG,0.5771403566278835,anti-toxic
GVCVCVHLS,0.5771308297534001,anti-toxic
GVFRGNVRF,0.5770861066905794,anti-toxic
GCNGDGNYG,0.5770613947124283,anti-toxic
GFFGFCGYS,0.5770577223579068,anti-toxic
GDFCILDDG,0.5769612017481299,anti-toxic
GRVHVSGDS,0.5769169559652071,anti-toxic
GLGYFCDYG,0.5769169559652071,anti-toxic
GFGLCHIRD,0.5768764453097135,anti-toxic
GCCVSGGID,0.5768520761779335,anti-toxic
GCCLFYGGG,0.5768468009724201,anti-toxic
GIGLRLIDS,0.576824167911889,anti-toxic
GFNIYDDYG,0.5766993796107924,anti-toxic
GCFSFIHFR,0.5766906851571172,anti-toxic
GCCLGVGFR,0.5766554115538677,anti-toxic
GFYVRSSYS,0.576619324098456,anti-toxic
GFDGDYIDN,0.5766036018929767,anti-toxic
GGCVSVLDG,0.5765636042431139,anti-toxic
GCNVIFGFR,0.576546840647099,anti-toxic
GSCGVFGVG,0.5764304623187568,anti-toxic
GVVHGIGFC,0.5763980010068259,anti-toxic
GVVGVDNYD,0.5763164867296315,anti-toxic
GFGCVFGYC,0.5763164867296315,anti-toxic
GFYRICCYG,0.5760296980688598,anti-toxic
GYFRLLRGG,0.575994500889035,anti-toxic
GCFRDFGYN,0.5758370685909812,anti-toxic
GLDYCYLFG,0.5757900559997537,anti-toxic
GCVIHCHDF,0.5757310526056132,anti-toxic
GFGCNFCFD,0.575667030421978,anti-toxic
GCLDYLVFR,0.5756367944431373,anti-toxic
GYICRIGFD,0.575624175656162,anti-toxic
GYYSHIGYN,0.5755756236214657,anti-toxic
GIYDDYSVG,0.5755756236214657,anti-toxic
GFYLCLSYG,0.5755609004437114,anti-toxic
GFCFDGFVC,0.5755009628084945,anti-toxic
GFYDGDCVD,0.5754622228341676,anti-toxic
GLFFFVDDV,0.5754428104221357,anti-toxic
GDRVGYGIS,0.5754077965565222,anti-toxic
GHVVGSGGS,0.5753617907850911,anti-toxic
GCDDSVLFD,0.5752882714472213,anti-toxic
GIGLVCGVS,0.5752882714472213,anti-toxic
GVDCVNSFS,0.5752668147400258,anti-toxic
GCYVRDRDD,0.5751878449276611,anti-toxic
GLDRYIVYG,0.5751776682576297,anti-toxic
GRYVRSDYG,0.5751434180970865,anti-toxic
GCLLFLRSC,0.5751022780902444,anti-toxic
GFHLSFCLD,0.5749729008589808,anti-toxic
GYFLFDHFR,0.5749523592329104,anti-toxic
GICFRVSCC,0.5749446108233455,anti-toxic
GYSCDFVFR,0.5749077452843476,anti-toxic
GDGGDVGRC,0.5749077452843476,anti-toxic
GLFFYGVVN,0.5749077452843476,anti-toxic
GFFFCVGSG,0.5749077452843476,anti-toxic
GFVNFFHGR,0.5749077452843476,anti-toxic
GFYYVSGLF,0.5748672535140602,anti-toxic
GCGFSDCFG,0.5748303378370518,anti-toxic
GRFLFCDGG,0.5748287371615313,anti-toxic
GFLVRCFVD,0.5748130761871001,anti-toxic
GFHFCSHHR,0.574714658084157,anti-toxic
GYIYCDGYV,0.574693807111596,anti-toxic
GCVRYDDFD,0.5746741908383298,anti-toxic
GRGDSNDDS,0.5745986022067052,anti-toxic
GVDCRSVSG,0.5745217189169441,anti-toxic
GYVLDNCVD,0.5745217189169441,anti-toxic
GNCCFDVFY,0.574427702699932,anti-toxic
GLFGCVGYD,0.574427702699932,anti-toxic
GFNSVFFVD,0.5744007228600835,anti-toxic
GLYIYSGSG,0.5743424784052448,anti-toxic
GYRVDSFVD,0.5743424784052448,anti-toxic
GCYYYIGVS,0.5742628297070268,anti-toxic
GFFFGFSYS,0.5741985936715739,anti-toxic
GFRCYGGFD,0.5741671758752537,anti-toxic
GFGGRCSYG,0.5740312677277188,anti-toxic
GLCHCGGFG,0.5740312677277188,anti-toxic
GICVYDGYD,0.5740312677277188,anti-toxic
GYFDCNHFR,0.5740312677277188,anti-toxic
GCDYFVCDS,0.5740312677277188,anti-toxic
GVCYCIGDG,0.5740312677277188,anti-toxic
GLFSFVGCG,0.5740312677277188,anti-toxic
GFLLGSGVS,0.5740312677277188,anti-toxic
GIFGSYVDS,0.5740312677277188,anti-toxic
GCYCDDVLR,0.5739101087139875,anti-toxic
GVCCDISDG,0.5739014143908557,anti-toxic
GLFSSYGFR,0.5738229230454294,anti-toxic
GLCYGRGCG,0.573816748344793,anti-toxic
GHVLDFCSR,0.5737605949349727,anti-toxic
GFCLDDGLD,0.5736878161622484,anti-toxic
GLLLCSGCS,0.5735923647273483,anti-toxic
GGLFLFRCL,0.5735402620429665,anti-toxic
GSFSGIGSG,0.5735045308749096,anti-toxic
GCRVVYIDN,0.5734776736669047,anti-toxic
GYRRSFRYN,0.5734658016965938,anti-toxic
GFFHYDCGG,0.5734399885595944,anti-toxic
GNYVIVDDS,0.5733994352618487,anti-toxic
GIDGRSCVF,0.5733245230934698,anti-toxic
GSLCYVYDG,0.5732638659444736,anti-toxic
GLGRRVGYG,0.573223778529669,anti-toxic
GCFVDSVVD,0.5732217717209332,anti-toxic
GRYVDFGSG,0.5731605639065482,anti-toxic
GYRNRDGFR,0.5731422306068092,anti-toxic
GDCCDNGFD,0.5731348907698677,anti-toxic
GYDCSDRYD,0.5730962953926457,anti-toxic
GLLLDCHDN,0.5730453547460678,anti-toxic
GSHIVFGFR,0.5730317402855922,anti-toxic
GRCVHDSYG,0.5730177445561666,anti-toxic
GCFCFNGFR,0.5730155565037902,anti-toxic
GGVCRCGSG,0.5729576096236553,anti-toxic
GFIFRGFLR,0.5729576096236553,anti-toxic
GHCCSLVFR,0.5729475629061277,anti-toxic
GYLCVSGLG,0.572901762586749,anti-toxic
GCFGLFVVD,0.5728716022004802,anti-toxic
GRGGYLDFR,0.5728630950461542,anti-toxic
GICRSLGFR,0.5728324783337897,anti-toxic
GFINVDDFY,0.5728061766984126,anti-toxic
GFYYFVCDD,0.5727706152259748,anti-toxic
GCFRRHSVG,0.5726929169554567,anti-toxic
GINYFLGDG,0.5726503620113332,anti-toxic
GNCCYFGFG,0.572631284303412,anti-toxic
GHFFCFSDG,0.5726235048033285,anti-toxic
GFDYVYHSD,0.5726050119896867,anti-toxic
GRCHSCGCG,0.572581201332486,anti-toxic
GYNIGSCVD,0.5724749085768497,anti-toxic
GFYIVSVVY,0.572451438841528,anti-toxic
GLHFVDLFR,0.572394271888668,anti-toxic
GNILVCGVD,0.5723893206607421,anti-toxic
GCRCGNFYD,0.5722550097019158,anti-toxic
GFFVIDGVD,0.5722403601098379,anti-toxic
GFVCSGGYS,0.5722281931238337,anti-toxic
GSIYCDGLD,0.5721864148662886,anti-toxic
GLNIGFGFG,0.5721679112845964,anti-toxic
GFCVICDSG,0.5721357373508686,anti-toxic
GYFDIGGFG,0.5720967679505192,anti-toxic
GRYHYCDYD,0.5720967679505192,anti-toxic
GLFHIIRSG,0.5720967679505192,anti-toxic
GILNGIGVD,0.5720591194322776,anti-toxic
GFNHICGFG,0.5720527017456309,anti-toxic
GRYDIRICV,0.572029907126447,anti-toxic
GNYCFVGVR,0.572029907126447,anti-toxic
GLIYSCCYD,0.5720024688551746,anti-toxic
GGSFIDDSD,0.5719875252177326,anti-toxic
GCSLRVGYD,0.5719875252177326,anti-toxic
GRDCIIDDG,0.5719746207181282,anti-toxic
GGDCYGGCD,0.5719582591048535,anti-toxic
GRYCNFSVG,0.5719304034658557,anti-toxic
GFFRLVVYH,0.5718652059712112,anti-toxic
GLFFDFVFN,0.5718652059712112,anti-toxic
GFDFFDCYG,0.5718652059712112,anti-toxic
GCVNYFGHL,0.5718543484734443,anti-toxic
GHDGSFGFS,0.5718360087220891,anti-toxic
GFCFVDIHC,0.5717983862954269,anti-toxic
GIFHYRGFG,0.5717666314983592,anti-toxic
GNVFNGGYS,0.5717594518311125,anti-toxic
GSFVSRGFG,0.5717273128181546,anti-toxic
GCCCSNDDG,0.571720918094172,anti-toxic
GVFFNYFDF,0.5717088318086876,anti-toxic
GLVNFYGVS,0.5716954485177695,anti-toxic
GRCRHSGID,0.5716861284336898,anti-toxic
GRGIFLGVD,0.5716773623342415,anti-toxic
GVVRFLVGN,0.5716773623342415,anti-toxic
GSNFNDDLG,0.5716773623342415,anti-toxic
GCNFFFDSG,0.5716575690438112,anti-toxic
GYYSCFFYD,0.5716559045669057,anti-toxic
GGDCYVGYD,0.5716469548788184,anti-toxic
GFYYDIGFR,0.5716439704780123,anti-toxic
GLYIVIGDG,0.5716403365034588,anti-toxic
GHCFGLDNR,0.5715776200604473,anti-toxic
GFHFDYSGH,0.571570669180062,anti-toxic
GLDICYGFG,0.571570669180062,anti-toxic
GCDYRVCVS,0.5715424673240241,anti-toxic
GFRFYDVFG,0.5715424673240241,anti-toxic
GVLCFSRFR,0.5715281225739145,anti-toxic
GYYYCIHGS,0.5715219240785009,anti-toxic
GLFYVYGGG,0.5714759036819438,anti-toxic
GRRCGDGGN,0.5714690509631185,anti-toxic
GCYFRNCVG,0.571458207832679,anti-toxic
GFVSLDIYD,0.571450015065686,anti-toxic
GRSIVFFDD,0.5713536077088811,anti-toxic
GLDRFDRGS,0.571320548830742,anti-toxic
GLGRSCGYR,0.5712575512992287,anti-toxic
GHCCILDDD,0.5712562136729467,anti-toxic
GFFSSFSCD,0.5712202903938904,anti-toxic
GRCHRLDGH,0.5712202903938904,anti-toxic
GSVHHNFDG,0.5712174885030455,anti-toxic
GLVRGDYVD,0.5712095470456258,anti-toxic
GFNIHGGLC,0.5712036523522486,anti-toxic
GRFHCVYYD,0.5712036523522486,anti-toxic
GFHFSSLFD,0.5711834248548926,anti-toxic
GFILVDRGG,0.5711583058819886,anti-toxic
GFCVVYVDD,0.5711583058819886,anti-toxic
GNLVSNHFF,0.5710551803366857,anti-toxic
GVSCDLDFR,0.5709228763397133,anti-toxic
GVCCVDGLD,0.5708022975975203,anti-toxic
GCDGVNGFL,0.5708022975975203,anti-toxic
GCYRYDYVD,0.5707177254579775,anti-toxic
GDYVVDDGD,0.5706960221823557,anti-toxic
GFNNSYLCL,0.5706515270763383,anti-toxic
GFCDCYGFR,0.5706515270763383,anti-toxic
GVYHDDGID,0.5706515270763383,anti-toxic
GFFLCSFHR,0.5705805224258409,anti-toxic
GCHVHSGGS,0.5705588775865141,anti-toxic
GLRFFIDGG,0.5705429398818975,anti-toxic
GIFDNCGFR,0.5704992943884782,anti-toxic
GHHFSGGLG,0.5704757428398474,anti-toxic
GFGSVCGFC,0.5704610052562601,anti-toxic
GSLVRFNGY,0.5704610052562601,anti-toxic
GIISVYRSD,0.5704610052562601,anti-toxic
GCYGGINDG,0.570437987130806,anti-toxic
GVIRHDGFY,0.5703969830726248,anti-toxic
GGVFCRDSS,0.5703969830726248,anti-toxic
GYNRCVDFR,0.5703969830726248,anti-toxic
GRVHGGDSG,0.5703455781507558,anti-toxic
GLCGVCGYD,0.5703033952084757,anti-toxic
GFFRVVSDG,0.5702681569041111,anti-toxic
GYVYFHDYG,0.57026179412775,anti-toxic
GISGSLCYG,0.5701672313942537,anti-toxic
GYRLYLCYD,0.570153612664517,anti-toxic
GICVLVDYG,0.5700875903959339,anti-toxic
GFCFLRGYR,0.5700448548967989,anti-toxic
GGDGYVGVD,0.5700390382061548,anti-toxic
GFLVSCGIR,0.5700390382061548,anti-toxic
GRCYYIGVS,0.56995209948393,anti-toxic
GCYLCFGGR,0.5698753079565612,anti-toxic
GCYCLDGCD,0.5698017174316197,anti-toxic
GYCDVCVRV,0.5697883011483159,anti-toxic
GFIRVIGYG,0.5697734445851774,anti-toxic
GDCVSFGFS,0.5696464307539498,anti-toxic
GRGSGFDCG,0.5696464307539498,anti-toxic
GLDVDNFVD,0.5696432510544847,anti-toxic
GCCVRFFGR,0.5696221488226638,anti-toxic
GNYILVCCH,0.5695921031979742,anti-toxic
GHYNVNVFS,0.5695742372464772,anti-toxic
GYDRGLGYG,0.5695742372464772,anti-toxic
GCFHGSGFG,0.5695742372464772,anti-toxic
GFNVFFCDG,0.5695742372464772,anti-toxic
GVCYCVDDG,0.569567770248511,anti-toxic
GFDFVFNHF,0.5695388628924243,anti-toxic
GIFRYGLCV,0.5694990782345883,anti-toxic
GYCFCYDCG,0.5694836399769982,anti-toxic
GFCVCSNYG,0.5694726241243704,anti-toxic
GIRCGCGGG,0.5694726241243704,anti-toxic
GFICFDNSG,0.5694726241243704,anti-toxic
GFSYFIDGD,0.5693908745745943,anti-toxic
GFICGGSVG,0.569336146519339,anti-toxic
GCFFRLDSV,0.569336146519339,anti-toxic
GYCLHICDG,0.5692922318136134,anti-toxic
GFLIFLDNV,0.5692825762118944,anti-toxic
GIVHSIVYD,0.5692674779316549,anti-toxic
GYRCCDVLD,0.5692515903685245,anti-toxic
GYIVHYDCG,0.569245605176902,anti-toxic
GCVCVVGCG,0.569240529063668,anti-toxic
GCLDYDGSG,0.5692211951499302,anti-toxic
GSHCIDDDF,0.5691787649333068,anti-toxic
GGHCFVGCG,0.5691787649333068,anti-toxic
GGCVCFDDG,0.5691588472795206,anti-toxic
GFLDYVGFY,0.5691578214528743,anti-toxic
GFFVSHDVD,0.5691539941087226,anti-toxic
GYCCNDGLG,0.5691036859320129,anti-toxic
GRGLYFDNS,0.5690866851106565,anti-toxic
GVRLFFDHR,0.5690597312250371,anti-toxic
GFCLLDVFD,0.5690597312250371,anti-toxic
GFFGRIGGG,0.5689998904420415,anti-toxic
GCYYRFCVS,0.5689952783101442,anti-toxic
GVYIRNYVD,0.5688916280753078,anti-toxic
GCLGIFGVF,0.5688381863128699,anti-toxic
GFIDHFDGD,0.568811926390022,anti-toxic
GGNVIFDGG,0.5687924287870959,anti-toxic
GYVYYYNSG,0.5686648069065737,anti-toxic
GSFRCLRFR,0.5686362358410126,anti-toxic
GCSRIFGFY,0.5686362358410126,anti-toxic
GGIYFHGCG,0.5685683720262167,anti-toxic
GHVVFGVLG,0.5684811029649559,anti-toxic
GDDGVFLVD,0.5684563132880104,anti-toxic
GSVHFHGCV,0.5684513903468822,anti-toxic
GCFLSIGVS,0.5684513903468822,anti-toxic
GRVYCDDVD,0.5683647169313226,anti-toxic
GCYINFDVD,0.5683419925126036,anti-toxic
GVLCDVGDG,0.5683366190772124,anti-toxic
GGYRCDSYG,0.568253428868759,anti-toxic
GSIFCGGVD,0.5682492424741656,anti-toxic
GFFDSNSCC,0.568201724066995,anti-toxic
GIFHCFGCD,0.5681718561475924,anti-toxic
GFLCIDGYS,0.5681616618482587,anti-toxic
GCGYCFVFY,0.5681466140508176,anti-toxic
GYGYVIHDG,0.5681100136914239,anti-toxic
GRRGFRGYD,0.5680877509704471,anti-toxic
GRSNRCGGS,0.5680877509704471,anti-toxic
GFDDVFGIS,0.5680754940175949,anti-toxic
GFRVDYDSG,0.5680543640649354,anti-toxic
GHLLFCDFD,0.5680409040385315,anti-toxic
GRCGVFGVD,0.5680195044237594,anti-toxic
GCFFFCHFR,0.5679901826688022,anti-toxic
GLYVGYGFS,0.5678563606437026,anti-toxic
GRYSRFDCS,0.5678458907968608,anti-toxic
GCLLHYDHR,0.5678121473927877,anti-toxic
GCVRRLLYN,0.5677823184507174,anti-toxic
GYRCFRIGC,0.5677823184507174,anti-toxic
GCNGFVLDG,0.5677823184507174,anti-toxic
GLLGCFGCG,0.5677649789229605,anti-toxic
GSRHYGGCG,0.5677361036355776,anti-toxic
GFRSHNRFG,0.5677285191961545,anti-toxic
GNGCYSHVD,0.5676910896966999,anti-toxic
GLVCFYDVG,0.5676910896966999,anti-toxic
GGGIRCYDS,0.5676287761185883,anti-toxic
GFFVFISDD,0.5676287761185883,anti-toxic
GFICFDGFV,0.5675984632605667,anti-toxic
GFRRHLCYG,0.5675628026294309,anti-toxic
GRLYFSDGG,0.5674757548529015,anti-toxic
GYYHDVRDG,0.5674342626744883,anti-toxic
GGYNVILGY,0.5674325041088858,anti-toxic
GGFGRIVCL,0.5674185056727485,anti-toxic
GFYHFGDSG,0.5674006888287058,anti-toxic
GFRSFNHCL,0.5672978850687505,anti-toxic
GSDCFIGFR,0.5672801439187285,anti-toxic
GLYYHNHVF,0.567201621191175,anti-toxic
GFSINSGFG,0.5671959834558793,anti-toxic
GGCNVRLCD,0.5671648087748018,anti-toxic
GYIVCFNSG,0.5671557497436712,anti-toxic
GIGLRDRCD,0.5671333484189691,anti-toxic
GSYYLCDYG,0.5671112923776296,anti-toxic
GRGGFDCVD,0.5671076493801342,anti-toxic
GGYCYDRYD,0.5670870698104017,anti-toxic
GIHILNGRC,0.5670681846974449,anti-toxic
GYRNGDVDR,0.5670429426006701,anti-toxic
GYFLVRGFR,0.5670254805676267,anti-toxic
GFCYCSGVG,0.5670244950106488,anti-toxic
GSYLGCGGS,0.5670140633734927,anti-toxic
GYFDSFGSD,0.5669309273097798,anti-toxic
GRCGRFVFS,0.566911526604771,anti-toxic
GFFSFHGVG,0.5668955742647115,anti-toxic
GFYFHIGYG,0.56689285185054,anti-toxic
GCSYCSGGS,0.5668111714888353,anti-toxic
GLCDHDRFD,0.5667842309794192,anti-toxic
GFNVVFGIS,0.5667842309794192,anti-toxic
GIFIDIRDD,0.5667814283472353,anti-toxic
GGDLFYGDG,0.5667320289862194,anti-toxic
GVFYLCFSD,0.5666576698589247,anti-toxic
GCGLVNGCD,0.5666433341055062,anti-toxic
GFFGGSGYR,0.5665981733889498,anti-toxic
GLCNLLYFG,0.5665948472587603,anti-toxic
GRGYCVGGD,0.5665876731657434,anti-toxic
GGVRGGGFD,0.5665876731657434,anti-toxic
GCCLGFFDS,0.5665876731657434,anti-toxic
GGLDRVGGG,0.5665768529980219,anti-toxic
GFHHYRRDG,0.5665216659489734,anti-toxic
GFCNVYGVS,0.5665216659489734,anti-toxic
GRRGVCGYV,0.5664593165867381,anti-toxic
GRFFGFGCD,0.5664294198819521,anti-toxic
GRRFGFVDN,0.5663959232037327,anti-toxic
GNFGYDFFR,0.5663860760378179,anti-toxic
GGVGRGGHL,0.5663444390614278,anti-toxic
GLCFNFRFS,0.5663444390614278,anti-toxic
GSCYCDDYD,0.5663122917219926,anti-toxic
GCGYYILDG,0.5662811262131631,anti-toxic
GFYCIHDDY,0.5662321312040905,anti-toxic
GCCIRVGYG,0.5661930905734339,anti-toxic
GCHVDDDFR,0.5661879083399989,anti-toxic
GFGFFFVFR,0.5661732547935815,anti-toxic
GCYCGNFVD,0.5661654346698424,anti-toxic
GRVSCNVFD,0.566120867521351,anti-toxic
GHGDLNFFD,0.5661161306473221,anti-toxic
GNCYFFYDD,0.566109994643993,anti-toxic
GFIDNSFYD,0.5660954334637297,anti-toxic
GGLRSRLGF,0.5660623380564435,anti-toxic
GFCGFVGCS,0.5659271491115687,anti-toxic
GCFHFGGFL,0.56572586743725,anti-toxic
GNCSILDGY,0.5656791933629529,anti-toxic
GLHGICGFG,0.5656708768113704,anti-toxic
GISHGVFDS,0.5656307257012875,anti-toxic
GICGYCVDD,0.5656214299151184,anti-toxic
GVFFYIDSG,0.5656174848140197,anti-toxic
GCFCCSGFR,0.5655746406644815,anti-toxic
GFCFRLGVR,0.5655746406644815,anti-toxic
GVVVVNGFL,0.5655431575021999,anti-toxic
GCSVRFGFR,0.5655431575021999,anti-toxic
GVYRLDSSG,0.565484544305282,anti-toxic
GCCFVFGYG,0.565414311313655,anti-toxic
GYRVFRGVD,0.5654110125196184,anti-toxic
GFCCDFGGG,0.5654060998806176,anti-toxic
GGIVSCGVG,0.5653755027140737,anti-toxic
GYLLGIGFG,0.5653714462755103,anti-toxic
GCDNLVGCS,0.5653371843032226,anti-toxic
GFFRSLGGD,0.5653066978701677,anti-toxic
GDYCVDDFC,0.5652217469707119,anti-toxic
GDCCDFGYG,0.5652104459003903,anti-toxic
GSNFDDSYS,0.5651678073964138,anti-toxic
GLGLLSGSG,0.5651535028071631,anti-toxic
GFFNRVSDG,0.5651018216703321,anti-toxic
GRLFRFGSG,0.5650703168112756,anti-toxic
GHLYLIHDD,0.5650411151449463,anti-toxic
GNYFSGSYG,0.5650373821043069,anti-toxic
GRFLDFDVG,0.5650019511859186,anti-toxic
GYVHYCDSG,0.5649974732076652,anti-toxic
GIVYCNDCD,0.5649886799523799,anti-toxic
GFCLDFHYG,0.564969653228673,anti-toxic
GHFLLSGGD,0.5649516098758005,anti-toxic
GCYSFRGVG,0.5649181833233958,anti-toxic
GCFIRFDSG,0.5649026725292049,anti-toxic
GSLFCCGCS,0.5648878882878491,anti-toxic
GGFHRCVDN,0.5648474178995206,anti-toxic
GFYRFLVCD,0.5648350833170377,anti-toxic
GVFGFYHDI,0.564811933908333,anti-toxic
GCHHSVGDG,0.564811933908333,anti-toxic
GSRVDCGGG,0.5647805682247797,anti-toxic
GGIRCSGYG,0.5647585807778109,anti-toxic
GRLNFLCDF,0.5647526432101266,anti-toxic
GLIVRDGVS,0.5647276221631803,anti-toxic
GDDNYCGYD,0.5647123385798877,anti-toxic
GHVVYNHGC,0.564649077837927,anti-toxic
GFFCSYGYS,0.5646437360609375,anti-toxic
GCLIGDGFF,0.5645648726672288,anti-toxic
GFISCYDVD,0.5645553758438413,anti-toxic
GCRRLCGFR,0.5645228310139783,anti-toxic
GCFRDYDGY,0.5645049848845803,anti-toxic
GFHCVYDVD,0.564489504498833,anti-toxic
GLFNVLSYD,0.5643951786889805,anti-toxic
GILYFFHYG,0.5643566948899807,anti-toxic
GNYCFDGFG,0.5643540194816761,anti-toxic
GFLSYSYCF,0.5642714304385625,anti-toxic
GCYNFCDGG,0.5642714304385625,anti-toxic
GLRRNSVVS,0.5642714304385625,anti-toxic
GFYFCLDCD,0.5642714304385625,anti-toxic
GFFVDRGGG,0.5642714304385625,anti-toxic
GHYFFDGFV,0.5642714304385625,anti-toxic
GHHIRDDGG,0.5642714304385625,anti-toxic
GLDCSHFYD,0.5642714304385625,anti-toxic
GLYNGCNYG,0.5642714304385625,anti-toxic
GINVRDVVF,0.5642714304385625,anti-toxic
GCVCSFDDD,0.5641566440015515,anti-toxic
GIYRCLCFD,0.5641556340155587,anti-toxic
GLDHFDCFY,0.5641406779215722,anti-toxic
GCFLILDYG,0.5640982322381003,anti-toxic
GCNSYLVFY,0.5640596827591347,anti-toxic
GYYCRIDGG,0.5640579654640495,anti-toxic
GRGYVFVDD,0.5640411576431872,anti-toxic
GFFFCDYYD,0.5640306239550417,anti-toxic
GSVYLDYVD,0.5640116072289564,anti-toxic
GDYGLLFDD,0.5640009262367913,anti-toxic
GFCFFFDSS,0.563973355971197,anti-toxic
GCLCFFGSG,0.5639476924571882,anti-toxic
GCYICDDFG,0.563924964938015,anti-toxic
GIFDDRGCS,0.5639123609828844,anti-toxic
GCVSCDVYD,0.5638916363768389,anti-toxic
GLYVFDYFD,0.5638420735257834,anti-toxic
GLGVLIDSG,0.5638121025460328,anti-toxic
GCLYFDVFY,0.5638121025460328,anti-toxic
GFCLGLVFN,0.5637867267254113,anti-toxic
GIYCVRGSG,0.5637776333621659,anti-toxic
GHYGVSGYR,0.5637446935857533,anti-toxic
GVYSFLDNG,0.5637208192942499,anti-toxic
GCLHIFNSD,0.5637149992517427,anti-toxic
GCNCVFGFS,0.5636904343895001,anti-toxic
GCFGIFGFY,0.5636734639055977,anti-toxic
GLDYYSDFG,0.5636636004136564,anti-toxic
GCDCFVGNG,0.5636183559066195,anti-toxic
GYFSLNFFD,0.5635751665909883,anti-toxic
GFIRLLIYG,0.5635503702000302,anti-toxic
GFDRFVVYD,0.5635413702004048,anti-toxic
GFHICVGYR,0.563519777049468,anti-toxic
GNVYVYGYG,0.5634863242014229,anti-toxic
GFHSNLFYR,0.5634810853944107,anti-toxic
GLVDGSGFR,0.5634305889718314,anti-toxic
GSFNYDYVN,0.5634122917174248,anti-toxic
GVFCCDFYD,0.5633970704051458,anti-toxic
GNCSYSGFY,0.5633731995456623,anti-toxic
GLYYLVGYH,0.5633074023359458,anti-toxic
GNCRGVGFG,0.5633074023359458,anti-toxic
GFCDLVGYG,0.5633074023359458,anti-toxic
GLFRFLFDD,0.563231203637285,anti-toxic
GCRISIDDG,0.5632236748473689,anti-toxic
GYFLCRGFG,0.5632030547905367,anti-toxic
GLVFVNVFL,0.5631419252975928,anti-toxic
GCVIFDVYS,0.5631419252975928,anti-toxic
GVYDYDYGS,0.5631419252975928,anti-toxic
GFFHRYDSS,0.5631171587108389,anti-toxic
GCGILSGSG,0.5631086600467701,anti-toxic
GYNCVFGLG,0.5631017704751423,anti-toxic
GCRSFRGFG,0.5630358834262557,anti-toxic
GRCLRDNGY,0.5630358834262557,anti-toxic
GNCCFYSVD,0.5630122399887398,anti-toxic
GIFRFGGFC,0.5629700976071601,anti-toxic
GLLDRLCYR,0.5629646467358798,anti-toxic
GVVCRVGVG,0.5629533885106494,anti-toxic
GLILSCGYS,0.5629422955621065,anti-toxic
GICHLSVYD,0.5629355497116121,anti-toxic
GICGVCDDG,0.562925301559506,anti-toxic
GIRFSFCGF,0.5629078673658142,anti-toxic
GLSINFGYR,0.5628983831933821,anti-toxic
GCSIFLDDD,0.5628959914998075,anti-toxic
GFFYLNGFG,0.5628744656649092,anti-toxic
GCNYIDCFS,0.5628590894153048,anti-toxic
GCDDLLVVD,0.5628374913209149,anti-toxic
GCYNRNYGD,0.562833367926245,anti-toxic
GGGCINYYF,0.562833367926245,anti-toxic
GIFCRYVFR,0.5628174803631146,anti-toxic
GILFVNVFD,0.5628066921802888,anti-toxic
GVYLYVDSS,0.5627929797106571,anti-toxic
GDGFIRGHS,0.5627203770688245,anti-toxic
GISIFLDGG,0.5627068546347913,anti-toxic
GNRVRDYYG,0.5627049923764178,anti-toxic
GVGSGLGVH,0.5626569509513795,anti-toxic
GRHGNDGGD,0.5626387424934595,anti-toxic
GSDIILGFG,0.562631807983625,anti-toxic
GRLIGYFYP,0.562563848362285,anti-toxic
GGCCCLDGG,0.5625286733571508,anti-toxic
GNCRRSGFV,0.5624278919103923,anti-toxic
GFLFYCNFR,0.5622641232181265,anti-toxic
GNLYYCGVG,0.5622626642212897,anti-toxic
GLFISSGIR,0.562215594732598,anti-toxic
GCFVDGDCG,0.562215594732598,anti-toxic
GVFDIFNFR,0.5621662664430719,anti-toxic
GSVCSDGYG,0.5621566009563547,anti-toxic
GCLCRSFGN,0.5621320444280111,anti-toxic
GLVVRNYFD,0.5620639872538634,anti-toxic
GIFVNDSYD,0.5620526942247169,anti-toxic
GCSFFCGCG,0.5620499704446046,anti-toxic
GSVDDLCFD,0.5620223602547034,anti-toxic
GVSRRHHGN,0.5619427681199799,anti-toxic
GCSYGRGFR,0.5619427681199799,anti-toxic
GVRNYVINV,0.5619427681199799,anti-toxic
GFCFCSGFC,0.5618985718667587,anti-toxic
GIYDGYDVD,0.5618823781481239,anti-toxic
GCSGGSGYR,0.5618823781481239,anti-toxic
GCDRFNGCG,0.561872007308108,anti-toxic
GRCYRNGYD,0.5618439774590016,anti-toxic
GFYNCFFVR,0.5618004131575327,anti-toxic
GIRSCRGFR,0.5617653964687894,anti-toxic
GDVDRSGSG,0.5617653964687894,anti-toxic
GILRSGCVD,0.5617516874619572,anti-toxic
GCHCDDYFR,0.5617413068717662,anti-toxic
GCCFYFCDD,0.5617356818177632,anti-toxic
GNGGCLGYG,0.5617324791623801,anti-toxic
GIYFCVRDG,0.5616940075507519,anti-toxic
GCNDHAYYD,0.5616808293412896,anti-toxic
GVLGYRCYC,0.5616661767836573,anti-toxic
GYFFLCRRV,0.5616313342723542,anti-toxic
GLLGYSDGV,0.5616313342723542,anti-toxic
GRGVRGVVY,0.5616220097458988,anti-toxic
GLCNRFCVF,0.5615864482734612,anti-toxic
GFYHGVGYV,0.5615711451679819,anti-toxic
GDHVGSGVH,0.561558776510611,anti-toxic
GGLYHLVHS,0.561558776510611,anti-toxic
GYCRFVGFG,0.5615524318294648,anti-toxic
GSSLLHGFG,0.5615327222287457,anti-toxic
GFGFCYGYV,0.5615327222287457,anti-toxic
GRDHIGDHG,0.5615264448908751,anti-toxic
GSFDHSGFL,0.5615161826126837,anti-toxic
GCFVFFDGY,0.5615016858344627,anti-toxic
GFLSLHIDS,0.5614708114533383,anti-toxic
GCSCVDCFY,0.5614421404196983,anti-toxic
GFRIYSGHD,0.5614421404196983,anti-toxic
GRSYRCGFR,0.5614421404196983,anti-toxic
GRNFVFGGS,0.5614079399643589,anti-toxic
GISNDLDDY,0.5614010004128563,anti-toxic
GYDGVYYLF,0.561394564752027,anti-toxic
GCCLDNDYR,0.5613729025587461,anti-toxic
GCFYDCDGD,0.5613640088224915,anti-toxic
GHCGFGHFR,0.5613453617046676,anti-toxic
GGDRCRVIL,0.5612470833843497,anti-toxic
GVFVYCGYG,0.5612237373565573,anti-toxic
GHVCSGGFS,0.5612237373565573,anti-toxic
GRDCYCGRI,0.5611451655415174,anti-toxic
GGRYGIDDD,0.5611337747499376,anti-toxic
GHCNCDIFR,0.561101383649056,anti-toxic
GHYDYFVVS,0.5610662905633512,anti-toxic
GFGISHGVG,0.5609899104582832,anti-toxic
GCYVRYDDG,0.5609825507911721,anti-toxic
GFNVSVDYY,0.560968794888477,anti-toxic
GCYLRVGSG,0.560968794888477,anti-toxic
GNGRFSGCG,0.5609288505810768,anti-toxic
GNVVFDGHG,0.5608982524564363,anti-toxic
GSDDIFDCN,0.5608382546001687,anti-toxic
GFVCFCDGG,0.5608166937129989,anti-toxic
GYRYFSGIS,0.5608078318082076,anti-toxic
GFYDYIVFS,0.5607978733695235,anti-toxic
GFSIGVGSG,0.5607700450769475,anti-toxic
GGYCYRGVD,0.5607633783926494,anti-toxic
GSSVDYGFG,0.5607319285166914,anti-toxic
GNFDFFGSG,0.5606673061697374,anti-toxic
GLCYYCGYN,0.5606673061697374,anti-toxic
GFCVFDVDD,0.5606411430634971,anti-toxic
GCCDDVFNC,0.5606396784155435,anti-toxic
GFVRCDCFD,0.5605205602714318,anti-toxic
GVVDVHCFD,0.560458460538445,anti-toxic
GFFCRLCVD,0.560451950987106,anti-toxic
GHGFDNDYN,0.5604137528987988,anti-toxic
GFVHGFCYL,0.5604024116925386,anti-toxic
GFCSRLIDN,0.5604024116925386,anti-toxic
GYFDFCDVF,0.5604024116925386,anti-toxic
GHDGDGNFS,0.5604024116925386,anti-toxic
GRCGVFRDG,0.5604024116925386,anti-toxic
GRNCCGGYS,0.5603849229720155,anti-toxic
GSSRGRGCD,0.5603613572441549,anti-toxic
GHYCFGGFR,0.5603550447784842,anti-toxic
GLDCRFSVF,0.5603446904694468,anti-toxic
GCGFYVGLG,0.5603446904694468,anti-toxic
GSCYDYGGS,0.5603446904694468,anti-toxic
GFGYGCGYR,0.5603299900503308,anti-toxic
GYLHYCYFF,0.5603052432209612,anti-toxic
GFDCCVGFD,0.5603052432209612,anti-toxic
GGDHFIGDG,0.5602927529064149,anti-toxic
GVFNINFNG,0.5602548054435509,anti-toxic
GIVYRGGYG,0.5602429832420855,anti-toxic
GLRCYLGYG,0.5602030683041499,anti-toxic
GNYVYVGYI,0.5601787373995297,anti-toxic
GFFDSYHYD,0.5601766966810547,anti-toxic
GLCCYFGGS,0.5601735090933406,anti-toxic
GFFRVVDSG,0.5601319759208759,anti-toxic
GRCGNDHFN,0.5601218242283542,anti-toxic
GDSSVIGSG,0.5600954897844264,anti-toxic
GLDVIDGFR,0.5600829515099569,anti-toxic
GSGCFSGGG,0.559978046239563,anti-toxic
GYIYDDCFS,0.5599428781754051,anti-toxic
GCRRNYNSG,0.5599367854223813,anti-toxic
GVYVFDGVG,0.5599301859545105,anti-toxic
GGIIGFLSG,0.5599119900412319,anti-toxic
GNCCFNDCS,0.5599066250361125,anti-toxic
GCHGGVDFG,0.5598623115335075,anti-toxic
GGFFLDCFS,0.5598463703188342,anti-toxic
GFLDFLGCG,0.559784008072988,anti-toxic
GYGCVFGFF,0.5597768751525891,anti-toxic
GHSVRLVGG,0.5597709292118862,anti-toxic
GFCCSVRDG,0.559756153018703,anti-toxic
GFFRDDFVD,0.559756153018703,anti-toxic
GCYSYHGYR,0.5597356766056812,anti-toxic
GLFDLDHFD,0.5597356766056812,anti-toxic
GFYRSFRFS,0.5596791499256714,anti-toxic
GLLVHYGCS,0.5596561427748751,anti-toxic
GFLYCDCVV,0.5596015523050775,anti-toxic
GCNVRVIDH,0.5595617617070466,anti-toxic
GYIVDLFFR,0.5595617617070466,anti-toxic
GVDVYCGLS,0.559553444359096,anti-toxic
GFCCFDRRC,0.5595314708974858,anti-toxic
GHDVVFYDS,0.5595188846581345,anti-toxic
GHSLVSGHN,0.5595076406424987,anti-toxic
GGFRYDDYG,0.5594884032177694,anti-toxic
GCCFSDRVD,0.5594801109615346,anti-toxic
GIFRLCLYG,0.55946343989116,anti-toxic
GLFIFDCYD,0.5594157361914303,anti-toxic
GRFRFGGFC,0.5594046173987697,anti-toxic
GHDFYCGLG,0.5593916658204761,anti-toxic
GLGIHNGFS,0.5593796589286059,anti-toxic
GIHGLGDYG,0.5593475227554593,anti-toxic
GFNLLHLVD,0.5593080109070125,anti-toxic
GVVGRVGFR,0.5593080109070125,anti-toxic
GFSGGNGYV,0.5593080109070125,anti-toxic
GIYCNCGFR,0.5593080109070125,anti-toxic
GFLFFDNFN,0.5592172397745045,anti-toxic
GFCVFVGSG,0.5591842273856092,anti-toxic
GGLDRDRGS,0.5591730739844097,anti-toxic
GVYFGIGFS,0.5591653620366536,anti-toxic
GIHCGLLGY,0.5591371521485685,anti-toxic
GFFHSCGFR,0.5591317907861515,anti-toxic
GDGHCVGDS,0.5590775548220595,anti-toxic
GFHNFFDVD,0.5590624386743437,anti-toxic
GFCHRFDVG,0.5590452003199284,anti-toxic
GGFRILVHD,0.5590379078836073,anti-toxic
GCLRCNVFS,0.5590356405739061,anti-toxic
GSIIHGDDG,0.5590322975455758,anti-toxic
GRHGCYGYD,0.5590291864131829,anti-toxic
GNLIFYDSS,0.5590253591027605,anti-toxic
GFDFNSYFR,0.5590253591027605,anti-toxic
GYCVDGFYD,0.5590191277896641,anti-toxic
GFSFLIDYR,0.5590103790402613,anti-toxic
GLIVFSGHS,0.5590022773625992,anti-toxic
GCGVSVDGG,0.5589937222801712,anti-toxic
GVCLDCVDI,0.5589750906286142,anti-toxic
GCFFDNSVY,0.5589595997516207,anti-toxic
GFRHVSGFV,0.5589572683008908,anti-toxic
GCVVLVDSG,0.5589541107256172,anti-toxic
GNGLRDGGG,0.5589476218906205,anti-toxic
GYGDFVRVL,0.5589425969334957,anti-toxic
GYRGNFGYS,0.5589425969334957,anti-toxic
GCLHGYCGD,0.5589303087682008,anti-toxic
GYDFSDHFH,0.5588879291571195,anti-toxic
GVFRGLFHD,0.5588847631570107,anti-toxic
GVGYYFGCG,0.5588211639559696,anti-toxic
GFIRDVFYC,0.558791301170982,anti-toxic
GVSVCSFIV,0.5587700896892858,anti-toxic
GSHGRDSFG,0.5587639990724061,anti-toxic
GNSGYCGSG,0.5587492367143746,anti-toxic
GVVFDHGFR,0.5587389418386016,anti-toxic
GYNYFCGSS,0.5587389418386016,anti-toxic
GSSFSIGCG,0.558731641237939,anti-toxic
GHVFVDLYG,0.5587085705331657,anti-toxic
GCFGGCGFR,0.5586963284370168,anti-toxic
GRFIGLDFG,0.558692135859008,anti-toxic
GRSFRIGGD,0.558692135859008,anti-toxic
GIFDCDYYD,0.5586747746122193,anti-toxic
GFVVCDYCV,0.5586311630858699,anti-toxic
GISNRRGSG,0.5585942975468721,anti-toxic
GICLIDDDD,0.5585551560496708,anti-toxic
GCIHGDHFN,0.5585458677188985,anti-toxic
GGVFLVGYG,0.5585374341121718,anti-toxic
GFRRCDDFD,0.5585254438833267,anti-toxic
GCCLLYDCG,0.5585246041371256,anti-toxic
GHHFRCGVD,0.5585239607612453,anti-toxic
GCHDGNDYG,0.5585239607612453,anti-toxic
GCHLGSGYG,0.5585001879321047,anti-toxic
GYGHVFCVD,0.5584843913127279,anti-toxic
GFFHCFHFD,0.5584658650509181,anti-toxic
GFRISLGFV,0.5584382449106607,anti-toxic
GCDVNVLYD,0.5584151257625315,anti-toxic
GFYHCLHCR,0.5583954902731311,anti-toxic
GSNCDYDGF,0.5583954902731311,anti-toxic
GFSRSFVVS,0.5583954902731311,anti-toxic
GFYIGCGFC,0.5583954902731311,anti-toxic
GNSGLGVVN,0.5583710213700848,anti-toxic
GCICDDLCI,0.5583625708280423,anti-toxic
GFYCRVFDD,0.5583510634425565,anti-toxic
GCYNVIGYG,0.558331486959788,anti-toxic
GNDLFVVCC,0.5583084834648859,anti-toxic
GFLDFLDCD,0.5583084834648859,anti-toxic
GHGDCNSFF,0.5582981136153873,anti-toxic
GFIVRCGCG,0.5582890523791394,anti-toxic
GGLCIFRCG,0.558270720369179,anti-toxic
GDCVYCGYS,0.558270720369179,anti-toxic
GFIRCYHFR,0.5582619377832698,anti-toxic
GFHVDDSLH,0.5582543893648093,anti-toxic
GCCIRGGSS,0.5582420826571878,anti-toxic
GLSLLFGLD,0.5582324759130943,anti-toxic
GFCFCRLGV,0.5582067076220806,anti-toxic
GVCVDFFVD,0.558199446436469,anti-toxic
GLGRLLDGR,0.5581822534154859,anti-toxic
GHLLDDYCD,0.5581545056288807,anti-toxic
GHCSIFGHV,0.5581545056288807,anti-toxic
GDCFFDVFN,0.5580431623435885,anti-toxic
GSNHDYLFD,0.5580059222062047,anti-toxic
GFYFYDCFR,0.5579714906738321,anti-toxic
GFISIVDYG,0.5579714906738321,anti-toxic
GINVFCGFR,0.5579312524075436,anti-toxic
GCILGSGCS,0.557884631777162,anti-toxic
GFNHFIRFR,0.5578812486177518,anti-toxic
GLFFLGGVG,0.557856328835909,anti-toxic
GNYNFCVCD,0.557856328835909,anti-toxic
GYCCYYDSG,0.5578213938335249,anti-toxic
GCFLYIGFD,0.5578213938335249,anti-toxic
GLNYNYDGD,0.5578196882732732,anti-toxic
GGHSSDRYS,0.557777186333293,anti-toxic
GFCCCSGCG,0.557777186333293,anti-toxic
GFLILSGCD,0.5577634786245598,anti-toxic
GCHLDCSLG,0.5577477416414682,anti-toxic
GIFYVVGYS,0.5577287565053194,anti-toxic
GFCRFNGYG,0.5576960666539718,anti-toxic
GVHSDLVFR,0.5576660638400357,anti-toxic
GFCVFDSFG,0.5576606773587264,anti-toxic
GVSYGNRGD,0.5576408515395496,anti-toxic
GVICHILCD,0.5576408515395496,anti-toxic
GCGSFVGYG,0.5576408515395496,anti-toxic
GFYRCFSGG,0.5576215962032763,anti-toxic
GFCVGGSFS,0.5575705147539227,anti-toxic
GFCFDSDFG,0.5575540707455944,anti-toxic
GCLHVVGSG,0.5575540707455944,anti-toxic
GCGCFCGFR,0.5575275917965935,anti-toxic
GLYDDFVLS,0.5574986696813788,anti-toxic
GCCFFRGFG,0.5574703728398518,anti-toxic
GCYHGNGVD,0.557419554983473,anti-toxic
GFFLYCVDN,0.5573695639131957,anti-toxic
GHIVCDFDD,0.557350256358481,anti-toxic
GLNVDIFDD,0.557279541633599,anti-toxic
GICYCVGVD,0.5572766829755207,anti-toxic
GIDYHLCYG,0.5572713678325937,anti-toxic
GCSIFDRYG,0.5572561371023419,anti-toxic
GLSGVGSYG,0.5572520752119076,anti-toxic
GFRYGDGIS,0.5572177687180688,anti-toxic
GRGRGIDYG,0.5571967937492028,anti-toxic
GFNVVYDDG,0.5571445649804943,anti-toxic
GINIFNDHR,0.5571336866322993,anti-toxic
GFCCLGGVG,0.5570928458114393,anti-toxic
GCFDDNSFR,0.5570755795863501,anti-toxic
GRDYDSHHI,0.5570660477110017,anti-toxic
GSVGIDNFD,0.5570330215146433,anti-toxic
GYYGSICDD,0.5570330215146433,anti-toxic
GYIVIVDSG,0.5570175571144813,anti-toxic
GHCDFRGLG,0.5569816165927742,anti-toxic
GLDCNVGFR,0.5569748577241652,anti-toxic
GYNGFVGYG,0.5569585348526129,anti-toxic
GSCLINDVG,0.5569585348526129,anti-toxic
GLVFRDSYS,0.5569463770629923,anti-toxic
GFSLFVYDG,0.5569369705395966,anti-toxic
GRRYFGCCF,0.5569267114128754,anti-toxic
GYGCVLDGD,0.5569071572964306,anti-toxic
GFHCSFCVG,0.5568858379697014,anti-toxic
GCGVYNFFF,0.556863242590705,anti-toxic
GSSVGSVID,0.556863242590705,anti-toxic
GIDVYLVVD,0.5568324513905855,anti-toxic
GVLDYFCYF,0.5568048657532082,anti-toxic
GSDLFCGCG,0.5568048657532082,anti-toxic
GCISFSDYD,0.5567707428416522,anti-toxic
GGYHYFCCG,0.5567331348946913,anti-toxic
GLYGYFGLG,0.556725583588768,anti-toxic
GLLFNYGVS,0.5567182925481167,anti-toxic
GSNLYSGGS,0.5566873430449316,anti-toxic
GICYNDCFY,0.5566754458154554,anti-toxic
GLYRGLRYG,0.5566612280021408,anti-toxic
GSRCDRGYG,0.5566421914235599,anti-toxic
GHCGCFGFS,0.5566347842432546,anti-toxic
GFYDVLYVD,0.556632888369302,anti-toxic
GCYNRLDSS,0.5566288260875305,anti-toxic
GFCVVSGGD,0.5565714970483573,anti-toxic
GNCIYVNRV,0.5565618584829101,anti-toxic
GFFHFIDYN,0.5565541302386583,anti-toxic
GLHHVLDGH,0.556542508776658,anti-toxic
GCGFRIHDN,0.5565366849098737,anti-toxic
GFVLDDCFS,0.5565300587928778,anti-toxic
GDGGVSDYG,0.5565069227441862,anti-toxic
GIDGCSDGG,0.5564711915761292,anti-toxic
GYCLIFDGD,0.5564274955823401,anti-toxic
GNHCCGDYG,0.5564038648666862,anti-toxic
GFFCYLDCG,0.5563892815612423,anti-toxic
GFCIRGLFG,0.5563025007672873,anti-toxic
GNNFYCGLD,0.5563025007672873,anti-toxic
GRVLRYDCG,0.5563025007672873,anti-toxic
GLRGYLVGS,0.5563025007672873,anti-toxic
GHLLSNHFR,0.5562660529067562,anti-toxic
GYHYFIRYR,0.5562401514050521,anti-toxic
GFCLVYDGY,0.5562397459832892,anti-toxic
GFGSGCCYC,0.5562339514053103,anti-toxic
GRFLGCGGS,0.5562048077105479,anti-toxic
GRIFVLVDD,0.5561938048633528,anti-toxic
GNCCYVGID,0.5561383372870097,anti-toxic
GCVCRNCYG,0.5561325557516562,anti-toxic
GCCDGSGFG,0.5561219584733119,anti-toxic
GGYRVLDDG,0.5560568590854539,anti-toxic
GLRCDSYFD,0.556053692692935,anti-toxic
GVDDNFVFR,0.5560441788517541,anti-toxic
GGYLRFIVN,0.5560353248241311,anti-toxic
GFCNYVHDG,0.5560196648849993,anti-toxic
GYCVLIGDG,0.5560081635944463,anti-toxic
GSRLCLDGY,0.5560039613342934,anti-toxic
GCHGVLDDR,0.5559989044725727,anti-toxic
GFDCCLVYN,0.5559737921638973,anti-toxic
GVCRLVGFR,0.5559131735499068,anti-toxic
GNCFVSGCR,0.5559131735499068,anti-toxic
GCNISNGYV,0.5558968076206413,anti-toxic
GGYFLSGDS,0.5558382629016998,anti-toxic
GRCVRCGFS,0.5558291552360659,anti-toxic
GFLVRCGCF,0.5558148033753253,anti-toxic
GFHNFCRIY,0.555788846677956,anti-toxic
GFCCYVYYD,0.5557699507534027,anti-toxic
GYYLVYCDD,0.5557599716749931,anti-toxic
GCFDHNRDC,0.5557393245778741,anti-toxic
GINYLLDGF,0.555727656895269,anti-toxic
GVFLVDLYN,0.5556912487565963,anti-toxic
GCCVLCGFG,0.5556834066041406,anti-toxic
GFDIVYNFL,0.5556595776566763,anti-toxic
GLLVRNGVF,0.5556571893827285,anti-toxic
GRGFYSGVL,0.5556499169000908,anti-toxic
GFNVCFVHS,0.5556150538775627,anti-toxic
GRRGFYGDG,0.5555852512534699,anti-toxic
GDCVGFVLD,0.5555852512534699,anti-toxic
GCGVYNDYG,0.5555707491503563,anti-toxic
GNCLNCGYS,0.5555632759387632,anti-toxic
GFGSIVDDD,0.5555478620337057,anti-toxic
GRISFSGCG,0.5555478620337057,anti-toxic
GCLDYLCLG,0.5555478620337057,anti-toxic
GCIDRHDGG,0.5555086581145701,anti-toxic
GFLVCDGFR,0.5555079209917134,anti-toxic
GLCNSFGYD,0.5555063603391925,anti-toxic
GRFVIFGGR,0.5554774872559186,anti-toxic
GFYNFDDVD,0.5554359084454137,anti-toxic
GLFVVSGYR,0.5554260232106585,anti-toxic
GCVFSIGIR,0.5554079701072575,anti-toxic
GLCYRDVDN,0.5554079701072575,anti-toxic
GFFLFDDDG,0.5553794515741086,anti-toxic
GFFDSCGVS,0.5553307690614755,anti-toxic
GCLVYGGID,0.5553073458060884,anti-toxic
GCINYVRDD,0.5552930691358705,anti-toxic
GYRIFRRGV,0.5552635182576293,anti-toxic
GYFDRCGFR,0.5552480384236592,anti-toxic
GLRYRIGLR,0.5552472897749556,anti-toxic
GHSCFLGSG,0.555234781773671,anti-toxic
GYYLFNCCD,0.5552044104682352,anti-toxic
GGHYFLDYH,0.5552044104682352,anti-toxic
GLFVVNYHF,0.5552044104682352,anti-toxic
GVCDYFGLD,0.5552044104682352,anti-toxic
GFCDYYGCG,0.5551675136089544,anti-toxic
GFHDVNGFD,0.5551611217084781,anti-toxic
GIHYYDVCG,0.5551381717001813,anti-toxic
GCYRSDGYS,0.5551142798293514,anti-toxic
GCVDDNFDH,0.5551019623886794,anti-toxic
GCCIGFGSG,0.5550857453692948,anti-toxic
GCVVFFGDS,0.5550808558495062,anti-toxic
GHYCYYFCY,0.5550634286517389,anti-toxic
GRFCGVGYD,0.5550634286517389,anti-toxic
GCYCVVGDS,0.5550634286517389,anti-toxic
GNFHRDVVF,0.5550634286517389,anti-toxic
GDILGFFDS,0.5550487958418214,anti-toxic
GRLIRRGYR,0.5550454970477848,anti-toxic
GVLRFICDG,0.5549714073606004,anti-toxic
GYILGCGCG,0.5549124150637551,anti-toxic
GFRGVCGFL,0.5548809136324931,anti-toxic
GFRFHFVSD,0.5548184566708692,anti-toxic
GDIVDGCYG,0.5548075096803361,anti-toxic
GGHFVRGYG,0.554800458930169,anti-toxic
GFLDGVGFR,0.5547963999894333,anti-toxic
GLRLRIDSS,0.5547879587549088,anti-toxic
GFHNRLGSG,0.5547678896938192,anti-toxic
GFYFVVVDH,0.5547261125323322,anti-toxic
GLLVRFFGS,0.5547103512417281,anti-toxic
GFYVGCDFR,0.5547043591960606,anti-toxic
GRLVVNVYD,0.5546969740518688,anti-toxic
GLCDFSCGV,0.5546353413998243,anti-toxic
GRFYCLFFR,0.5546353413998243,anti-toxic
GFYFYSSCG,0.5546353413998243,anti-toxic
GLCCVYDVY,0.5546353413998243,anti-toxic
GICLLCGVG,0.5545661219311847,anti-toxic
GGINRYYDR,0.5545647071828835,anti-toxic
GYVYCDNFG,0.5545276161154066,anti-toxic
GCDVGLLYD,0.5545036723728384,anti-toxic
GCRHFFCDG,0.5544954043978392,anti-toxic
GVVCCFGGG,0.5544891600038189,anti-toxic
GVVRNRSYV,0.5544777313520399,anti-toxic
GSYFYYDGH,0.5544675269445181,anti-toxic
GRDGRLGFR,0.5544183568927358,anti-toxic
GIFHDFGGG,0.5543871967505232,anti-toxic
GGDDVFRYG,0.5543680009900877,anti-toxic
GCLCDFDGY,0.5543476835948462,anti-toxic
GRVDFDDYD,0.5543476835948462,anti-toxic
GDGGISGYG,0.554336959744732,anti-toxic
GLNGGSLVI,0.5542872095319618,anti-toxic
GIFFSHDDD,0.5542872095319618,anti-toxic
GHFCYVGDS,0.5542683308568341,anti-toxic
GFFLLDRNR,0.5541993756795229,anti-toxic
GLHYDYVLS,0.554185178641817,anti-toxic
GVFHRLIHN,0.554139741115637,anti-toxic
GIGRCDDYG,0.5541364390107796,anti-toxic
GYYLLCGYG,0.5541364390107796,anti-toxic
GIRDICGFR,0.5541035366673491,anti-toxic
GNYYLCGFN,0.5541035366673491,anti-toxic
GFSFCSFFY,0.5540983858412032,anti-toxic
GSIGYISDS,0.5540522652568766,anti-toxic
GFHCFDGSD,0.5540346393114651,anti-toxic
GYFDYVGFS,0.5540281612201337,anti-toxic
GCVYRYGYG,0.5540247959397463,anti-toxic
GGLDCNFVD,0.5540185128198682,anti-toxic
GFFVCDVVI,0.5540049985389243,anti-toxic
GCLFYLRCG,0.5539504165861158,anti-toxic
GYIDRCDSG,0.553949006861777,anti-toxic
GCYVGDGFG,0.5539481553482146,anti-toxic
GNRCCIGVD,0.5538964310014088,anti-toxic
GFGSYIDDG,0.5538830266438743,anti-toxic
GVSLNVGYD,0.55387194784432,anti-toxic
GGFYHSGCG,0.5538443599639544,anti-toxic
GRRCFVGFG,0.5538386808208899,anti-toxic
GRCDRFGFG,0.5537942531999166,anti-toxic
GGCFRRGCD,0.5537553117534073,anti-toxic
GLDYYCGSG,0.5537553117534073,anti-toxic
GRVDDCGYY,0.5537553117534073,anti-toxic
GHNYVHNSG,0.5537553117534073,anti-toxic
GCSDGIGFI,0.5537334389986545,anti-toxic
GDDCFFFDS,0.5537301666020293,anti-toxic
GCDVCLDFR,0.5537281335261759,anti-toxic
GCYNRVVDG,0.5537228908298057,anti-toxic
GRDHDFFDH,0.5537158163313356,anti-toxic
GYDCFCGSR,0.5537025260369154,anti-toxic
GFCGNFNYG,0.5537025260369154,anti-toxic
GFDICDSSG,0.5536926926945571,anti-toxic
GYDGVIFFN,0.5536783569411384,anti-toxic
GLDHYYCLD,0.5536555083560009,anti-toxic
GFHHVFGLS,0.5536269172271497,anti-toxic
GFYGYCHDG,0.5536226960013758,anti-toxic
GCCVLHVVV,0.553613362256506,anti-toxic
GFFYFVHGD,0.553613362256506,anti-toxic
GRFIGLVFS,0.5536096338628185,anti-toxic
GSVDFVDSG,0.553607695242108,anti-toxic
GICCFLGFH,0.5536002674898981,anti-toxic
GFSIIDVYD,0.5535651902768767,anti-toxic
GFVYCYGDG,0.5535096005831172,anti-toxic
GNLGFCGLD,0.5534902232498444,anti-toxic
GFSGCNVVD,0.5534809503550563,anti-toxic
GHGSFIYDD,0.5534800062089087,anti-toxic
GFNLYDGHR,0.5534304436555485,anti-toxic
GGICSDGCG,0.5534304436555485,anti-toxic
GFCFCFDCG,0.5534206422702491,anti-toxic
GSFCRFGVF,0.5534135028503543,anti-toxic
GSFIVFCGV,0.5533898447621727,anti-toxic
GFSCVYHFF,0.5533844977500748,anti-toxic
GCDSFFGGG,0.5533751315967181,anti-toxic
GVCLGIGFN,0.553341588479237,anti-toxic
GFRLRLVYD,0.5532898715210541,anti-toxic
GFIYLDDSG,0.5532857489819015,anti-toxic
GDYIDGHFY,0.5532613742740584,anti-toxic
GLCRYVDFH,0.5532307150497556,anti-toxic
GFLDSYDYD,0.5532114237901453,anti-toxic
GFICFLGLD,0.5531743157043447,anti-toxic
GVLFFVCDG,0.5531490780081719,anti-toxic
GDCVVLGGG,0.5531266585938378,anti-toxic
GFLLVCDYG,0.553118721563054,anti-toxic
GDCHSLGFS,0.5531103586618642,anti-toxic
GGCRHVDDS,0.5530973608920758,anti-toxic
GYDLHCGCD,0.553084862669651,anti-toxic
GNVVDLDGD,0.553076263346532,anti-toxic
GFGHNIFDG,0.5530632088469276,anti-toxic
GIGCVFDCG,0.5530174057362737,anti-toxic
GICHRNGYD,0.5529904200288736,anti-toxic
GCCVGFDDD,0.552969997297799,anti-toxic
GYRGGVGLG,0.5529512113905674,anti-toxic
GNCVGSCFD,0.5529348559390467,anti-toxic
GGDFSCVYC,0.5529095578699479,anti-toxic
GRNLCVDSG,0.552906066433988,anti-toxic
GCCFDFSVR,0.5528419686577808,anti-toxic
GFFDVLDDD,0.5528419686577808,anti-toxic
GSSRCGRHC,0.5528419686577808,anti-toxic
GSCSRCDCG,0.5528419686577808,anti-toxic
GGCVYIHDF,0.5528419686577808,anti-toxic
GRVFRDGGS,0.5528419686577808,anti-toxic
GYRDRYVID,0.5528419686577808,anti-toxic
GYYDFIGVY,0.5528033629880008,anti-toxic
GFCFYDLYS,0.5527466397912612,anti-toxic
GIIRCLHFR,0.5527418315851897,anti-toxic
GFINYLSCG,0.5527132697438435,anti-toxic
GFGFCLSYG,0.5526759645217583,anti-toxic
GCICRHGYG,0.5526651206529333,anti-toxic
GGCVYVHDG,0.552661912899852,anti-toxic
GFRLDCGLG,0.552647827178507,anti-toxic
GLDRRCGSG,0.5526426290818041,anti-toxic
GLYRRVGFS,0.5526220170289197,anti-toxic
GNDYVYGFR,0.5526220170289197,anti-toxic
GRINRHFLR,0.5526006269000261,anti-toxic
GYFVRDGYN,0.5525838952728053,anti-toxic
GVHVVVDSS,0.5525816392737511,anti-toxic
GFGIGIDCG,0.5525423518939805,anti-toxic
GLYYRSNFG,0.552512520903008,anti-toxic
GYVIGNHGR,0.5525012118871384,anti-toxic
GFFLIYDGY,0.5524848675150874,anti-toxic
GGIRLIGYS,0.5524799057090046,anti-toxic
GYFFVDGFD,0.5524795773191133,anti-toxic
GCCDYIVDS,0.5524469759230464,anti-toxic
GLRHVYFDY,0.5524469759230464,anti-toxic
GIVICIDCV,0.5524469759230464,anti-toxic
GLIHHSGCD,0.5524339888420536,anti-toxic
GGLIRGGGG,0.5524128238778981,anti-toxic
GRCNCDSFD,0.5524000885295429,anti-toxic
GFSFDVRDG,0.5523809341326339,anti-toxic
GLGLHVCDS,0.5523722071388548,anti-toxic
GSFDLDDFC,0.5523722071388548,anti-toxic
GLHIFIGGD,0.5523631433811581,anti-toxic
GLCFNDDFC,0.5523569040333756,anti-toxic
GVIVGIGFR,0.5523363135496858,anti-toxic
GSVGVFGFG,0.55228422738005,anti-toxic
GLRGYDSFY,0.5522625229655472,anti-toxic
GLFHDYGLY,0.5522625229655472,anti-toxic
GLCYRGGFG,0.5522295231188763,anti-toxic
GLGDLCGFV,0.5522295231188763,anti-toxic
GLYHFCGVD,0.552171951460523,anti-toxic
GSYFSDGFC,0.5521635159021062,anti-toxic
GCFGCHDYG,0.5521635159021062,anti-toxic
GGSHDFVDN,0.552161401626147,anti-toxic
GRVYFSGSD,0.5521470759571734,anti-toxic
GCIICDVFD,0.5521395107902727,anti-toxic
GCSCFYHDN,0.5520860163661238,anti-toxic
GVCVIDVSD,0.5520455849103478,anti-toxic
GHVLYVDDG,0.5520369740215509,anti-toxic
GVINFHGVD,0.5520005841868568,anti-toxic
GYSYCCGFG,0.5519885279863729,anti-toxic
GFHRCVLCL,0.5519501932275959,anti-toxic
GGCCYDSDG,0.5519072303175164,anti-toxic
GSDYRIDGG,0.5518457847587301,anti-toxic
GSDLCSGFG,0.5518424412156542,anti-toxic
GFRHLSYYD,0.5518288395469172,anti-toxic
GYLVVCGYN,0.5518161491340444,anti-toxic
GRCYGFFHR,0.5518091632200129,anti-toxic
GRFFRSGHD,0.5518013857970143,anti-toxic
GLNSHVGFR,0.5517903097169986,anti-toxic
GCYHCCDGD,0.5517903097169986,anti-toxic
GRYNIFGFI,0.5517548730165667,anti-toxic
GGISVFGLS,0.5517548730165667,anti-toxic
GLHYYCGIR,0.5517169648873668,anti-toxic
GLFRFVHGV,0.5516823031305421,anti-toxic
GCGHGYVSD,0.5516692555728387,anti-toxic
GRGIDHGFG,0.5516692555728387,anti-toxic
GYGVFNVFR,0.5516637973148796,anti-toxic
GFCFFDDGY,0.5516504878503621,anti-toxic
GYFHSFVFR,0.5516504878503621,anti-toxic
GVGSDDRFG,0.5516176807835881,anti-toxic
GRDGDDRCR,0.5516095233284549,anti-toxic
GRSGIFSVD,0.5515941006155511,anti-toxic
GGFYRLGCS,0.5515689990647016,anti-toxic
GCCFFYSSG,0.5515532600507327,anti-toxic
GIFVRIGVN,0.5515488998175893,anti-toxic
GLSYCHGYG,0.5515299859060423,anti-toxic
GCIFRDLFG,0.5515090227513523,anti-toxic
GNHYRNNGH,0.5514793928412003,anti-toxic
GYCYNIRYG,0.5514739762459545,anti-toxic
GCIVCFNGY,0.5514499979728752,anti-toxic
GHFFNFRSG,0.5514071913608546,anti-toxic
GGCCYVDSG,0.5514052276535836,anti-toxic
GYYCHNGCG,0.551391902262548,anti-toxic
GVFYCLDGY,0.5513775209362588,anti-toxic
GYGIFDGYV,0.5513672830917751,anti-toxic
GFVGLVDCG,0.5513672830917751,anti-toxic
GVHGGDGFR,0.5513672830917751,anti-toxic
GCYRFSGVS,0.5513248590923369,anti-toxic
GICCYYDDS,0.5513064532741949,anti-toxic
GYGLCDHFR,0.5512896021933158,anti-toxic
GFGFSLCFS,0.5512640032425339,anti-toxic
GLYYSSGVS,0.5512598376479061,anti-toxic
GFYRNLCVD,0.5512229752380123,anti-toxic
GVCYVNCFD,0.5511683847682146,anti-toxic
GCSGLDYFD,0.5511541570337082,anti-toxic
GCGFIFGSG,0.5511298988377625,anti-toxic
GFFIRDCVD,0.5511298988377625,anti-toxic
GCLFGCGYD,0.5511298988377625,anti-toxic
GFFNYVLNR,0.5510616653962799,anti-toxic
GFYCLVGFR,0.5510541652109417,anti-toxic
GLCCIIGFG,0.55103826077493,anti-toxic
GSSVRIGFR,0.551032453417934,anti-toxic
GIDGHSSVD,0.5510094997707258,anti-toxic
GFILDHSVG,0.5510094997707258,anti-toxic
GSCIILGYG,0.5510061609573388,anti-toxic
GSGCRLGSG,0.5509564614331631,anti-toxic
GNFGCFGFG,0.5509419134602005,anti-toxic
GFDCFYDGY,0.5509074688805811,anti-toxic
GYLYRFGCG,0.5508939105245273,anti-toxic
GCHVDIRVG,0.5508717524052205,anti-toxic
GFDDVVNSS,0.5508364070327741,anti-toxic
GYFFVDSFC,0.5508145020640208,anti-toxic
GICGHSGDS,0.5508083940582276,anti-toxic
GRCVRSYVD,0.5507840722376418,anti-toxic
GNCGISGSG,0.5506773790834623,anti-toxic
GCCFYDCYD,0.5506726008407303,anti-toxic
GCSLSVGSD,0.5506186132118658,anti-toxic
GYYGFIFYD,0.550550171878196,anti-toxic
GFSGRCGVF,0.5505354821495706,anti-toxic
GVGVGHHDY,0.5505195327387495,anti-toxic
GRSIHYSSG,0.5505021543556855,anti-toxic
GHGFDSGGD,0.5504909593234784,anti-toxic
GFCLFCGYG,0.5504517136492522,anti-toxic
GYIFGDIGH,0.5503998189316005,anti-toxic
GLHSCYHFR,0.5503998189316005,anti-toxic
GGLLYVGGN,0.5503851663739682,anti-toxic
GLNRCGGFS,0.5503684104006465,anti-toxic
GCHLVFDSC,0.550362277447964,anti-toxic
GRVHYGDGD,0.5503531682540861,anti-toxic
GLRVNVGSG,0.5503531682540861,anti-toxic
GNSNLLLYS,0.5503531682540861,anti-toxic
GFFCYLDNG,0.5503169936272772,anti-toxic
GGFVFFDGG,0.550281672030779,anti-toxic
GFRGIIRHN,0.5502694036229117,anti-toxic
GFSGLFDDD,0.5502637089782547,anti-toxic
GCFDGFVVN,0.5502283530550941,anti-toxic
GFFNFLDDH,0.5502283530550941,anti-toxic
GCVVFNVVN,0.5502283530550941,anti-toxic
GFIYSVGCG,0.5502283530550941,anti-toxic
GGVDLDRFR,0.5501878423996006,anti-toxic
GFFIRGVFD,0.5501878423996006,anti-toxic
GIRYLCYGY,0.5501611300100092,anti-toxic
GDDCGLSSN,0.5501611300100092,anti-toxic
GVGFLLDCG,0.5501572213733523,anti-toxic
GFRFSFNYD,0.5501421920624688,anti-toxic
GLCDSHLLC,0.5501421920624688,anti-toxic
GFIVYRCYC,0.5501083987712482,anti-toxic
GDYSYFGLS,0.5501083987712482,anti-toxic
GCLYRSGLG,0.550090357667002,anti-toxic
GGSYDIGCL,0.5500791366021907,anti-toxic
GLYGRDYYR,0.5500197748960045,anti-toxic
GIFHGLGFV,0.5500157473048594,anti-toxic
GRFCHIGGG,0.54999302686028,anti-toxic
GRINGFNSG,0.54999302686028,anti-toxic
GLRCYFRDD,0.5499769039607959,anti-toxic
GGIGFVSDS,0.5499369780143736,anti-toxic
GFFRRLNCG,0.5499369780143736,anti-toxic
GGCRDYFGD,0.5499009922264007,anti-toxic
GFFRFLIDD,0.5498683907618773,anti-toxic
GFNVYVGYR,0.5498564531996688,anti-toxic
GVFRILDGV,0.5498458832092356,anti-toxic
GHLFCFRYS,0.549768027499689,anti-toxic
GNFRFIHDD,0.5497431165180137,anti-toxic
GGHRRVGCG,0.5497293781084394,anti-toxic
GFFIDIRDS,0.5496719218682742,anti-toxic
GFFSYDCHS,0.5496719218682742,anti-toxic
GNCLLYGYD,0.5496719218682742,anti-toxic
GLDFCSCFS,0.5496719218682742,anti-toxic
GCIVVDLYG,0.5496719218682742,anti-toxic
GHVHHVGFD,0.5496005329502367,anti-toxic
GHRNFRGSG,0.5495939333820798,anti-toxic
GSYCHSCYS,0.5495756366485243,anti-toxic
GRHNVFGFD,0.5495740857602003,anti-toxic
GCYYVLDRR,0.5495309400517777,anti-toxic
GGHFLIGGD,0.5495240769368367,anti-toxic
GNSYDNGYV,0.5495180858417628,anti-toxic
GNYRRHGFG,0.5494959261861642,anti-toxic
GGGCVSGGN,0.5494937132150132,anti-toxic
GHRFLIHYG,0.5494709725720742,anti-toxic
GSLRHDYSG,0.5494630762369819,anti-toxic
GLHGILHGR,0.5494556397513025,anti-toxic
GFFGYDHVF,0.5493838326491507,anti-toxic
GGCGLSGFV,0.5493536408119594,anti-toxic
GFDFLLDGD,0.5493536408119594,anti-toxic
GFCYFVIDR,0.5493536408119594,anti-toxic
GLYVCLDYG,0.5493536408119594,anti-toxic
GFFNHDNCD,0.5493237900004115,anti-toxic
GLIGCCGFR,0.5493198149789889,anti-toxic
GCFGVDHYD,0.549304076075417,anti-toxic
GSFRSSGYR,0.5492942744689098,anti-toxic
GYGCRGLIY,0.5492758032847499,anti-toxic
GFFIDVCVR,0.5492692380360834,anti-toxic
GFYYVRDVF,0.5492466848991167,anti-toxic
GCHYLDDFV,0.5491596310605347,anti-toxic
GSNIRCGCS,0.5491527413140306,anti-toxic
GRHCDCGYG,0.5491505054521527,anti-toxic
GSSVCVDSC,0.5491239161401639,anti-toxic
GRVGRDFFR,0.5490941281171128,anti-toxic
GYRFCYDCG,0.5490888457253265,anti-toxic
GHFYYCHFR,0.5490695715887692,anti-toxic
GCDVNCICI,0.5490695715887692,anti-toxic
GSYFNDYVG,0.5490695715887692,anti-toxic
GVIVVIDYG,0.5490392113238157,anti-toxic
GFYNVLDYN,0.5490314638818258,anti-toxic
GFRVRFGYV,0.5490279210356686,anti-toxic
GFSVFSVFD,0.5490136148185965,anti-toxic
GHGLFYSDN,0.5490032620257879,anti-toxic
GFFFGIDDS,0.5489882087517736,anti-toxic
GVNIDGCFD,0.548964313594579,anti-toxic
GFGLFYCDG,0.548964313594579,anti-toxic
GCFCVVGYS,0.5489319885926546,anti-toxic
GSVFRDYFD,0.5489276295148888,anti-toxic
GVFYCDSYG,0.5489205471446877,anti-toxic
GGGCIVVDN,0.5489111360349315,anti-toxic
GFCHNRGFR,0.5488882323649635,anti-toxic
GNCDCYGFS,0.5488784826880804,anti-toxic
GFFDDVGLG,0.5488757814401793,anti-toxic
GHRFFCGVG,0.5488144793747373,anti-toxic
GNSGIVVDY,0.5488144793747373,anti-toxic
GFSGRSSFC,0.5488144793747373,anti-toxic
GFLDVGHFR,0.5488144793747373,anti-toxic
GGRVGDSFD,0.5488144793747373,anti-toxic
GSFGIVVDD,0.5488144793747373,anti-toxic
GLVGLDDGG,0.5488144793747373,anti-toxic
GYCLCIYYD,0.5487351344431375,anti-toxic
GCDGNSGLS,0.5487216053361248,anti-toxic
GGYLGDVVD,0.5487160085834522,anti-toxic
GVFRFCGYC,0.5487129493960392,anti-toxic
GSIRYSIHV,0.548686008886623,anti-toxic
GFGINYGVG,0.5485841455152394,anti-toxic
GIDGHIHSV,0.5485841455152394,anti-toxic
GGHYDNYVD,0.5485841455152394,anti-toxic
GVVRFYDDG,0.5485841455152394,anti-toxic
GHCNCFHYS,0.5485407356014741,anti-toxic
GIGGISGHS,0.5484771632553307,anti-toxic
GVNDHFGGS,0.5484771632553307,anti-toxic
GVCFDDSFC,0.5484198903805028,anti-toxic
GLIHGSGFV,0.5484153727619628,anti-toxic
GILDGLGFV,0.5484086138933537,anti-toxic
GCFYYLVGN,0.5484060199212535,anti-toxic
GRCFRGGYD,0.5484001948046369,anti-toxic
GGDCLDDCG,0.548325867492817,anti-toxic
GCFGDCGVR,0.5482968458427743,anti-toxic
GHDSCVDYG,0.5482968458427743,anti-toxic
GVYVFDGLG,0.5482863903632215,anti-toxic
GGYDCFVVD,0.5482863903632215,anti-toxic
GFFYYGVVD,0.5482777168766689,anti-toxic
GSYHRILDG,0.54826821714502,anti-toxic
GSCYSRIRC,0.5482641589438838,anti-toxic
GFYGYSFYD,0.5482604764692947,anti-toxic
GCFNIYDGY,0.5482074988679624,anti-toxic
GNGFGCGYD,0.5482042135369143,anti-toxic
GFCFLYDVY,0.5481846105451078,anti-toxic
GCFFCCHYD,0.5481846105451078,anti-toxic
GGSVYCGYG,0.5481846105451078,anti-toxic
GFHFSFCVG,0.5481319958941784,anti-toxic
GCCDYFSSG,0.5481247944880058,anti-toxic
GCCGIVCRV,0.5480955336333191,anti-toxic
GFIFGHGFG,0.5480955336333191,anti-toxic
GCVFRDSFD,0.5480487732457978,anti-toxic
GCFNRHVVD,0.5480426080040419,anti-toxic
GFFYCGGGS,0.548040828228978,anti-toxic
GNFFLIDFR,0.548032326094752,anti-toxic
GCFFRSGLD,0.5480270004973234,anti-toxic
GIGSVDGCG,0.5480239095323942,anti-toxic
GSFVCGGYG,0.5479689192161631,anti-toxic
GRRYFFDVG,0.5479100757119876,anti-toxic
GYRGSDVVN,0.5479067509822686,anti-toxic
GVVVDIGCG,0.5479019587408559,anti-toxic
GINSYHGVD,0.5478865360777422,anti-toxic
GDNCDFFVD,0.547883247350791,anti-toxic
GLGNYYGDR,0.5478810142503933,anti-toxic
GDDRDLHVC,0.5478810142503933,anti-toxic
GFHYCFVCD,0.5478769431530962,anti-toxic
GRHYFIYDG,0.5478693332304244,anti-toxic
GLHRGDDFD,0.5478671779281701,anti-toxic
GYGHGCGFD,0.5478571853029288,anti-toxic
GVCFSYDCG,0.5478559437503197,anti-toxic
GYFVSDVFG,0.5478500231002817,anti-toxic
GSNLDFSVR,0.5478404414192871,anti-toxic
GFYYCFFDS,0.5478382371529045,anti-toxic
GCCDCYGYG,0.5478222832892157,anti-toxic
GLVSDCGFG,0.5477926095341021,anti-toxic
GRHCDVDDN,0.5477541510305971,anti-toxic
GSCGVVGYN,0.5477397343266024,anti-toxic
GNCSVSGYN,0.5477023290053696,anti-toxic
GFDVLFDCG,0.5476451812347888,anti-toxic
GHSLILHGS,0.5476398720437459,anti-toxic
GSSVNCLYD,0.547637282170904,anti-toxic
GNGFHSGYY,0.5476265292875923,anti-toxic
GFCCSIGYR,0.5475877847657756,anti-toxic
GFNLCFGFV,0.5475758784346981,anti-toxic
GGFFFDDCG,0.5475748265876892,anti-toxic
GFGCVYHYH,0.5475657369357099,anti-toxic
GSVYCSGIL,0.5475657369357099,anti-toxic
GCYSCVGYG,0.5475632583476504,anti-toxic
GFCFYDVFR,0.5475538268729933,anti-toxic
GCIFCNGFD,0.5475493814841892,anti-toxic
GYRCCSGLG,0.547548296557611,anti-toxic
GCLYFDHLS,0.5475293119294682,anti-toxic
GRGCCGGFN,0.5475139324248847,anti-toxic
GCFRCFVVD,0.5475052670829385,anti-toxic
GLCCHGGVS,0.5475012201886695,anti-toxic
GVDGVDGCG,0.5475012201886695,anti-toxic
GHRCCGDYG,0.5475012201886695,anti-toxic
GRVYHVGIG,0.5474802402856727,anti-toxic
GCLCYCLRC,0.5474390404359822,anti-toxic
GSCVVLYGR,0.547390895157744,anti-toxic
GLSHGGGFS,0.547390895157744,anti-toxic
GYFSFLGGD,0.5473511407030558,anti-toxic
GDFYSGGYR,0.5473212017479975,anti-toxic
GCNVYFGLG,0.5473212017479975,anti-toxic
GFRHFIDFY,0.5473212017479975,anti-toxic
GCLIDDGFG,0.5473042328112768,anti-toxic
GLRGISGCG,0.5472603335654307,anti-toxic
GFNGGIGGD,0.5472543717898901,anti-toxic
GSIDCDFFD,0.5472543717898901,anti-toxic
GIFLGCCVD,0.5472486900216,anti-toxic
GSVVLISVD,0.5472471153469473,anti-toxic
GFRGSGCDN,0.5472380911397823,anti-toxic
GGIGFFGDG,0.5472360159013662,anti-toxic
GIDCVFGSG,0.5472195112992736,anti-toxic
GVRYHGCVF,0.5472113233206174,anti-toxic
GNFCFLGFS,0.54719023236163,anti-toxic
GRFDFLVFD,0.5471591213274175,anti-toxic
GFNGCDDFD,0.5471591213274175,anti-toxic
GIFFFDNFY,0.5471372760779523,anti-toxic
GHVGSCYVG,0.5470839903728312,anti-toxic
GHDVVYDCG,0.5470783620626817,anti-toxic
GFFVYDGDS,0.5470553865934974,anti-toxic
GCVFFRGYD,0.5470124249970569,anti-toxic
GYRVLDVVN,0.5469910832205026,anti-toxic
GYCCSNGYG,0.5469779010110375,anti-toxic
GYNYVFGFR,0.5469575725205832,anti-toxic
GIFRHISSG,0.5469575725205832,anti-toxic
GFSIRSGFV,0.5469553313187827,anti-toxic
GVYVCSGYD,0.5469221256970324,anti-toxic
GRCFGNGLG,0.5468973343691399,anti-toxic
GCDCSFHRI,0.546893244293262,anti-toxic
GFCDHLVYI,0.5468881482979238,anti-toxic
GSSVCLFVD,0.5468790216841041,anti-toxic
GCFYNVLHI,0.5468790216841041,anti-toxic
GGRHRVYDG,0.5468790216841041,anti-toxic
GFVCFVVDS,0.5468631914527547,anti-toxic
GSVFDVYVY,0.5468308764058658,anti-toxic
GGNGFCDDG,0.5468212153422695,anti-toxic
GFDIFSSYR,0.5468167527784266,anti-toxic
GFSGVFSYG,0.5467909026857489,anti-toxic
GCVVFSGDD,0.5467571828610569,anti-toxic
GHLVGDGYV,0.5467571828610569,anti-toxic
GRLLYHGVD,0.5467242879940157,anti-toxic
GCDSNLGSG,0.5466816599529624,anti-toxic
GSYGNSGYC,0.5466764274578038,anti-toxic
GCLRSNDCD,0.5466574195844675,anti-toxic
GHVCRLVFS,0.5466497573501751,anti-toxic
GFIGVCGVG,0.5466102632108386,anti-toxic
GLFFRNGDS,0.5465760079045671,anti-toxic
GIFRDYCLD,0.5465426634781311,anti-toxic
GFDFYNCHS,0.5465426634781311,anti-toxic
GDRYCIGGS,0.5465426634781311,anti-toxic
GFSHHSSYG,0.5465426634781311,anti-toxic
GGSRCSSYG,0.5465061952137761,anti-toxic
GFCGSSVFG,0.5465038021759796,anti-toxic
GLFYCLFYD,0.546466142557855,anti-toxic
GFISCLDDY,0.5464347776293826,anti-toxic
GNCNLSNYV,0.5464177046276348,anti-toxic
GFGHGYRRR,0.5464104921468468,anti-toxic
GCYRIIHYN,0.5463812028515097,anti-toxic
GFFFGFSCG,0.5463768987085396,anti-toxic
GFSNCNCYG,0.5463598411298605,anti-toxic
GFYFYYCDD,0.5463598411298605,anti-toxic
GFFDVYDCS,0.5463598411298605,anti-toxic
GVYHRIVDF,0.5463598411298605,anti-toxic
GCFHHVGVG,0.546298801849099,anti-toxic
GIFVNGGFV,0.5462940588695252,anti-toxic
GFSDDSCFD,0.5462918578037868,anti-toxic
GHYYGRGCD,0.5462781991553926,anti-toxic
GYRRRDGYF,0.5462781991553926,anti-toxic
GHSCVDDYG,0.5462651543410368,anti-toxic
GFSLVFVHR,0.5462586895090694,anti-toxic
GCHSYCGCG,0.5462395212837097,anti-toxic
GHFDLVGFI,0.5462233563764105,anti-toxic
GHRFCLCYD,0.5462169576010496,anti-toxic
GLLDDYNFR,0.546215605166428,anti-toxic
GFIVVDVCD,0.5461948580126171,anti-toxic
GSLYGVDSS,0.546183977802127,anti-toxic
GFCVDSGFG,0.546150995498568,anti-toxic
GFFFVDCVD,0.546131204914049,anti-toxic
GRDSIFGCD,0.546131204914049,anti-toxic
GCCYGSGCG,0.546131204914049,anti-toxic
GFFHFLCVD,0.5461249865381509,anti-toxic
GCCFRDRGH,0.5460796018228447,anti-toxic
GFFHYFVNG,0.5460287451158036,anti-toxic
GFVICNVVD,0.5459905551564217,anti-toxic
GSFYRDFGS,0.5459770341576067,anti-toxic
GGCSIVDYG,0.5459743879809515,anti-toxic
GFVVSSGSS,0.5459696043510628,anti-toxic
GFCVVFGHS,0.5459616674290684,anti-toxic
GNDFDDCCG,0.545944049349031,anti-toxic
GYRFNCNVN,0.545944049349031,anti-toxic
GSFSCCDYG,0.5459253293558428,anti-toxic
GSHVNNRFS,0.5459216301000311,anti-toxic
GFYRCLLYY,0.5459069792724515,anti-toxic
GVIVHDDVS,0.5458889882419014,anti-toxic
GHVRDDRSG,0.5458889882419014,anti-toxic
GLCFVDGFL,0.5458771885249588,anti-toxic
GFFHFCGYY,0.5458745280670338,anti-toxic
GFDVSYDCG,0.5458497678006968,anti-toxic
GFHSFIGGG,0.5458370670891223,anti-toxic
GVFFGFGFG,0.5458331955264201,anti-toxic
GVRVRDCSG,0.5458204118195414,anti-toxic
GFGLVHGHG,0.5458189132421145,anti-toxic
GCHLFGGFY,0.5457880247445495,anti-toxic
GFSYVSDYG,0.5457880247445495,anti-toxic
GVYGSSGYS,0.54576782922817,anti-toxic
GNLRHCGYD,0.5457416282398417,anti-toxic
GHRVRDYYS,0.5457237630232817,anti-toxic
GCYRSYVVD,0.5457120632796953,anti-toxic
GFIFRNVDH,0.5457120632796953,anti-toxic
GRHYVCGYV,0.5456976690837838,anti-toxic
GCVVGVGDG,0.5456398682951649,anti-toxic
GHCSCCGYS,0.5456163329131364,anti-toxic
GGNVFLVFR,0.545613366430905,anti-toxic
GVIVISGVG,0.5455786353755142,anti-toxic
GCYYFLDHR,0.5455529770205726,anti-toxic
GNYGYYHDF,0.5455427299162813,anti-toxic
GVRLFIGGG,0.545531137756185,anti-toxic
GGCVSHHDN,0.5455181107455084,anti-toxic
GRNNLDVFR,0.5454919619599545,anti-toxic
GCDIFFDVV,0.545475807274666,anti-toxic
GHYGVLRNR,0.5454445731790789,anti-toxic
GYYHSCGHG,0.5454445731790789,anti-toxic
GRNHVDDYG,0.5454344675495476,anti-toxic
GIVIDIFDD,0.5454146949855476,anti-toxic
GFIVRSVVG,0.5453586678317702,anti-toxic
GDVHFCFDD,0.5453323668790352,anti-toxic
GFYHVLVNR,0.5453323668790352,anti-toxic
GYCCFYSGG,0.5453071164658241,anti-toxic
GDFVVDGGS,0.5453071164658241,anti-toxic
GSYRVSGDG,0.5452935194813705,anti-toxic
GFCLSFGCG,0.5452881638782945,anti-toxic
GLLLGCGSG,0.5452672015278884,anti-toxic
GCYNRNCVD,0.5452370746171272,anti-toxic
GNYRSDSFG,0.5452154544811226,anti-toxic
GCSCVNDFG,0.54519461951353,anti-toxic
GVDLCLFFN,0.54519461951353,anti-toxic
GFCCGNGFV,0.5451888049255715,anti-toxic
GNINISGLG,0.5451364199983015,anti-toxic
GCCGVSGVG,0.545127299709298,anti-toxic
GFVFVNRHH,0.5451095184270901,anti-toxic
GYCVYFCVD,0.5450839383384238,anti-toxic
GDVFRRGVS,0.5450773278207951,anti-toxic
GCFGDSVLV,0.5450756886118305,anti-toxic
GHRLHDGGD,0.5450675717924023,anti-toxic
GSNVSGGCD,0.5450622328391613,anti-toxic
GCGFHCGCG,0.545059584694003,anti-toxic
GHHFGIHDG,0.545051724231529,anti-toxic
GCYNCVFYD,0.545051724231529,anti-toxic
GVFYYDCFD,0.5450363713554548,anti-toxic
GGGFGDDGG,0.5450214903575982,anti-toxic
GYGHIGHFR,0.5449955739331893,anti-toxic
GINLRDGCD,0.5449930595709098,anti-toxic
GHRSYNGVF,0.5449930595709098,anti-toxic
GGYCSYSGG,0.5449695381496407,anti-toxic
GLFVHHGSG,0.544966275243176,anti-toxic
GNYCNRGVG,0.544966275243176,anti-toxic
GYFGCLDYY,0.544966275243176,anti-toxic
GFCHFDGYV,0.5449409983766611,anti-toxic
GRLYCSDDD,0.5449249229220433,anti-toxic
GLCYFYGCG,0.5449171051913937,anti-toxic
GSFIRCVRY,0.5449113348713592,anti-toxic
GFRFRGGFR,0.5448730389865054,anti-toxic
GHNDLSGFD,0.5448550195901207,anti-toxic
GVDVHNGCS,0.5448526777740071,anti-toxic
GLRFCDNYG,0.5448428786002366,anti-toxic
GFYDFCVLR,0.5448333211683879,anti-toxic
GYCLVSGCD,0.5448148966098334,anti-toxic
GFCIDNCFG,0.5448077728239612,anti-toxic
GVVFVDGFG,0.5448042616513544,anti-toxic
GNYCCIDGD,0.5447973383619625,anti-toxic
GCYNYVNDG,0.5447888652326024,anti-toxic
GFCHGFNSG,0.544767729505489,anti-toxic
GYIYRFDVN,0.5447645873735301,anti-toxic
GRVVGVGVG,0.5447583870197226,anti-toxic
GLIYGFDGG,0.5447346515140039,anti-toxic
GFDHGFVDS,0.5447071827760103,anti-toxic
GVYVDSCFC,0.5446788665070902,anti-toxic
GHNRGRLCC,0.5446699772004857,anti-toxic
GLCGDCVYL,0.5446661089137861,anti-toxic
GSFIVSGVG,0.5446619108203642,anti-toxic
GFCLRDDVY,0.5446529528318238,anti-toxic
GVIDGNDFD,0.5446521661355791,anti-toxic
GNVCCDGYG,0.5446474900425092,anti-toxic
GFVDGCGHR,0.5446474900425092,anti-toxic
GNDFGIHFR,0.5446316972287507,anti-toxic
GLGIRCGSG,0.5446266225390504,anti-toxic
GIVHVVGGN,0.5446167424420926,anti-toxic
GYCHSNGCG,0.5446167424420926,anti-toxic
GCNRCYDDG,0.5446090865055917,anti-toxic
GGVGCYFSD,0.5446072057874978,anti-toxic
GCHFCFHDY,0.5446072057874978,anti-toxic
GHHSGDGFR,0.544582184912162,anti-toxic
GVVVGNGCG,0.5445601627960245,anti-toxic
GCINVLGFG,0.5445562900249747,anti-toxic
GCNVILDGG,0.5445505938242576,anti-toxic
GVCIRSGFD,0.5445450290021803,anti-toxic
GFSGYGGYG,0.5445389944942788,anti-toxic
GCCHVNGFG,0.5445290788754225,anti-toxic
GDGYHDRGR,0.5445206702191805,anti-toxic
GLSFSFCVD,0.5444940321057667,anti-toxic
GIYDDHGLS,0.5444681314185554,anti-toxic
GCGFYDDGG,0.544406939788388,anti-toxic
GCNFLHGYG,0.544367661114076,anti-toxic
GFRVLFNSG,0.5443565162850952,anti-toxic
GLIISCGIS,0.5443436993781928,anti-toxic
GIDVVSGFS,0.544339676475405,anti-toxic
GSDNDCGYS,0.5443132007112329,anti-toxic
GFFFVLDFD,0.5443075229788434,anti-toxic
GHYVYFGVG,0.5442872189609851,anti-toxic
GCFHLLHFN,0.5442714133457518,anti-toxic
GFSYSDHFG,0.5442499478008526,anti-toxic
GCYGNNGFG,0.5442468031434573,anti-toxic
GRFHDSDYG,0.5441468708287394,anti-toxic
GFYVILDGG,0.5441305192812477,anti-toxic
GNFDRFFFR,0.5440680443502757,anti-toxic
GDFCCLCYG,0.5440680443502757,anti-toxic
GCCYYRYRV,0.5440680443502757,anti-toxic
GGCVGSCVD,0.5440680443502757,anti-toxic
GVFVFLVYD,0.5440680443502757,anti-toxic
GSFDLLVGR,0.5440680443502757,anti-toxic
GDYHCCSYD,0.5440680443502757,anti-toxic
GIDDRDGDN,0.5440680443502757,anti-toxic
GCHYGLVYD,0.5440680443502757,anti-toxic
GLVYRDVVG,0.5440680443502757,anti-toxic
GNDHVDVYG,0.5440680443502757,anti-toxic
GIVLHSGFG,0.5440680443502757,anti-toxic
GCCVDDGVS,0.5440680443502757,anti-toxic
GCCHDFVFR,0.5440680443502757,anti-toxic
GFSFSGGYS,0.5440680443502757,anti-toxic
GCRLRSGYV,0.5440680443502757,anti-toxic
GDLIRVGFR,0.5439260484418983,anti-toxic
GRYFRVGCG,0.5438356148655181,anti-toxic
GLLSVVGYD,0.5438284335955612,anti-toxic
GFCLDFFHR,0.5437872202332142,anti-toxic
GNRHHDGFF,0.5437859433452913,anti-toxic
GFGHNVGCD,0.5437807175241133,anti-toxic
GCLLFLGYD,0.5436825188194965,anti-toxic
GYYDVFHFY,0.543659680914543,anti-toxic
GSGCHDRFD,0.5436457842470996,anti-toxic
GNRGFFGSD,0.5436149462581564,anti-toxic
GGRSYVDDG,0.5435941823481049,anti-toxic
GFLNFYYDD,0.5435927302151613,anti-toxic
GVFYRCFDS,0.543579249158663,anti-toxic
GLYDSRGCG,0.543546369234212,anti-toxic
GYFFCDYFD,0.5435282127308584,anti-toxic
GGIFRNHDS,0.5435218764117199,anti-toxic
GFVCSYDCG,0.5435186521430405,anti-toxic
GIVCRVCRI,0.5435087468075498,anti-toxic
GYCCSSGDI,0.5435087468075498,anti-toxic
GLCYRDVCG,0.5434984777349957,anti-toxic
GVVLGVGCS,0.5434878245152706,anti-toxic
GDYGIGGDS,0.543465276062115,anti-toxic
GRLWYFIDY,0.5434545473109712,anti-toxic
GFFGGSGFG,0.54345333160518,anti-toxic
GVSCISGFG,0.5434409041952267,anti-toxic
GCYYYGDGY,0.5434409041952267,anti-toxic
GRYGFCDSG,0.5434409041952267,anti-toxic
GINYCYSYG,0.5434279639368373,anti-toxic
GSCVCHGFR,0.5433931499146856,anti-toxic
GGINIFDSD,0.543385727663339,anti-toxic
GHFYCYDYD,0.543385727663339,anti-toxic
GHCGNIRDD,0.5433543309901352,anti-toxic
GFYNCFRDG,0.5433288195217516,anti-toxic
GSSVFCGFS,0.5433288195217516,anti-toxic
GGIIRFGVS,0.5433199055228822,anti-toxic
GFCVYVGFS,0.5433014166456405,anti-toxic
GFFIRVGLG,0.5432885745354644,anti-toxic
GFVYFNRSG,0.5432769795014962,anti-toxic
GVCDSIGGG,0.543263164475625,anti-toxic
GIFGFSGVV,0.5432444247559909,anti-toxic
GCHGVGGFR,0.5432400279280454,anti-toxic
GSCCLDGLS,0.543235583903897,anti-toxic
GSSFCDGSG,0.5432094717835241,anti-toxic
GHCYGGGYG,0.543201477088563,anti-toxic
GFNHYCFDD,0.5431808234453822,anti-toxic
GGHCLDDGY,0.5431635779034706,anti-toxic
GGFCVDDDD,0.5431573824902798,anti-toxic
GVVCVFGGG,0.5431410547093164,anti-toxic
GGFCCLDSG,0.5431198027467028,anti-toxic
GCHHVRGFG,0.5431125005502672,anti-toxic
GLIYSSGSS,0.5431125005502672,anti-toxic
GRVFCDVFN,0.5431075696162173,anti-toxic
GLCDSGGYG,0.5430877957960367,anti-toxic
GVFGCFGYR,0.5430607895920703,anti-toxic
GLVYHHGVD,0.5430240667275991,anti-toxic
GISGGFRDG,0.5430240667275991,anti-toxic
GIFCDGCVD,0.5430152087270093,anti-toxic
GGNRNCVSN,0.5430152087270093,anti-toxic
GLCLRYVVN,0.5429782207372152,anti-toxic
GCNGNDNGH,0.5429587347256851,anti-toxic
GCYDRFSVG,0.5429520836114308,anti-toxic
GDYSLCGFD,0.5429385392093058,anti-toxic
GFCGFFGSG,0.5429385392093058,anti-toxic
GLGLYFGVR,0.5429316429642277,anti-toxic
GLSGYGCVG,0.5429246619911133,anti-toxic
GHFYYLDGD,0.5428790101184164,anti-toxic
GSSFCDGFG,0.5428732857373322,anti-toxic
GHFRFLCFS,0.5428669777642912,anti-toxic
GFFVLRCNG,0.5428616700137292,anti-toxic
GFCGVYDGH,0.5428336679193771,anti-toxic
GLIVFFNSS,0.5428303846870426,anti-toxic
GRCYFCCDP,0.5428268892326245,anti-toxic
GCCCSDYFD,0.5428254269591799,anti-toxic
GCYHVYGFG,0.542808610460682,anti-toxic
GCYFILDDN,0.5427825146048242,anti-toxic
GLFCFSNFG,0.5427735739972769,anti-toxic
GSYGCSDFD,0.5427459901119804,anti-toxic
GGDLRIDGG,0.5427459901119804,anti-toxic
GFNIRLVVD,0.5427459901119804,anti-toxic
GHLNGDGDD,0.5427172050593169,anti-toxic
GVYYVVGYD,0.5427172050593169,anti-toxic
GGGSFCCVD,0.5426871386338901,anti-toxic
GVYRRDCVD,0.5426747339415282,anti-toxic
GGFGLSGGS,0.5426744129413358,anti-toxic
GCCCRGGVG,0.5426715978676863,anti-toxic
GLILSCGLG,0.5426621043658463,anti-toxic
GRLFRSGGS,0.5426228034760947,anti-toxic
GVLFSCFYD,0.5426228034760947,anti-toxic
GCFDGSFDS,0.5426228034760947,anti-toxic
GSDFFRGGG,0.5425953590398062,anti-toxic
GSICDYDCG,0.5425941928840423,anti-toxic
GVFGHDLGH,0.5425764762605296,anti-toxic
GGDVVRSFC,0.5425764762605296,anti-toxic
GCLYGCDDG,0.5425521807453263,anti-toxic
GVFIVFDDG,0.5425381634836618,anti-toxic
GICLHLDYG,0.5425225107550908,anti-toxic
GRCVCFDDY,0.542514216281654,anti-toxic
GFCFRCGVG,0.5424945118973624,anti-toxic
GFSFGCRHC,0.5424743013437183,anti-toxic
GIFVYDGGG,0.5424743013437183,anti-toxic
GFLLSFNGY,0.5424408619225736,anti-toxic
GSVGVSGSG,0.5424059891954213,anti-toxic
GCFFCFGCG,0.5423879862322539,anti-toxic
GLCCFVGCG,0.5423796735011164,anti-toxic
GFIDYIGSG,0.5423726831267747,anti-toxic
GYSVSSGID,0.5423682594723812,anti-toxic
GSHVLDSFG,0.5423649265523216,anti-toxic
GGIDDNCFS,0.5423480639560018,anti-toxic
GYDNSDGCD,0.5423315587025308,anti-toxic
GRFDSCFLN,0.5422659899725952,anti-toxic
GYGVICCGD,0.5422471004586499,anti-toxic
GIDIGSRFS,0.5422471004586499,anti-toxic
GCVGYRGCG,0.5422394333038676,anti-toxic
GIYDSLLYD,0.5422258592682696,anti-toxic
GRYRCLSYG,0.5421839004757242,anti-toxic
GDNCVYDYG,0.5421694862145535,anti-toxic
GVLHFLVVD,0.5421449660114099,anti-toxic
GNCSSVGFR,0.5421383199523667,anti-toxic
GFYGILDFG,0.5421369852243116,anti-toxic
GLFRFRGLG,0.5421248890642735,anti-toxic
GGCCVDVCD,0.5421248890642735,anti-toxic
GFFVRVGVN,0.5420939751245585,anti-toxic
GHYSNFGYS,0.542087673924197,anti-toxic
GGCLVRGCG,0.542062061652677,anti-toxic
GFYHRSGDG,0.5420433577838611,anti-toxic
GFFSYLLYD,0.5420178698966579,anti-toxic
GCCVVSGHS,0.5420137557205986,anti-toxic
GILCCYVDN,0.5419950357274104,anti-toxic
GVGHCFVFD,0.5419896938847167,anti-toxic
GCNDGFHVD,0.5419733143058724,anti-toxic
GIFSFVRYG,0.54197168718936,anti-toxic
GNDGIYRGG,0.5419630658733783,anti-toxic
GRLVDNGFN,0.5419613707933287,anti-toxic
GDDYCVGDS,0.5419526262276546,anti-toxic
GGFIRLLGG,0.5419339148375898,anti-toxic
GCGFFLGFS,0.5419046800666448,anti-toxic
GHGINISYG,0.541901982593768,anti-toxic
GGIVVIRDG,0.5418960737851106,anti-toxic
GLDGGDSGD,0.5418727853446459,anti-toxic
GRLRIDGHS,0.5418305613903174,anti-toxic
GHYYFYDNC,0.5418155644297372,anti-toxic
GCCGIDRFD,0.5417640894407113,anti-toxic
GLFLSDVCD,0.5417254253425863,anti-toxic
GCIGVNGCD,0.5417205008942901,anti-toxic
GFIYDDNCD,0.5417093448285826,anti-toxic
GFFLCVGYS,0.5416935470086707,anti-toxic
GYDRRGGID,0.5416883426049209,anti-toxic
GFCFDLGYG,0.5416854413995867,anti-toxic
GSYHYGHVR,0.5416752312343853,anti-toxic
GCSGFCGGG,0.5416752312343853,anti-toxic
GLLCYDFFY,0.5416752312343853,anti-toxic
GLCIYCGLG,0.5416440688563069,anti-toxic
GFFLDNVFG,0.5416385662686527,anti-toxic
GCIIFLDGG,0.5416050188646515,anti-toxic
GLCDCYGFI,0.5415503881290291,anti-toxic
GFCRIDCFR,0.5415386575737741,anti-toxic
GNCVCDNFD,0.5415162502224391,anti-toxic
GGCHFIGCG,0.5415108564994822,anti-toxic
GFSCLLFFR,0.5415020429007988,anti-toxic
GGFCCFSVD,0.541475233771996,anti-toxic
GYLCDDSSG,0.5414453411828042,anti-toxic
GDCLIRDYG,0.5414279481840673,anti-toxic
GCGGDGLYG,0.5414198990605874,anti-toxic
GFYDRYDCG,0.5413954544889488,anti-toxic
GFIVFRGSG,0.5413855498311707,anti-toxic
GIVVSFCIC,0.5413621509743507,anti-toxic
GVRHVGGFV,0.5413621509743507,anti-toxic
GYFDSDDFG,0.5413502977972623,anti-toxic
GLFRHCGFV,0.5413185449216104,anti-toxic
GHHGIGNNR,0.5413065636523169,anti-toxic
GFSYDDVVY,0.5412811183251925,anti-toxic
GRHNYDSYG,0.5412735104021676,anti-toxic
GRDVRSGIR,0.5412643258850975,anti-toxic
GCLLFCGSG,0.5412643258850975,anti-toxic
GGCVDLDDG,0.5412643258850975,anti-toxic
GDCVFFGFS,0.5412486445533787,anti-toxic
GYFIFYDVD,0.5412387543314113,anti-toxic
GYCLYHDYG,0.5412287944767652,anti-toxic
GLCVHFRSG,0.5412243453308326,anti-toxic
GHLIDCFFR,0.5412127120274487,anti-toxic
GRFIIDGYG,0.5411969683267508,anti-toxic
GCCLLIGDS,0.5411869969159558,anti-toxic
GIYNIFDVG,0.541143491332959,anti-toxic
GYDRGCVFR,0.541143491332959,anti-toxic
GFVNCGVCL,0.5411316269303,anti-toxic
GFLRYLNSG,0.5411269869576305,anti-toxic
GFCVGDGLD,0.541120136768086,anti-toxic
GHCDRIDVY,0.5410677251156764,anti-toxic
GFYFRLCGH,0.5410661471741408,anti-toxic
GCFVRLGID,0.5410203512682703,anti-toxic
GSIGVSGHS,0.5410178330132588,anti-toxic
GFCLHFDSS,0.5409548089261327,anti-toxic
GCFNCDDGG,0.5409359488341267,anti-toxic
GFHCRGGCS,0.5409018494136101,anti-toxic
GVCYYGGVG,0.5409018494136101,anti-toxic
GYSYFFNVD,0.5408801576466306,anti-toxic
GINGHDGYG,0.5407990789786445,anti-toxic
GFSSVHSLD,0.5407903345890397,anti-toxic
GNCYCLGFS,0.5407903345890397,anti-toxic
GHFLYRGGG,0.5407903345890397,anti-toxic
GFLGLDGLG,0.5407634757200553,anti-toxic
GVYSFCGSG,0.5407074821973372,anti-toxic
GFGYCFSFF,0.5407014036003184,anti-toxic
GCVFVCGHS,0.5406771928710875,anti-toxic
GDYYLDGFG,0.5406706777534837,anti-toxic
GYYIRCGYG,0.5406534842706225,anti-toxic
GFISGCFFC,0.5406456902973102,anti-toxic
GLIVCSDDG,0.5405961207606992,anti-toxic
GSIFRSGLG,0.5405945962276854,anti-toxic
GFLCRYSDV,0.5405926005862534,anti-toxic
GLNFCYGGG,0.5405585748941736,anti-toxic
GLYHRLVGD,0.5405369046176953,anti-toxic
GFHIDVGCR,0.5404030902638702,anti-toxic
GFSYLDGYR,0.5404030902638702,anti-toxic
GLVHRLLYS,0.5404030902638702,anti-toxic
GFLVFNGDN,0.5403758267287909,anti-toxic
GFFLGDVGG,0.5403666485200349,anti-toxic
GIVDIIGGN,0.5403481545251463,anti-toxic
GCYFVGDYG,0.540314395383157,anti-toxic
GCIIILDGS,0.5403042746816684,anti-toxic
GRGGSLGHG,0.5403003675570635,anti-toxic
GVYFCFGYG,0.5402810688680116,anti-toxic
GVFSCLLYD,0.5402750553331366,anti-toxic
GIIGYLRVD,0.5402528413497603,anti-toxic
GFFDFDSGG,0.5402436186040968,anti-toxic
GFCVRGVCD,0.5402436186040968,anti-toxic
GRIRILVGR,0.5402416364972228,anti-toxic
GCLNYCGFD,0.5402303656354327,anti-toxic
GGCRGVGFD,0.5402213010264302,anti-toxic
GSCFVYNVD,0.5401858283523812,anti-toxic
GLCYSLDDG,0.5401730004667514,anti-toxic
GYLCDDDGD,0.5401663801744989,anti-toxic
GDYLRCGVS,0.5401627847776735,anti-toxic
GHDHCLFDG,0.5401271834961846,anti-toxic
GNCLCCGYR,0.5401234715299466,anti-toxic
GLCVDDSCG,0.5401234715299466,anti-toxic
GFFRNIDGG,0.5401018571326742,anti-toxic
GCVYRLIYY,0.5400897464682404,anti-toxic
GFRIGDDFG,0.5400845067447451,anti-toxic
GGCHIFHFD,0.540074902853436,anti-toxic
GVYHHIFDD,0.5400554397485672,anti-toxic
GIHGYIDIY,0.5400544217678842,anti-toxic
GFVRCCYGG,0.5400467704173515,anti-toxic
GCGVDCGFG,0.5400467704173515,anti-toxic
GGLHILGHH,0.5400028557116259,anti-toxic
GNRDVFGDG,0.5399850200872083,anti-toxic
GGCVGDRFG,0.539967027267774,anti-toxic
GYHFGDDCG,0.539967027267774,anti-toxic
GFCHGGGSG,0.5399599433572702,anti-toxic
GCFDVYGYD,0.5399120845791179,anti-toxic
GRHRLYVRI,0.5399120845791179,anti-toxic
GNCIYLHDY,0.5399120845791179,anti-toxic
GRGCRDRNR,0.5399120845791179,anti-toxic
GNNVRNDCG,0.5398758495883245,anti-toxic
GFCCRYDGG,0.5398746308701642,anti-toxic
GGRVISCCD,0.5398114486194733,anti-toxic
GVFGCFGFC,0.539797661055362,anti-toxic
GGFGIYGCL,0.5397845572013397,anti-toxic
GCSYGFGGG,0.5397680638575516,anti-toxic
GSGDGLDGY,0.5397514430082451,anti-toxic
GVYGGVFCY,0.539746670567633,anti-toxic
GFDCSCGVR,0.5396992472889461,anti-toxic
GLSYHLHFR,0.5396694329087337,anti-toxic
GRNFYVGFR,0.5396425875292641,anti-toxic
GRCIYDHFF,0.5396137029240257,anti-toxic
GFVVNCCSL,0.5395922800860928,anti-toxic
GFDDHVFFR,0.5395733653507924,anti-toxic
GFGCFCGFI,0.5395617779510744,anti-toxic
GDLGDYGLG,0.5395597566495753,anti-toxic
GILGGVGFR,0.5395597566495753,anti-toxic
GFIVGIDYG,0.5395488102108823,anti-toxic
GVNIVYDSS,0.5395371617743909,anti-toxic
GFFGVFGVR,0.5395044876633209,anti-toxic
GNDGCCGFG,0.5395044876633209,anti-toxic
GGDIGGDYD,0.5395044876633209,anti-toxic
GLCLHSSYG,0.5394964812757923,anti-toxic
GDCYGFGFR,0.5394955186210171,anti-toxic
GFCVICDGN,0.5394478467135304,anti-toxic
GYIDDCCVC,0.5394478467135304,anti-toxic
GYCRGLDDS,0.5394478467135304,anti-toxic
GNVHSIVFD,0.5394345754799917,anti-toxic
GYFCSNGSG,0.5394286526498452,anti-toxic
GLRHRSGVG,0.5394097724153513,anti-toxic
GFRNRFCIF,0.5394004475885826,anti-toxic
GRGYVGGFD,0.539389782072505,anti-toxic
GGLGFSGYV,0.5393729231418958,anti-toxic
GFDDRDDHG,0.5393601989873191,anti-toxic
GLCFFYDSC,0.5393412546513402,anti-toxic
GVHRRDHGY,0.5393302393790081,anti-toxic
GDVVCRGYG,0.5393291427519257,anti-toxic
GRCVGLRDG,0.5393012233696622,anti-toxic
GCFGRFLYD,0.5392691614685069,anti-toxic
GDYFSCHGR,0.5392691614685069,anti-toxic
GLNLYIFDD,0.5392691614685069,anti-toxic
GLLHYVDGG,0.5392691614685069,anti-toxic
GVGGFDHFR,0.5392691614685069,anti-toxic
GGYFRFDSG,0.5391882797321891,anti-toxic
GDLLDSHFF,0.5391852317200762,anti-toxic
GRDNLSGGS,0.5391824301907178,anti-toxic
GFGIYCGFG,0.5391745336259051,anti-toxic
GRIGVDRFS,0.5391598224744996,anti-toxic
GIFFGCVDN,0.5391547400980787,anti-toxic
GHLFCDRFN,0.5391206593361305,anti-toxic
GIGRCVGYS,0.5390472429752248,anti-toxic
GCFVVDHDH,0.5390386289267508,anti-toxic
GCCLHYDGN,0.5390293191418792,anti-toxic
GHSFGFYDN,0.5390082455808733,anti-toxic
GHVHLVGFI,0.5390082455808733,anti-toxic
GLNYYCDFL,0.5390082455808733,anti-toxic
GISYGCGLD,0.5389976425588169,anti-toxic
GVSGLIFSL,0.5389944529812087,anti-toxic
GIFCCYDCG,0.5389885188210006,anti-toxic
GCRFIDHFS,0.5389385223342242,anti-toxic
GVICHDRDS,0.5389284046978646,anti-toxic
GGIFCLDGL,0.5389061907144883,anti-toxic
GLDRYDGFF,0.5389001771796132,anti-toxic
GCFDYLGSG,0.5388896992496055,anti-toxic
GCLIRFGFV,0.5388842339166928,anti-toxic
GFYGCICCH,0.538878007160054,anti-toxic
GLRSRDCLD,0.5388668506644679,anti-toxic
GCLYFIGYG,0.5388668506644679,anti-toxic
GISVSNVYG,0.5388527467598827,anti-toxic
GGVHRLGLS,0.538849350433494,anti-toxic
GFGYSFVSC,0.5387781557837545,anti-toxic
GFRYCIDGH,0.5387781557837545,anti-toxic
GFFCFDIGC,0.5387681137123765,anti-toxic
GLFDDGHYD,0.5387353618258046,anti-toxic
GCGHYIGGG,0.5387173259661745,anti-toxic
GVLYGLVYI,0.5387173259661745,anti-toxic
GFCVDYGGG,0.5387173259661745,anti-toxic
GCDNRFFVD,0.5387173259661745,anti-toxic
GRYHVCGSS,0.5386935557090927,anti-toxic
GCLLFSGHS,0.5386607992861645,anti-toxic
GRILRLVGD,0.5386607992861645,anti-toxic
GLRDGDLGN,0.5386607992861645,anti-toxic
GHYFIDDDG,0.5386392926388773,anti-toxic
GRFHRLDYS,0.5385913704891016,anti-toxic
GNYYVIHYS,0.5385792574601942,anti-toxic
GGNRCHDFG,0.5385685249087752,anti-toxic
GYYCSFRDG,0.5385589495655,anti-toxic
GFYVGLVCD,0.5385261424987259,anti-toxic
GFYSRDIHY,0.5385261424987259,anti-toxic
GSIDDLHGS,0.5385261424987259,anti-toxic
GGYGSSYGD,0.5385205193626269,anti-toxic
GFRCDGGVD,0.5385105682941411,anti-toxic
GCHCGVGYG,0.5385083147884923,anti-toxic
GYLRCYGFN,0.5384929423487298,anti-toxic
GFCFFDDGD,0.5384761926531455,anti-toxic
GVCFHSGCD,0.5384709377135617,anti-toxic
GDVLSDVFD,0.538466843704937,anti-toxic
GHVLSNGFD,0.5384661563120506,anti-toxic
GCCDCFGFR,0.5384480517102173,anti-toxic
GHCSYFSSG,0.538432168712395,anti-toxic
GHRCFLDGG,0.5384294879803642,anti-toxic
GDGYHDDFN,0.5384040327324173,anti-toxic
GFSLFNGLG,0.5383909114585851,anti-toxic
GDRYCDGGG,0.5383909114585851,anti-toxic
GVFDDLGCS,0.5383909114585851,anti-toxic
GVCHNCCYD,0.5383909114585851,anti-toxic
GVFNFLVSS,0.5383909114585851,anti-toxic
GYNRDVGLD,0.5383909114585851,anti-toxic
GFNVVSGGG,0.5383397728677809,anti-toxic
GVCLCDVFD,0.5383252237201398,anti-toxic
GFRGRCGFR,0.5382991041478313,anti-toxic
GFRLFRGCD,0.5382902054913158,anti-toxic
GLCHYCGVG,0.5382730727706004,anti-toxic
GNYHVLLFN,0.5382730727706004,anti-toxic
GFSIYVGID,0.5382621171273021,anti-toxic
GFNDVYSCG,0.5382579980736446,anti-toxic
GGCNRDLYG,0.5382326985308232,anti-toxic
GHVHSFGFG,0.5382264371214921,anti-toxic
GGHCLIYDG,0.5382237915573798,anti-toxic
GHYFHIVDS,0.5382237915573798,anti-toxic
GDGCHNSVD,0.5382196596890542,anti-toxic
GHFCINHYG,0.5382122997012235,anti-toxic
GIYVGVGFG,0.5381502384228313,anti-toxic
GCCNRYRVD,0.5381502384228313,anti-toxic
GCFGDVGFR,0.5381445311933379,anti-toxic
GSVRCVYDG,0.5381354441089227,anti-toxic
GDFRGFVIN,0.5380776806610882,anti-toxic
GLNHLFVFY,0.5380776806610882,anti-toxic
GRLIDCSVD,0.5380740060382905,anti-toxic
GFCIFYVDD,0.5380723450530766,anti-toxic
GFYYLLFYN,0.5380679438807476,anti-toxic
GFFLSLDHR,0.538052148194994,anti-toxic
GYDLCFDVD,0.5379725831405735,anti-toxic
GSGYYDGFN,0.5379674160745608,anti-toxic
GIVVFDDVN,0.5379654453634217,anti-toxic
GFFDNLDSG,0.5379610445701755,anti-toxic
GFFCFCVDN,0.5379580597796605,anti-toxic
GLIVRCGFG,0.5379424917162134,anti-toxic
GFNDGGNIF,0.5379282280005737,anti-toxic
GLFGSFHYS,0.5379282280005737,anti-toxic
GGYSYISCV,0.5379222651609201,anti-toxic
GVFCGLFYR,0.5379144501031672,anti-toxic
GVHHFSHFI,0.5379077356454571,anti-toxic
GFVGDFGYS,0.5378957420391295,anti-toxic
GFNLIFSCG,0.537894921259744,anti-toxic
GGFHRDDYG,0.5378814086513857,anti-toxic
GSFCVIVYD,0.5378757951819653,anti-toxic
GHDGNHSVD,0.537846341503968,anti-toxic
GCDSFDVVF,0.5378441705363085,anti-toxic
GYYDRHGYD,0.5378190950732742,anti-toxic
GYYDRDVLD,0.5377973155551078,anti-toxic
GSSDGHCIC,0.5377956962164541,anti-toxic
GFCSNSFYD,0.5377916089505534,anti-toxic
GRNDRNCVF,0.537788978608375,anti-toxic
GFYYFVFDD,0.5377613469870375,anti-toxic
GLVYCVGFG,0.5377532978635576,anti-toxic
GRNNFIGGN,0.5377278663192566,anti-toxic
GCGCGFRGG,0.5377278663192566,anti-toxic
GCDNGDIGF,0.5377278663192566,anti-toxic
GHVHRGGCG,0.5377232349069202,anti-toxic
GDGHFDYYY,0.5377124019190946,anti-toxic
GCSGSGGSG,0.5376906245851599,anti-toxic
GFCLFDGCG,0.5376806511595155,anti-toxic
GGFVYVGCS,0.5376726954487955,anti-toxic
GYNRRRGYG,0.5376703895481427,anti-toxic
GLVFFVDSG,0.5376633821424016,anti-toxic
GCYYRVGVG,0.5376576773119276,anti-toxic
GGCYDDYFY,0.5376268655772052,anti-toxic
GSGFIGGFD,0.5376020021010439,anti-toxic
GIHHLRGCG,0.5375946286177051,anti-toxic
GSSDFRGCS,0.5375922205836412,anti-toxic
GRISIVDDG,0.5375824094268342,anti-toxic
GHRVFCGFG,0.5374876990389541,anti-toxic
GYFLSVVDS,0.5374876990389541,anti-toxic
GGSCCYGSS,0.5374876990389541,anti-toxic
GLHRFCSYG,0.5374737105223116,anti-toxic
GYNDGCVVD,0.5374584890253634,anti-toxic
GICIFSGCG,0.5374531126016273,anti-toxic
GHCHVCGSG,0.5374505405060392,anti-toxic
GFFVVDDGF,0.5374486946398167,anti-toxic
GNDGYVCDG,0.5374374654512625,anti-toxic
GVLDVRGYG,0.5374374654512625,anti-toxic
GCCIYYDVG,0.5374290185251636,anti-toxic
GVLLLIVYD,0.5373911283499219,anti-toxic
GYYVVHVDD,0.5373797480637228,anti-toxic
GCHFVNGDN,0.537378199600148,anti-toxic
GLDSGCGYS,0.5373775853556876,anti-toxic
GFVRFVRDD,0.5373627595454175,anti-toxic
GFIVLFDGH,0.5373565686489604,anti-toxic
GDHCCVDYG,0.5373346616913073,anti-toxic
GVVYDFHVR,0.5373346616913073,anti-toxic
GFCVYSSCV,0.5372714348721962,anti-toxic
GCISFNSSG,0.5372368953272048,anti-toxic
GFHFYFDNG,0.5372305776579895,anti-toxic
GIRICSGVD,0.5372078430625831,anti-toxic
GHIFNVCDG,0.5371599077745925,anti-toxic
GDSDVFGYG,0.5371528597706017,anti-toxic
GVCRCLDGG,0.5371191843949479,anti-toxic
GCIFDCFDG,0.5371191843949479,anti-toxic
GIVGIHGFS,0.5371191843949479,anti-toxic
GVCCFDDYG,0.5371191843949479,anti-toxic
GRGNHHGVD,0.5371191843949479,anti-toxic
GYYFISGFS,0.5370508399960494,anti-toxic
GIGFSCCYD,0.5370442608233131,anti-toxic
GGIYGLVYV,0.537036280036215,anti-toxic
GRGHYVCVD,0.5370316161958603,anti-toxic
GCCVSSVFV,0.5369973455719006,anti-toxic
GNFFFDVHG,0.5369599563521364,anti-toxic
GFLCVDGFL,0.5369599563521364,anti-toxic
GHVFRCGVD,0.5369418127437573,anti-toxic
GHLCFRGSG,0.5369366118302398,anti-toxic
GGCDVIDSS,0.5369316362644955,anti-toxic
GFSLVLDDS,0.5369190025606115,anti-toxic
GLHGVGGFG,0.5369128800311851,anti-toxic
GFSGLYSIS,0.5368775741067117,anti-toxic
GSLFHSGYG,0.5368643914971126,anti-toxic
GIYRHFCDS,0.5368496873450941,anti-toxic
GDFNFSFVD,0.5368241473714384,anti-toxic
GRRYRFVHR,0.5368184472581445,anti-toxic
GFCHCFSHD,0.5368108659915415,anti-toxic
GCDYLYYDS,0.5368015725465084,anti-toxic
GGIDIYGCV,0.5367932598153708,anti-toxic
GCDFIFDNS,0.5367932598153708,anti-toxic
GILDCGGYD,0.5367790148139131,anti-toxic
GLYYHCGVD,0.5367708162360318,anti-toxic
GLLRLICYN,0.5367688056087763,anti-toxic
GSRDYCGVS,0.5367688056087763,anti-toxic
GLLYVYYDD,0.5367464314050205,anti-toxic
GDSCGYGSG,0.536732543388415,anti-toxic
GYGGGFHFR,0.5367069447039066,anti-toxic
GCYHCIVYG,0.5367069447039066,anti-toxic
GFRDRSGFR,0.5367069447039066,anti-toxic
GNGIYDNGG,0.5367069447039066,anti-toxic
GRYVGISSG,0.5366748520024766,anti-toxic
GFYCFVGVD,0.5366670297659709,anti-toxic
GCSNLLVGY,0.5366440262710688,anti-toxic
GFFVHDCDS,0.5366440262710688,anti-toxic
GYICGIGSG,0.5366185566946662,anti-toxic
GRFLGDNSG,0.5366047697870953,anti-toxic
GHHNYISDN,0.5365747850984621,anti-toxic
GSHYCFVVR,0.5365584425715301,anti-toxic
GSDVLCGFG,0.5365584425715301,anti-toxic
GICFCDRFS,0.5365280202057929,anti-toxic
GLLVVSGVD,0.5364885416407654,anti-toxic
GFVLVDGLG,0.5364819216512541,anti-toxic
GFNVLVDII,0.536464040988308,anti-toxic
GDYGFFSDG,0.536464040988308,anti-toxic
GIYHVDSCD,0.5364625471274493,anti-toxic
GFHHYCRFS,0.5364400685694608,anti-toxic
GYVDDCGFR,0.5364352559356445,anti-toxic
GFNYYDNDS,0.5364352559356445,anti-toxic
GFINGFGYD,0.5364092627298728,anti-toxic
GSFCVFGFD,0.5364038251788438,anti-toxic
GDDSNVGFD,0.5363955108562808,anti-toxic
GDVYLDGCG,0.5363955108562808,anti-toxic
GLHSLNDGG,0.5363926962999733,anti-toxic
GFNVVYSVG,0.5363593847099482,anti-toxic
GLVFRDVVS,0.5363539075768355,anti-toxic
GYRVSGGYS,0.5363508613605822,anti-toxic
GFRLHVGFD,0.536340180631098,anti-toxic
GYDNFICGV,0.536340180631098,anti-toxic
GYRFICNYG,0.5363241039863229,anti-toxic
GFRCVFRVN,0.5363227832618709,anti-toxic
GYGCGNHFG,0.5363179028357199,anti-toxic
GCFNFDLFG,0.5362765950582187,anti-toxic
GRNRNDCFR,0.5362708065104135,anti-toxic
GYYLDSGFS,0.5362498013565687,anti-toxic
GCYSVIVDN,0.5362427068383191,anti-toxic
GLHCFNDGD,0.5362427068383191,anti-toxic
GLFYCFGYG,0.536210736984287,anti-toxic
GNSVYLDCG,0.5362007777525475,anti-toxic
GRNCFYIDS,0.5361904105552884,anti-toxic
GFSICYCLR,0.5361904105552884,anti-toxic
GVFVCLGGD,0.5361904105552884,anti-toxic
GILGVIGSG,0.5361842120598748,anti-toxic
GYDCVFGYY,0.5361842120598748,anti-toxic
GYCSSDYYD,0.5361814911807502,anti-toxic
GYYHGDSGD,0.5361740382506349,anti-toxic
GDVIDDGLC,0.5361660373206156,anti-toxic
GYLYVSGYC,0.5361519357058111,anti-toxic
GLRCHIDDS,0.5361392500191766,anti-toxic
GLNYDIYDG,0.5361314776196541,anti-toxic
GFRIVRGVD,0.5361262271589556,anti-toxic
GIFDDDRFD,0.5361248361680602,anti-toxic
GIYCHGDYG,0.5361070110140926,anti-toxic
GSGFSDDGY,0.5360991146790003,anti-toxic
GLRSSCDDG,0.5360991146790003,anti-toxic
GLFRNVGGG,0.5360253240948617,anti-toxic
GCYFFDDFC,0.5360004226022427,anti-toxic
GRGGGIRDG,0.5359937561396688,anti-toxic
GFHVVVGFN,0.5359717742641008,anti-toxic
GFYCLFDVD,0.5359461588705638,anti-toxic
GVHDYCGYR,0.5359412181195794,anti-toxic
GCSDGDGVD,0.5359412181195794,anti-toxic
GYCRCVLLN,0.5359412181195794,anti-toxic
GFLYCFVFD,0.5359284182114777,anti-toxic
GICGVDGLD,0.5358992552728485,anti-toxic
GCLIVSSYG,0.5358992552728485,anti-toxic
GHIFCIGYD,0.5358992552728485,anti-toxic
GSNVRLCGS,0.5358992552728485,anti-toxic
GGDCFSGYN,0.5358704721279327,anti-toxic
GNRFLIGHV,0.5358541922915471,anti-toxic
GICSFGRVG,0.5358437224447052,anti-toxic
GRRILSVVD,0.5358364233164451,anti-toxic
GHHYDFLSF,0.5358269150574896,anti-toxic
GVNVFNGCG,0.535822254070203,anti-toxic
GFIFCFDSG,0.5358025160798654,anti-toxic
GRYRFDFFG,0.5357955183842857,anti-toxic
GCCLSNVFS,0.5357955183842857,anti-toxic
GIFDHVGFG,0.5357919354364474,anti-toxic
GVFFGVSDG,0.5357532821107875,anti-toxic
GFSVCNGFG,0.5357367401847964,anti-toxic
GVCSYCGRS,0.5357320018237479,anti-toxic
GLNIHHVYD,0.5357269788571539,anti-toxic
GHCVFDGFV,0.5357238807038572,anti-toxic
GFGCDGDCV,0.5357159699855097,anti-toxic
GCNRGSGGS,0.5357159699855097,anti-toxic
GIYFGFRDG,0.5357159699855097,anti-toxic
GSDSVYGSG,0.5357067435170865,anti-toxic
GCVNYVGCG,0.5357047856205923,anti-toxic
GIFNCVGFS,0.535689112777505,anti-toxic
GRFDGIGHV,0.5356806844409743,anti-toxic
GIINYFGYN,0.5356419908554606,anti-toxic
GLVFRNGCG,0.5356419908554606,anti-toxic
GCVLFFDNG,0.5356262489890325,anti-toxic
GFGLVFVYR,0.5356114172870383,anti-toxic
GGIYVHGDG,0.5355841858904602,anti-toxic
GFFLRFGDG,0.5355832843567501,anti-toxic
GFYIDGLVN,0.5355472791766678,anti-toxic
GFGFCDYFY,0.5355338259257773,anti-toxic
GVLVYYNDG,0.5354848700828087,anti-toxic
GNIGGFCSS,0.5354778792583716,anti-toxic
GFFFGLVDG,0.5354408969380557,anti-toxic
GFFVFDVFG,0.5354250828467694,anti-toxic
GLIFGFGVG,0.5354130253073957,anti-toxic
GDFLFDDDY,0.535401865371588,anti-toxic
GVDIRDGHS,0.535401865371588,anti-toxic
GNNIDIYDG,0.5353772907793107,anti-toxic
GRHVVDHFY,0.5353723272908977,anti-toxic
GLIICDGFH,0.5353644568283973,anti-toxic
GFDHLDFDS,0.535356572105457,anti-toxic
GIFDRVDDY,0.5353544094135765,anti-toxic
GCDDCDVGY,0.5353235647345953,anti-toxic
GSLCRCGID,0.5353235647345953,anti-toxic
GFFIRYDGY,0.535307734503246,anti-toxic
GLNVSIGGG,0.5352941200427705,anti-toxic
GIIRYHIRC,0.5352719060593942,anti-toxic
GVYDCNYYD,0.5352719060593942,anti-toxic
GRYDSDCVD,0.5352687234472308,anti-toxic
GGYGDDDSG,0.535254550594253,anti-toxic
GCFYYRGVD,0.5352196333807401,anti-toxic
GCIIDFGFD,0.5352196333807401,anti-toxic
GISCRDFCD,0.5352115362345978,anti-toxic
GYGGLIGVD,0.5352115362345978,anti-toxic
GFFCRFCYD,0.5351985499302864,anti-toxic
GNGINGGCD,0.5351985499302864,anti-toxic
GSFVFGDFD,0.5351844383877251,anti-toxic
GCNFHDGHS,0.5351132016973492,anti-toxic
GSLSRDSCG,0.5351132016973492,anti-toxic
GCHFLNGLD,0.5351132016973492,anti-toxic
GILVVCGCD,0.5351132016973492,anti-toxic
GFVFINDCG,0.5351132016973492,anti-toxic
GNGVDNGYC,0.5351132016973492,anti-toxic
GDCLVRGVD,0.5351132016973492,anti-toxic
GLYRSCYFS,0.5351132016973492,anti-toxic
GVCYCNVFY,0.5351132016973492,anti-toxic
GFFCVFRSG,0.5350971164186606,anti-toxic
GSGRHLDVR,0.5350668002354851,anti-toxic
GIYGVDHYN,0.5350595817847058,anti-toxic
GCYNFLSSG,0.5350481047202501,anti-toxic
GCFCVVRDG,0.5350387278084754,anti-toxic
GLYHDSGLY,0.5350365186421657,anti-toxic
GNCLNCGVD,0.5350164229823184,anti-toxic
GFILRVGGR,0.5350041783550161,anti-toxic
GCIDYVIDH,0.5350018298588357,anti-toxic
GLFCCFSLF,0.5349863448301106,anti-toxic
GRCRVVVDS,0.5349820543365751,anti-toxic
GFHYRYDCG,0.5349725395157461,anti-toxic
GNDVFIIDG,0.5349486650475678,anti-toxic
GRCHDFDDN,0.5349486650475678,anti-toxic
GYCCSGGVG,0.5349409924552723,anti-toxic
GCYFCCGFC,0.5349246649104059,anti-toxic
GLCLRLGCG,0.5348826232571554,anti-toxic
GYCRCDDFD,0.5348791437655707,anti-toxic
GFFHCLSFR,0.5348470083197826,anti-toxic
GFRCCCSCC,0.534816451100287,anti-toxic
GFFFDVGSG,0.5347884955275293,anti-toxic
GLDLLFNGY,0.5347628229111776,anti-toxic
GFCVYDNDG,0.5347582409240923,anti-toxic
GFCIIDDGY,0.5347462439383787,anti-toxic
GGRVNFDCG,0.5347437465649846,anti-toxic
GIDVYNGVG,0.5347280180961322,anti-toxic
GFVFRFGVG,0.5346837141369771,anti-toxic
GLCYYYGYG,0.5346692134338684,anti-toxic
GVYGDDLCD,0.5346605758284444,anti-toxic
GFSFHCRYG,0.5346605758284444,anti-toxic
GDYVCYDCG,0.5346565782908603,anti-toxic
GFCDYIDGH,0.5346489638317617,anti-toxic
GCFDFVSDG,0.5346456927907327,anti-toxic
GCFSVNCHL,0.5346203013131463,anti-toxic
GYRIRDNFI,0.5346171485515817,anti-toxic
GVRSDDGCG,0.5346171485515817,anti-toxic
GNHLYFCDD,0.5346146308951136,anti-toxic
GDCVCCDGG,0.5346007597713422,anti-toxic
GCYRCNSYG,0.5346007597713422,anti-toxic
GDGLVYGFN,0.5345868478795527,anti-toxic
GCSRCVGVG,0.5345832510740509,anti-toxic
GIYLFVDDY,0.5345645036055322,anti-toxic
GCCHYIDFG,0.5345337560051157,anti-toxic
GVHFCYLHY,0.5345227264440452,anti-toxic
GGNGCDDYG,0.5345204699526824,anti-toxic
GRCYGSGSG,0.5345095956489633,anti-toxic
GCDCCVSIV,0.5345049132539152,anti-toxic
GGYSVYYDS,0.5344509731642798,anti-toxic
GFVINDNCD,0.5344491888776157,anti-toxic
GLRILLNSS,0.5344491888776157,anti-toxic
GFFCIDVDD,0.534446594533621,anti-toxic
GCDSFNSSS,0.5344166586740948,anti-toxic
GRFLYDDDH,0.5343983134998719,anti-toxic
GSRGGVGFG,0.5343663494377914,anti-toxic
GGCGICGVD,0.5343663494377914,anti-toxic
GFDVINSLC,0.5343614131232874,anti-toxic
GFFINNDDG,0.5343554027231853,anti-toxic
GLRFFDGFG,0.5343218966222453,anti-toxic
GNYIRDGLD,0.5343125059636817,anti-toxic
GVRFDCGVG,0.5342898943760835,anti-toxic
GYNLFDDVG,0.5342898943760835,anti-toxic
GCIRRRGYV,0.5342756035941244,anti-toxic
GHYCVCGGS,0.5342756035941244,anti-toxic
GFYRFFFVH,0.5342641408562312,anti-toxic
GYNRFLVGD,0.5342506503077513,anti-toxic
GFSHVFFVS,0.5342506503077513,anti-toxic
GFNRIYSLG,0.5342506503077513,anti-toxic
GHVHGLFVD,0.5342468963414717,anti-toxic
GLSVSVGYR,0.5342402476709638,anti-toxic
GDLIFFGLD,0.5342252551972623,anti-toxic
GNVFCVGFR,0.5342252551972623,anti-toxic
GIGIGVDYG,0.5342252551972623,anti-toxic
GYYCDHYSI,0.5342074777363252,anti-toxic
GFLVYLGYG,0.534188186476715,anti-toxic
GLHNYLNYN,0.5341597556900266,anti-toxic
GLLSLSGCG,0.5341597556900266,anti-toxic
GFNFFNGGS,0.5341232434800002,anti-toxic
GGFFILCYD,0.5341067250431687,anti-toxic
GVCNGSGID,0.5340629122328513,anti-toxic
GYHSCCGGG,0.5340629122328513,anti-toxic
GFLYDFVGC,0.5340557517424773,anti-toxic
GNGGYVSCD,0.534026106056135,anti-toxic
GLYGFLGIR,0.534026106056135,anti-toxic
GFYRFDFFD,0.5340120741509334,anti-toxic
GLCCRIGGS,0.5339947501857988,anti-toxic
GYSFSSRFD,0.5339947501857988,anti-toxic
GFHNLCGGG,0.5339441714304975,anti-toxic
GYSLYIGLR,0.5339051495083811,anti-toxic
GFVCYVGGG,0.5339008898609672,anti-toxic
GYCCFDGYG,0.5338888014448417,anti-toxic
GLSHGFGFR,0.5338639651239163,anti-toxic
GGFCVSGLS,0.5338488791685896,anti-toxic
GCFVNDDVD,0.5338358640650657,anti-toxic
GSCVVYVVD,0.5338279255834697,anti-toxic
GNCVSDGFV,0.5338241555842778,anti-toxic
GVSGVNGFR,0.533785931667275,anti-toxic
GFGFCCGGS,0.5337438216900685,anti-toxic
GGFVRSGFR,0.5336923687548737,anti-toxic
GIGFVCGYR,0.5336860085565539,anti-toxic
GGYCHDRSD,0.5336631353021164,anti-toxic
GHGRSCGFD,0.5336592516219012,anti-toxic
GGGNVIDDG,0.5336454933659893,anti-toxic
GVYHVIYYD,0.5336154811355165,anti-toxic
GCIDDFCVR,0.5336026106721107,anti-toxic
GFGVRVYDG,0.5336026106721107,anti-toxic
GVCGNFDGG,0.5336026106721107,anti-toxic
GVFRGCGFI,0.5336026106721107,anti-toxic
GFLCVCGHR,0.5336026106721107,anti-toxic
GCSGGDDVD,0.5336026106721107,anti-toxic
GFYSIGSFV,0.5336026106721107,anti-toxic
GNSNIYGFS,0.5335691944075689,anti-toxic
GSFSVDRGG,0.5335368134623941,anti-toxic
GGGHYVGVS,0.5335368134623941,anti-toxic
GFLRCCDDY,0.5335315139244847,anti-toxic
GGNVVGLIR,0.5335178620169675,anti-toxic
GHRFGIGCG,0.5335088611883352,anti-toxic
GRFGVSRDL,0.5334910958475403,anti-toxic
GNCYYFCLG,0.533483576963841,anti-toxic
GCGRFSGVR,0.533465023317276,anti-toxic
GVILLDVYD,0.5334352018001172,anti-toxic
GLCVVNSYG,0.533434442429195,anti-toxic
GHHIRYRGS,0.5334289276136458,anti-toxic
GFCSRHVVN,0.533423038834984,anti-toxic
GRSLLDSFG,0.533419309913089,anti-toxic
GLNCDDGFF,0.5333827926374014,anti-toxic
GGCGILSRI,0.5333771788051734,anti-toxic
GHGLGYNYG,0.5333441789585025,anti-toxic
GCCLSFGVG,0.53330710044216,anti-toxic
GDNVVVCVD,0.5332998609338808,anti-toxic
GLHLNSGCD,0.5332950663646092,anti-toxic
GHYCLFHGV,0.5332945785420945,anti-toxic
GDYYHNGYG,0.533250449707701,anti-toxic
GRHVRIRDD,0.5332371966985938,anti-toxic
GGNGYIRSG,0.5332371966985938,anti-toxic
GRNDHDDGY,0.5332195786185564,anti-toxic
GFVCICSDY,0.5331950137563137,anti-toxic
GSCCGDRYD,0.5331950137563137,anti-toxic
GIGNGGCVF,0.5331418207276597,anti-toxic
GYCYSSGCD,0.5330979104620236,anti-toxic
GFNLRCGGS,0.5330726600488125,anti-toxic
GFINFCVDN,0.5330562595094739,anti-toxic
GNCSVYVVD,0.5330447499892351,anti-toxic
GGGFDCGID,0.5330071156084231,anti-toxic
GSFCCSVDS,0.5329790721846633,anti-toxic
GLIVVNCHL,0.5329790721846633,anti-toxic
GCNRIDCYD,0.5329790721846633,anti-toxic
GFNLRFCVR,0.5329790721846633,anti-toxic
GGLLIVGFG,0.5329790721846633,anti-toxic
GLYFYCDYG,0.5329790721846633,anti-toxic
GFIDYVGGG,0.532962934307475,anti-toxic
GIDNLIFDD,0.532951183632276,anti-toxic
GGNCRNGHS,0.5329400712882335,anti-toxic
GFGFISGYV,0.532928983437488,anti-toxic
GFYCGDVFD,0.5329259637184518,anti-toxic
GGFHLIGVG,0.5329232725055508,anti-toxic
GYNFDFFDY,0.532914237597411,anti-toxic
GDSVVSDVD,0.532909086771265,anti-toxic
GDVSCLLYD,0.5328917417033912,anti-toxic
GDGHNCGFV,0.5328902745393916,anti-toxic
GVFGFSGVG,0.5328857973090015,anti-toxic
GFFCLDGYD,0.5328764869752805,anti-toxic
GYDFYSLRV,0.5328629661869384,anti-toxic
GFLCFGGCD,0.5328453402415271,anti-toxic
GYDRHLVFD,0.5328453402415271,anti-toxic
GRCFRVGVS,0.5328453402415271,anti-toxic
GRGYVYVYD,0.5328453402415271,anti-toxic
GDVSIIGCS,0.5328392767509351,anti-toxic
GRYLDFSGG,0.532835264232032,anti-toxic
GYFIRYGDN,0.532834355594886,anti-toxic
GCLCCYGFV,0.5328214049177644,anti-toxic
GSISNVGFG,0.5328059085133487,anti-toxic
GIIVCDSVD,0.5327932655219176,anti-toxic
GHYVYGGFV,0.5327870339405866,anti-toxic
GCCDGLVNH,0.5327870339405866,anti-toxic
GYHSYIYIR,0.53276354141999,anti-toxic
GSCVLGGFD,0.5327543789924978,anti-toxic
GLNNRFSLG,0.5327429050494341,anti-toxic
GLFGNGDYG,0.5327334999519945,anti-toxic
GCYYCIGFN,0.5327334999519945,anti-toxic
GVCCGDVVD,0.5327190000277189,anti-toxic
GSVRGGGVG,0.5327132934731535,anti-toxic
GFFIDYFYD,0.5327001802551375,anti-toxic
GFIGFRGFD,0.5326961393228619,anti-toxic
GVYYDFVDN,0.5326894635351549,anti-toxic
GHIYRRGLD,0.5326385825694938,anti-toxic
GVRVVGRCG,0.5326385825694938,anti-toxic
GGHVVDRYG,0.5326385825694938,anti-toxic
GFHSGFGVR,0.5326385825694938,anti-toxic
GVRGFVGFR,0.5326385825694938,anti-toxic
GFDCNGGVS,0.5326128458376185,anti-toxic
GLNDISGYR,0.5326100565435449,anti-toxic
GCYNFVGID,0.5326021622179354,anti-toxic
GLGSFDGFV,0.5325918062775747,anti-toxic
GSINCDHVY,0.532582900220305,anti-toxic
GNNDCLLYG,0.5325808651819541,anti-toxic
GFDLVIGVD,0.5325746326616201,anti-toxic
GDCCCIVYD,0.5325679598387254,anti-toxic
GNVSFDCVH,0.532557017261356,anti-toxic
GGGCSSGFS,0.5325301309565184,anti-toxic
GLCCRCGFG,0.5325203911190696,anti-toxic
GVYGRCGVG,0.5325203911190696,anti-toxic
GFSNCYDGY,0.5325157964556131,anti-toxic
GNGCGSGRR,0.5324995860946625,anti-toxic
GGYDFIGGG,0.5324922252336204,anti-toxic
GIRVYDCVF,0.5324890578712004,anti-toxic
GVFGLFGCG,0.5324827001247389,anti-toxic
GRYSIYSYY,0.5324108028936978,anti-toxic
GLFGYLRGG,0.5323997295554141,anti-toxic
GIRFFDGVD,0.5323903433618759,anti-toxic
GFFDNNFFR,0.532382286025081,anti-toxic
GGFSCSGYR,0.5323654910956457,anti-toxic
GGFRGIGSG,0.5323627524669203,anti-toxic
GRHGFIGYS,0.5323511923647394,anti-toxic
GNICHDGIN,0.5323440457783447,anti-toxic
GLDRCDCIY,0.5323440457783447,anti-toxic
GGVFNSGLG,0.5323440457783447,anti-toxic
GNCCRSGIG,0.5323440457783447,anti-toxic
GGYYHLNVD,0.5323261145445723,anti-toxic
GHFGDNVFR,0.5323203015131791,anti-toxic
GRHCGHLGS,0.5323089115268974,anti-toxic
GRCDGCGFV,0.532303997048325,anti-toxic
GFCFICGYS,0.5322765196207176,anti-toxic
GIHGVLGGG,0.5322602566507331,anti-toxic
GYCVVDNFR,0.5322591203505924,anti-toxic
GLYHRLRGD,0.532254506062566,anti-toxic
GLYSRFCVS,0.5322343996814065,anti-toxic
GIGSLSGHS,0.5321951986801368,anti-toxic
GDCDGVGYG,0.5321688210505678,anti-toxic
GICFVVGVS,0.5321688210505678,anti-toxic
GDFYFFGID,0.5321544192173387,anti-toxic
GCRLVSGSD,0.5321462924819257,anti-toxic
GIYYFCGYD,0.5321419621815836,anti-toxic
GHFYGCCCL,0.5321391063995418,anti-toxic
GNFGCLGCG,0.5321391063995418,anti-toxic
GCCLFCGYG,0.5321347606082294,anti-toxic
GFVYLDGYS,0.5321194020152502,anti-toxic
GRNHYCCVD,0.5321180554679897,anti-toxic
GFFSILNGY,0.532104251177514,anti-toxic
GCCVCLYVS,0.5320867470671613,anti-toxic
GCSVRYGYG,0.5320691916583062,anti-toxic
GNFLLLHGR,0.5320369569287401,anti-toxic
GYVICHGFR,0.5320221247202073,anti-toxic
GRCRIIVYG,0.5320221247202073,anti-toxic
GNFYFDVFS,0.532008060552007,anti-toxic
GYHVSVGCG,0.532003532948895,anti-toxic
GSIGFSVYV,0.5319947062737888,anti-toxic
GLCVNFFGI,0.5319699227270075,anti-toxic
GSNFDNVFC,0.5319474116744222,anti-toxic
GFYGNFSCG,0.5319335170299291,anti-toxic
GVSFCYVVD,0.5319268742577347,anti-toxic
GFFCGHNVD,0.5319220181972886,anti-toxic
GFYGVLSYG,0.5318955635997128,anti-toxic
GICGRYGVF,0.5318907657994388,anti-toxic
GSFVYFVYD,0.5318748099428724,anti-toxic
GVDFCYHGN,0.5318748099428724,anti-toxic
GRFFSIYDD,0.5318748099428724,anti-toxic
GCFSSSGYY,0.5318697625600729,anti-toxic
GFRGCDDGG,0.531833587933264,anti-toxic
GFFIFHGGS,0.5318255669065315,anti-toxic
GFCGHGGVS,0.531820056191628,anti-toxic
GIVCSVGCG,0.5318105661472636,anti-toxic
GVYVHDNVN,0.5317930865773036,anti-toxic
GYYYYFNDS,0.5317903508898808,anti-toxic
GCYDVRGCG,0.5317903508898808,anti-toxic
GNCCVYRYD,0.5317903508898808,anti-toxic
GLVDDVGCG,0.5317866000036923,anti-toxic
GFHFLLDGD,0.5317811400759569,anti-toxic
GFLLFLDNR,0.5317565102008932,anti-toxic
GFCCNDFFY,0.5317422056116426,anti-toxic
GGCVGDIGY,0.5317293030289562,anti-toxic
GCVNGVGYS,0.5317262725846977,anti-toxic
GLLRFFCVD,0.5317252786723294,anti-toxic
GIICCVGVD,0.5316854452930696,anti-toxic
GGDVDVGLR,0.531681353877137,anti-toxic
GYSHVHSSG,0.5316192610350432,anti-toxic
GRFDGIGIR,0.5316192610350432,anti-toxic
GISLDLDFD,0.5316119525715243,anti-toxic
GFLGVLDGF,0.5315594986329685,anti-toxic
GHVGLSGYC,0.5315494823981506,anti-toxic
GFINDDCFS,0.5315466749770058,anti-toxic
GCYYLNGDG,0.5315115842717191,anti-toxic
GFFFHHGIS,0.5314789170422551,anti-toxic
GIVVGYGVR,0.5314789170422551,anti-toxic
GRGICGGYR,0.5314789170422551,anti-toxic
GYYYFVRGH,0.5314789170422551,anti-toxic
GSGCDCGVR,0.5314789170422551,anti-toxic
GHLYYIDDY,0.5314789170422551,anti-toxic
GCYHHILDG,0.5314249036746209,anti-toxic
GISCRDGFG,0.5314147245239351,anti-toxic
GVCGRDFGY,0.531411327830088,anti-toxic
GHCDVYGFD,0.5314027651076565,anti-toxic
GLFLHFGCG,0.5313998177829702,anti-toxic
GYFCHSGCG,0.531385329178106,anti-toxic
GGYHGIGHR,0.5313779300677498,anti-toxic
GDIRFVGSG,0.5313692605634746,anti-toxic
GVFCYSSVD,0.5313353723435749,anti-toxic
GDNYSLDGY,0.5313256862099685,anti-toxic
GRVNLFSVD,0.53130626966097,anti-toxic
GHNVRSVYV,0.5312914922467533,anti-toxic
GFLGSGGFR,0.5312867938442963,anti-toxic
GRDIIGGCV,0.5312711703356373,anti-toxic
GYIDDNVFC,0.5312476633190577,anti-toxic
GCVNYFCVD,0.5312423087651397,anti-toxic
GCFVCDVYN,0.5312308196451034,anti-toxic
GDCHHCGFS,0.5312308196451034,anti-toxic
GFNDYLVFY,0.5312308196451034,anti-toxic
GNFFVSGLD,0.531188516174261,anti-toxic
GCSNFYGYG,0.5311710159432872,anti-toxic
GYVDNVGLG,0.5311710159432872,anti-toxic
GRFCDSGVR,0.5311404178186468,anti-toxic
GRHFGLFGH,0.5311288207057603,anti-toxic
GSNVLGGFS,0.5311198745731236,anti-toxic
GRDLYGGHG,0.5311164007591833,anti-toxic
GCGRGSGGG,0.5311030671859079,anti-toxic
GGYCYVGYV,0.5311030671859079,anti-toxic
GCYRVFRVD,0.5310936195319292,anti-toxic
GLCRYDSDG,0.5310936195319292,anti-toxic
GFLVRLLYD,0.5310887153251673,anti-toxic
GIIVRYGLG,0.5310887153251673,anti-toxic
GNHCSNGFL,0.5310732238956091,anti-toxic
GYHLHFLCG,0.5310621943345387,anti-toxic
GLVVGGGGG,0.531052929286764,anti-toxic
GCCLRGFVR,0.5310141823998307,anti-toxic
GYCLVYVDN,0.531011347126031,anti-toxic
GCIGGFGFG,0.5309809680308112,anti-toxic
GLCIHDGVN,0.5309727462601279,anti-toxic
GLLYLVGYL,0.5309463670283706,anti-toxic
GSIVRIGLR,0.5309463670283706,anti-toxic
GLGCCGGFG,0.5309136338129595,anti-toxic
GFSFVDSFR,0.5309012056409329,anti-toxic
GCHGNDGVD,0.5308932884198906,anti-toxic
GCHFFNFCG,0.5308844002048505,anti-toxic
GRFYIDRYS,0.5308665877453232,anti-toxic
GYYVCGGVD,0.5308628963972637,anti-toxic
GFDIDILDG,0.5308604106734333,anti-toxic
GVFVFRGFS,0.5308397786165205,anti-toxic
GFYLRHSVF,0.5308305088225606,anti-toxic
GVGVFYNSG,0.5308123829554207,anti-toxic
GCCYVCGVG,0.5308061136824388,anti-toxic
GIVCYFDVG,0.5307910164519121,anti-toxic
GSSFYSHYD,0.5307766915032625,anti-toxic
GFSRCFFNC,0.5307586938557931,anti-toxic
GLFDCRIVC,0.5307413660890422,anti-toxic
GVLYVSDGD,0.5307113578332415,anti-toxic
GFFNFNSVG,0.5307040827922942,anti-toxic
GVLCFDGVD,0.5307040827922942,anti-toxic
GGDYHLCYG,0.5306941654685687,anti-toxic
GRCCVDVDN,0.53068211266547,anti-toxic
GYFVNIDFR,0.5306798469329221,anti-toxic
GIICDCGYC,0.5306628294574824,anti-toxic
GFGYVYHLD,0.5306628294574824,anti-toxic
GCFHYFVDY,0.5306342099770999,anti-toxic
GFCRFDGFV,0.5306265232810775,anti-toxic
GIRHVFRSG,0.5306111955110282,anti-toxic
GLYDFCGDG,0.530609955376528,anti-toxic
GLYHSGCVD,0.5305855364610262,anti-toxic
GNRDSVGLD,0.5305655739466285,anti-toxic
GVIRFLCCG,0.5305655739466285,anti-toxic
GFCCRSGVS,0.530533899436891,anti-toxic
GFCLSRGYD,0.5305317095088631,anti-toxic
GNNIIDGDN,0.5305228473509028,anti-toxic
GLLCILDCG,0.5305138177964209,anti-toxic
GINFLRGYS,0.5304952371610018,anti-toxic
GYDFNDGFV,0.530482909930848,anti-toxic
GVDVSSGCG,0.5304616633152193,anti-toxic
GLSCSFCYG,0.5304506964213183,anti-toxic
GCDHSNSLD,0.5304382966873625,anti-toxic
GIYCFCFDD,0.5303776625792043,anti-toxic
GLFGCVGFN,0.5303667666728875,anti-toxic
GFRCVFVLD,0.5303667666728875,anti-toxic
GLINIGSFS,0.5303667666728875,anti-toxic
GHNGSIGYS,0.530355118236396,anti-toxic
GRYVSFNVD,0.5303443149716959,anti-toxic
GFLFFVGCG,0.5303310736807242,anti-toxic
GDCCSNGIG,0.5303161466504626,anti-toxic
GDRCLDDFN,0.5303161466504626,anti-toxic
GFHVRDGDG,0.5303079470774968,anti-toxic
GVRIRDRYD,0.5303027633595445,anti-toxic
GVCVFGRLY,0.5302930136826614,anti-toxic
GFFICIDSG,0.5302913729998524,anti-toxic
GSYGFDCVF,0.5302797598646424,anti-toxic
GVSFRDFHH,0.5302606989029371,anti-toxic
GYFGYGVYD,0.5302606989029371,anti-toxic
GLDGFVGCG,0.5302309435343596,anti-toxic
GRVLSLDSS,0.5302076553020281,anti-toxic
GGCYDIDFY,0.5302064055055619,anti-toxic
GRVSFCGFR,0.5301996982030822,anti-toxic
GYYFHFCLN,0.5301996982030822,anti-toxic
GILRVYGGD,0.5301844466892564,anti-toxic
GYVLCDDVY,0.5301723693186792,anti-toxic
GVSSSYDDG,0.5301683114312309,anti-toxic
GFRGSIGYS,0.5301620170194307,anti-toxic
GLYYLFNVN,0.5301446779531905,anti-toxic
GHVRYDGFG,0.5301257820286371,anti-toxic
GCFCFFGSG,0.5300573299074609,anti-toxic
GLGFYLRYD,0.5300262389183005,anti-toxic
GVNCDGHFI,0.5299984864032854,anti-toxic
GRHCSNCYG,0.5299901588483366,anti-toxic
GRFRFDGGD,0.5299882022540077,anti-toxic
GYCFSSGCS,0.5299815830716705,anti-toxic
GSCVVCGFG,0.5299735620449381,anti-toxic
GCCFSIYDS,0.5299735620449381,anti-toxic
GLYFYGRCG,0.5299636410964185,anti-toxic
GSVVCVGVR,0.5299510544922963,anti-toxic
GYFDYRGFD,0.5299306284793944,anti-toxic
GFSSFLRSG,0.5299120080115415,anti-toxic
GCNVYLDDG,0.5299120080115415,anti-toxic
GCGFNVGGS,0.5299050126829612,anti-toxic
GHLGGDGGS,0.529901605374754,anti-toxic
GCCCGCGVD,0.5298793038824622,anti-toxic
GYGFHDVDS,0.5298670704073862,anti-toxic
GGFSGCGYD,0.5298374296801784,anti-toxic
GISRRDFFY,0.5298276052356654,anti-toxic
GVCVGYGDS,0.5298276052356654,anti-toxic
GLDHGVSDN,0.5297974133984741,anti-toxic
GGFDNSGCG,0.5297974133984741,anti-toxic
GFLVCGCSL,0.5297724532282381,anti-toxic
GICLNLRCG,0.5297724532282381,anti-toxic
GHFHGSSVD,0.5297636396295548,anti-toxic
GFCNYIGHR,0.5297507034954337,anti-toxic
GFFCCNNYG,0.5297335919260866,anti-toxic
GNYYSIRHD,0.5297134898879936,anti-toxic
GFRNYVGFR,0.5297123160175996,anti-toxic
GRDGCDRVG,0.5296929193974319,anti-toxic
GLNVRNHFD,0.5296749021606553,anti-toxic
GDYIILDFD,0.5296647346236297,anti-toxic
GGHCFGVVD,0.529659607754956,anti-toxic
GFLVFFDSG,0.529659607754956,anti-toxic
GFSIGCFGR,0.5296503059958471,anti-toxic
GCHYLVLSG,0.529628227529006,anti-toxic
GCLRHYRDG,0.5295824315748441,anti-toxic
GYVVYLFYD,0.5295640040008776,anti-toxic
GCFVGSGYR,0.5295281243993446,anti-toxic
GYFFRFGGN,0.5295093241793507,anti-toxic
GLYFGCGIS,0.5295093241793507,anti-toxic
GFDFVSGFF,0.5294771720799909,anti-toxic
GNVFFLDCS,0.5294685357799872,anti-toxic
GFDRSLGFY,0.5294674099311973,anti-toxic
GGVRFFGNR,0.5294260222740597,anti-toxic
GHHRRCGYR,0.5294096124392953,anti-toxic
GLYVGVGCG,0.5294026048074159,anti-toxic
GCNICNVFR,0.5293945377423396,anti-toxic
GDGIRDDVD,0.5293900288944628,anti-toxic
GFYRSFDVG,0.5293608728082578,anti-toxic
GCVHSIGVS,0.5293505230994279,anti-toxic
GICFFNCFY,0.5293447875295693,anti-toxic
GIYDDFGCR,0.5293447875295693,anti-toxic
GIHDFLGCG,0.5293247928479561,anti-toxic
GVVVRNGCG,0.5293232856738413,anti-toxic
GCGGLFDGG,0.529310280002484,anti-toxic
GGVHFLDFV,0.529299266384734,anti-toxic
GDFDCYGFS,0.529299266384734,anti-toxic
GVRLFFCDS,0.5292891123186856,anti-toxic
GYVDICGFR,0.5292891123186856,anti-toxic
GHYDIYGSG,0.5292812368894682,anti-toxic
GCLVSRGLG,0.5292802538212242,anti-toxic
GFRYSDNFG,0.5292791573657971,anti-toxic
GFFFVLRYG,0.5292779267054971,anti-toxic
GSDSSGGFD,0.5292598218233298,anti-toxic
GNHHNFGLD,0.5292574570482971,anti-toxic
GVVFGLVVD,0.5292442680332513,anti-toxic
GFVYGYGVG,0.5292321738943205,anti-toxic
GLCISCHLG,0.5292189233113566,anti-toxic
GFRSFIDSC,0.5291957066636197,anti-toxic
GHHVFDCVY,0.5291948686722353,anti-toxic
GNDLFVGFG,0.5291594472113043,anti-toxic
GLFLGFGVF,0.5291502547236725,anti-toxic
GFDVGCDVC,0.5291502547236725,anti-toxic
GFVVFDDFF,0.5291007733499962,anti-toxic
GCYRFYVDS,0.5290959509434325,anti-toxic
GFCSDVDFR,0.5290794005521905,anti-toxic
GYRYCLFHN,0.5290656480564974,anti-toxic
GFFDICDDY,0.529039053985156,anti-toxic
GCICHSGCS,0.529039053985156,anti-toxic
GSCICVGFG,0.529039053985156,anti-toxic
GLDFVHVFD,0.529039053985156,anti-toxic
GLHDCRGYN,0.5289725616812823,anti-toxic
GDIVDDSVG,0.5289283281302881,anti-toxic
GCFFCNNYG,0.5289131751744133,anti-toxic
GFGVYNSFG,0.5288841700741338,anti-toxic
GYIFFDHVF,0.5288794553497211,anti-toxic
GFYVDIHYG,0.5288604238615464,anti-toxic
GCHFRNHCD,0.5288280777935388,anti-toxic
GVYHDRGFD,0.5288280777935388,anti-toxic
GLLFHGSVD,0.5288280777935388,anti-toxic
GIGYDCGGD,0.52880961249955,anti-toxic
GLNNDDGYC,0.5288070745541729,anti-toxic
GVIFFVGGN,0.5287923378040602,anti-toxic
GIDCSVGGS,0.5287923378040602,anti-toxic
GFYSYDCVG,0.5287814271160243,anti-toxic
GSCGSRFLV,0.5287695067558582,anti-toxic
GIHVVDRYS,0.5287663522882539,anti-toxic
GRYYLYGFD,0.52876550985597,anti-toxic
GYRYCVDGG,0.528760927506292,anti-toxic
GYLYCVRSG,0.5287550966022163,anti-toxic
GCSGHIVVD,0.52875264015536,anti-toxic
GVCGIIGFS,0.5287494036321745,anti-toxic
GGFGYLDYY,0.5287420192414087,anti-toxic
GLCCGDVFG,0.5287368835211286,anti-toxic
GGIFIHGFR,0.5286968599885244,anti-toxic
GFFRFFGNG,0.5286952761773664,anti-toxic
GFVRNYVDS,0.5286883781359093,anti-toxic
GFLCSDGFG,0.5286737168600129,anti-toxic
GFYHVFCVD,0.5286659166807318,anti-toxic
GCHNVNLHF,0.5286659166807318,anti-toxic
GGDCICSGV,0.528654770683805,anti-toxic
GFFYCLDGF,0.5286535712287674,anti-toxic
GSCHYFGHG,0.5286310741694289,anti-toxic
GLCIIFDGG,0.5286310741694289,anti-toxic
GLYIHDVCD,0.5286207963480346,anti-toxic
GGCVNCGFV,0.5286158760282959,anti-toxic
GRVSYRGFG,0.5286019180832239,anti-toxic
GFDNFLGFR,0.5286019180832239,anti-toxic
GGRVSIGFR,0.5285849878445696,anti-toxic
GCYYLGSVG,0.5285771613791042,anti-toxic
GVSFDCGFG,0.528549432194961,anti-toxic
GYSSYVGFR,0.528549432194961,anti-toxic
GRCCDDVFY,0.5285410742764732,anti-toxic
GLSDRGSYG,0.5285263473875402,anti-toxic
GVFCNCGVD,0.5284940634927929,anti-toxic
GFLRRRNLF,0.5284659853940816,anti-toxic
GCYIHRGVD,0.5284629710196996,anti-toxic
GRVVRDYFD,0.5284629710196996,anti-toxic
GVLYCVGDG,0.5284466995192798,anti-toxic
GFFRSFCDN,0.5284466995192798,anti-toxic
GGRFRLYDD,0.5284066905519842,anti-toxic
GFCVVSGFD,0.5284024379536174,anti-toxic
GICYHFNYF,0.5283762171915554,anti-toxic
GIFCVIGGG,0.5283667439836041,anti-toxic
GFCNFIIDS,0.5283554191415116,anti-toxic
GSNHHSSYG,0.5283492869441448,anti-toxic
GYCLRGFVR,0.5283220777267224,anti-toxic
GDYFHYRVD,0.5282737771670437,anti-toxic
GYSHGLCYI,0.5282737771670437,anti-toxic
GCGCCCGYS,0.5282737771670437,anti-toxic
GGLGDNGYS,0.5282737771670437,anti-toxic
GFSVHDGFI,0.5282737771670437,anti-toxic
GFLFFVCDG,0.5282737771670437,anti-toxic
GCVHSFVFY,0.5282737771670437,anti-toxic
GDCLGIIYL,0.5282737771670437,anti-toxic
GYYHRFVVF,0.5282096888496688,anti-toxic
GYGGCDHFR,0.5282071399886485,anti-toxic
GLLLYGVVS,0.5281975383391637,anti-toxic
GIGFRNDVD,0.5281975383391637,anti-toxic
GLFLYVNDD,0.5281934786585588,anti-toxic
GSLFLGNYG,0.5281750850902861,anti-toxic
GICIHHVVC,0.5281699906969828,anti-toxic
GRFGSCDDG,0.5281699906969828,anti-toxic
GFYRCGGFD,0.5281509736933276,anti-toxic
GIYYYRSDG,0.528137056094955,anti-toxic
GFFGGRGCG,0.528131047929236,anti-toxic
GIHVFDSDG,0.528107609429893,anti-toxic
GVCDYHGCG,0.5280969831560929,anti-toxic
GHFDRYGFD,0.5280799389661454,anti-toxic
GNGYFIGSS,0.5280336364465745,anti-toxic
GIYFVLDCG,0.5280294679732082,anti-toxic
GRCCSSHFN,0.5280215882731892,anti-toxic
GFLIYFHHF,0.5280183849327487,anti-toxic
GYVRCYGSG,0.5279582708096126,anti-toxic
GSYVLCGYR,0.5279346170702258,anti-toxic
GCLGNSGYG,0.5279314086180529,anti-toxic
GGVDCLVDN,0.5279214083997188,anti-toxic
GIHHCFSFG,0.527907129207822,anti-toxic
GCYLLLYYD,0.5278995466553884,anti-toxic
GRCNCCGYG,0.527879143353517,anti-toxic
GYGVLLGCG,0.5278785276600352,anti-toxic
GHCHHDCYD,0.5278539661320308,anti-toxic
GDHFCFDYG,0.5278465321921996,anti-toxic
GSNYHVDDG,0.5277919237037629,anti-toxic
GICVHFGGG,0.5277760183940412,anti-toxic
GCSGLGYVD,0.5277760183940412,anti-toxic
GRCDDHSYY,0.5277760183940412,anti-toxic
GLFFLVGVD,0.5277448408035625,anti-toxic
GFRVRVGLD,0.5277187681689484,anti-toxic
GIRFHDGFR,0.5277110007737879,anti-toxic
GGDGLVGFV,0.5276776281621063,anti-toxic
GCVVSSGCD,0.5276776281621063,anti-toxic
GHFLSIRDG,0.5276776281621063,anti-toxic
GYHVRDVCG,0.5276618511256711,anti-toxic
GRLRCVVDD,0.5276466370119948,anti-toxic
GCCYDSHLN,0.5276122469829232,anti-toxic
GFSNIYRHG,0.5276122469829232,anti-toxic
GYYYRSGVF,0.5276070238014456,anti-toxic
GFIISVDDG,0.5276022952075543,anti-toxic
GRVLGFGFS,0.5275974112276516,anti-toxic
GCYDFNDVG,0.5275738664887174,anti-toxic
GYYCLLDGG,0.5275738664887174,anti-toxic
GFDGYNRDG,0.5275600638069033,anti-toxic
GFHCCHLYG,0.527496565819817,anti-toxic
GFSYHSHHV,0.5274714594034738,anti-toxic
GRLLRCVDG,0.5274687825308139,anti-toxic
GHFGFGGFG,0.5274263730310582,anti-toxic
GRSGDYGFC,0.5274263730310582,anti-toxic
GSFDYIYYD,0.5274263730310582,anti-toxic
GCVSVNDHF,0.5274263730310582,anti-toxic
GDGVYSGLG,0.5274263730310582,anti-toxic
GHGDGYVVD,0.5274263730310582,anti-toxic
GCHRCLLYY,0.5274112257774458,anti-toxic
GLCNNSGGG,0.5273759176744051,anti-toxic
GLGFCLGGS,0.5273676170975446,anti-toxic
GRFFLNVCD,0.5273623508474229,anti-toxic
GFSIDCGVG,0.5273265696336517,anti-toxic
GIFRHDNGN,0.52732337150644,anti-toxic
GSYVLYGCY,0.5273190735908823,anti-toxic
GNCVVDHFL,0.5273103600794125,anti-toxic
GFISSSYGD,0.5272878641853926,anti-toxic
GFRIRNVID,0.5272878641853926,anti-toxic
GIYVVNDFR,0.5272878641853926,anti-toxic
GSCIVRGVG,0.5272673005128632,anti-toxic
GGFYCNFVD,0.5272352670578119,anti-toxic
GLDFCYVDL,0.5272271619025481,anti-toxic
GIRFICGYG,0.5272001190629801,anti-toxic
GGLDYGGSG,0.5271630489864007,anti-toxic
GDVFCVGGG,0.5271575432596125,anti-toxic
GRCDGGRFS,0.5271575432596125,anti-toxic
GVIRRVGIS,0.5271575432596125,anti-toxic
GLICYCGCG,0.5271575432596125,anti-toxic
GSYSDLSGI,0.5271470300730108,anti-toxic
GDLGGGDFG,0.5271395522290624,anti-toxic
GFYICDRFD,0.5271233275356112,anti-toxic
GCHCGRGNS,0.5271233275356112,anti-toxic
GICFFFSDS,0.527095229681501,anti-toxic
GISFGIFYD,0.527095229681501,anti-toxic
GCCFVDRFR,0.527095229681501,anti-toxic
GIYHVIGGS,0.527095229681501,anti-toxic
GFRHNNGVS,0.527095229681501,anti-toxic
GDYCFDCFD,0.5270772461008072,anti-toxic
GHCNVFGYN,0.527073917229925,anti-toxic
GCCGNGFVG,0.5270717435131529,anti-toxic
GGFVYDVFD,0.5270613889925134,anti-toxic
GFRIVNVFG,0.5270518197677357,anti-toxic
GICRYVVDG,0.5270492175736567,anti-toxic
GCCISFGLD,0.5270347050514953,anti-toxic
GRCGFGSVG,0.5270300314241751,anti-toxic
GNGYLSGVR,0.5270270217551917,anti-toxic
GFCYGNRDG,0.5269187230820777,anti-toxic
GFILVIGSS,0.5269187230820777,anti-toxic
GVYSVVGVG,0.5268728260105815,anti-toxic
GRRFLCGLC,0.5268728260105815,anti-toxic
GDNSRYGYG,0.5268647742575747,anti-toxic
GGLDVDGVG,0.5268505128601841,anti-toxic
GFYDILHYI,0.52680903890877,anti-toxic
GVCRGRICC,0.52680903890877,anti-toxic
GLCGLGCIY,0.52680903890877,anti-toxic
GYGSGDHVY,0.52680903890877,anti-toxic
GGDVDCGDG,0.52680903890877,anti-toxic
GYNGHFFDG,0.52680903890877,anti-toxic
GCDIRSHFY,0.52680903890877,anti-toxic
GHVVCCGGS,0.5267759737382561,anti-toxic
GFHCFNGFG,0.5267611273325833,anti-toxic
GGYCGDGGD,0.5267342701245785,anti-toxic
GGRLYDGYC,0.5267342701245785,anti-toxic
GCYVHDDDG,0.5267220843620978,anti-toxic
GFGYCLRGS,0.5267202760487393,anti-toxic
GFVDDNNFR,0.526716200165447,anti-toxic
GIFRIYSYD,0.5267143698115224,anti-toxic
GVLVGLDVR,0.5267143698115224,anti-toxic
GFRHFSVFD,0.5267051531333904,anti-toxic
GFHNYCGYG,0.526697942472802,anti-toxic
GNHCDCGVG,0.5266474810365231,anti-toxic
GFSICSVVG,0.5266388941536443,anti-toxic
GSGVHLCRC,0.5266186562878049,anti-toxic
GLCFLNDFN,0.5266165751423126,anti-toxic
GLYYGCCDG,0.5266066177995807,anti-toxic
GGCFGDISD,0.5265929540804114,anti-toxic
GNSLRDLFD,0.5265929540804114,anti-toxic
GFRRRFHGF,0.526591115310443,anti-toxic
GYRLGNRFG,0.5265704024491675,anti-toxic
GRCLRDDGL,0.5265446661294978,anti-toxic
GISIDDGFC,0.526543699366743,anti-toxic
GVLFRDYFR,0.5265261108975237,anti-toxic
GYYCFVDDS,0.5265261108975237,anti-toxic
GVDDLNHYD,0.5265036159356719,anti-toxic
GCGILSGLR,0.5264696250276723,anti-toxic
GVDCVFRVD,0.5264616310973453,anti-toxic
GIGSSCDYG,0.5264600077334597,anti-toxic
GFCSNILHV,0.5264420811497994,anti-toxic
GHNDICHFR,0.5264292959375606,anti-toxic
GVYVCSGVG,0.5264240260449873,anti-toxic
GICICFGYD,0.5264073006466051,anti-toxic
GLYCHFGLG,0.5263953190031747,anti-toxic
GGRFDGRFS,0.5263908287557902,anti-toxic
GVVVSVDDS,0.5263820039855698,anti-toxic
GCFYRFCVS,0.5263661695216154,anti-toxic
GCCLYNYDG,0.5263637798853739,anti-toxic
GYLSIVGIS,0.526339277389844,anti-toxic
GYCGFLYSG,0.526339277389844,anti-toxic
GICVSLDDN,0.526339277389844,anti-toxic
GGYCCVGFS,0.526339277389844,anti-toxic
GFIYFDCCY,0.5263119211187316,anti-toxic
GCGSLSGYD,0.5262970123436423,anti-toxic
GIVGSNGGH,0.5262939226321501,anti-toxic
GFCSCDSFS,0.5262811816795169,anti-toxic
GGCRDGGFR,0.5262634247161898,anti-toxic
GVCDYVGGG,0.5262584859317182,anti-toxic
GVCRVGVGV,0.5262388740876044,anti-toxic
GICVLLGYD,0.5262388740876044,anti-toxic
GCYYRSDYG,0.5262337508477374,anti-toxic
GHLCVIGGS,0.5262124945887967,anti-toxic
GCCCFVYDD,0.5261609589796594,anti-toxic
GFFYGVGYR,0.5261609589796594,anti-toxic
GIVFRCNYG,0.5261521584781566,anti-toxic
GCISFGGVS,0.526144132708105,anti-toxic
GVNFYGVYD,0.526144132708105,anti-toxic
GSGYHFFDD,0.5261042059459976,anti-toxic
GSRYCIGFV,0.5261030754874392,anti-toxic
GFCNCFDFY,0.5260987376540338,anti-toxic
GRRYRDYGD,0.5260372645251673,anti-toxic
GIGVFYGFD,0.5260214410228463,anti-toxic
GVSVRIGDS,0.5260116315939164,anti-toxic
GHYFHLVFD,0.5260020922161491,anti-toxic
GCYNFCGLD,0.5259698222574795,anti-toxic
GCDIFLRGN,0.5259698222574795,anti-toxic
GCCRFYRDS,0.5259698222574795,anti-toxic
GFFLFIGHS,0.5259698222574795,anti-toxic
GCFCFVDGG,0.5259698222574795,anti-toxic
GFFFVVGYD,0.5259179073112813,anti-toxic
GYCCGGGYG,0.5259157820058197,anti-toxic
GFIDVCVFR,0.5258894643181433,anti-toxic
GSLFYHCDN,0.5258894643181433,anti-toxic
GNGVCYNDG,0.5258715099804544,anti-toxic
GHVCIHGFG,0.5258432242440766,anti-toxic
GSISNFVVD,0.5258432242440766,anti-toxic
GSYSYLCYR,0.5258390434915516,anti-toxic
GFCYHCVYD,0.5258297950172197,anti-toxic
GGCDVDVCD,0.5258246622710899,anti-toxic
GNYDFLCVD,0.5258131786193869,anti-toxic
GYLYHDFYN,0.5257978755139077,anti-toxic
GCCLDIYDG,0.5257816554661537,anti-toxic
GHLCVLDGN,0.5257792586379659,anti-toxic
GFIVDGYFG,0.5257644335178258,anti-toxic
GFVGDCGSG,0.5257644335178258,anti-toxic
GLYNFDRCG,0.5257561209457972,anti-toxic
GFSNHCGFR,0.5257471071336738,anti-toxic
GVFGHIGSS,0.5257471071336738,anti-toxic
GLCYFGDDV,0.5257352333240473,anti-toxic
GCDYCFCVG,0.5257328266270943,anti-toxic
GRNCRCFGY,0.5257265881531638,anti-toxic
GGCFRNGYD,0.525721504196197,anti-toxic
GFYCCSGYR,0.525696354279233,anti-toxic
GYHCVGGGC,0.5256716454645077,anti-toxic
GVFGLINVF,0.5256440504789387,anti-toxic
GFFYDSDSG,0.5256336810008353,anti-toxic
GLGCDLVVD,0.5256274537084885,anti-toxic
GICHVNFFR,0.5256187826463664,anti-toxic
GGCHHVDDG,0.5256187826463664,anti-toxic
GFLGVFGVR,0.5255878233922289,anti-toxic
GLCFGLFYR,0.5255592986396478,anti-toxic
GIDIHCGCD,0.5255579300998195,anti-toxic
GCLRFVGFG,0.5255496050191764,anti-toxic
GCHVDVLYD,0.5255431369617493,anti-toxic
GGCDLDDFY,0.5255431369617493,anti-toxic
GSFGFSSVD,0.5254935951107039,anti-toxic
GYGYHGHHR,0.5254916120987893,anti-toxic
GCICFIVDH,0.5254832177450561,anti-toxic
GSDVCVHYD,0.5254259342942175,anti-toxic
GNVYVSGGS,0.5254259342942175,anti-toxic
GFINGYFDG,0.525404769330062,anti-toxic
GYYRCDFFY,0.5254012759843796,anti-toxic
GIFGFLGDG,0.525390576931835,anti-toxic
GRNYFLRHV,0.5253891249979371,anti-toxic
GGFIRFRVD,0.5253858313825215,anti-toxic
GFVYFHDCG,0.5253770905128127,anti-toxic
GLDHNVGFV,0.5253742756190164,anti-toxic
GYFGFDSSG,0.5253711164359051,anti-toxic
GVLLFIFDG,0.5253711164359051,anti-toxic
GICVNDFFR,0.5253662497642118,anti-toxic
GLSGLSGDN,0.5253604347869817,anti-toxic
GYYVVCDYG,0.5253469716609266,anti-toxic
GCDSFNGDG,0.525342565226735,anti-toxic
GFSVVIVDD,0.5253300847061207,anti-toxic
GRCGCLLYG,0.5253208950065178,anti-toxic
GYSYDGHHF,0.5253186083374367,anti-toxic
GIICHSGLG,0.5252997180018616,anti-toxic
GYGVNDGDS,0.5252848150462159,anti-toxic
GFRSYDGFY,0.5252682670273185,anti-toxic
GLFCFVFDD,0.5252502399375747,anti-toxic
GNCCVNGCG,0.5252473225368559,anti-toxic
GRVCDCFSC,0.5252411870907919,anti-toxic
GLLCFDCSD,0.5251827001899019,anti-toxic
GRGSRSHFY,0.5251694431352478,anti-toxic
GVYVVYVDH,0.5251585115752362,anti-toxic
GRIDDSGVS,0.5251522303334073,anti-toxic
GGHCGCGFL,0.5251289807907483,anti-toxic
GSDLCSGYI,0.5251116267126296,anti-toxic
GCVFSFGLG,0.5251002052742956,anti-toxic
GGLDFIGYG,0.5250578491090065,anti-toxic
GGCCIFDSG,0.5250448070368452,anti-toxic
GFCYRVYDS,0.5250448070368452,anti-toxic
GDCHIFGYN,0.5250234137469267,anti-toxic
GVSYVFGGG,0.5250050383007795,anti-toxic
GFFYFFHDF,0.5249960674058077,anti-toxic
GCSSRSGFY,0.5249711416169581,anti-toxic
GLCFNVSDS,0.5249667035420024,anti-toxic
GVNHHSGFD,0.5249583716734585,anti-toxic
GVFLFNDCS,0.5249419058441109,anti-toxic
GIRILCGYG,0.5249160063393751,anti-toxic
GNCCHFHFR,0.5249068700873283,anti-toxic
GGFSYSGFR,0.524883303522177,anti-toxic
GRCGGSGGG,0.5248785699125559,anti-toxic
GLNNLIGFV,0.5248741943919862,anti-toxic
GFYGFIIRS,0.5248663665158511,anti-toxic
GYIIDDYYC,0.5248663665158511,anti-toxic
GRRILDNLD,0.5248663665158511,anti-toxic
GFLCNLSYG,0.5248583133251409,anti-toxic
GRDGCYVDN,0.524846107566115,anti-toxic
GIGCFFGVG,0.5248436480620646,anti-toxic
GFYYYLHGR,0.5248262574313425,anti-toxic
GFFFFVRDY,0.5248224121266324,anti-toxic
GDLNLDCYG,0.5248212320090488,anti-toxic
GFCVYVGFG,0.5248132450575372,anti-toxic
GLRGRDCYG,0.5248132450575372,anti-toxic
GRCFCLDFN,0.5248024213841724,anti-toxic
GFFHRVFYH,0.5247985850807632,anti-toxic
GIYGFNVVD,0.5247961633260594,anti-toxic
GICHSFNSG,0.524762889154889,anti-toxic
GDCNCGVVF,0.524762889154889,anti-toxic
GFHFGSVFD,0.5247408566113486,anti-toxic
GGFLSHIGL,0.5247408566113486,anti-toxic
GRSYCFGHS,0.5247228859787079,anti-toxic
GHGIGSGFR,0.5247117666166922,anti-toxic
GYHCRFDHR,0.5247001384008344,anti-toxic
GHCIRGGSG,0.5246983020462951,anti-toxic
GHLGSFGDG,0.5246920860438059,anti-toxic
GICGFGVVS,0.5246670501427152,anti-toxic
GFLNNNGFR,0.524660834288504,anti-toxic
GLVYLVGFV,0.5246541490255229,anti-toxic
GLRSGSVFD,0.5246477680191842,anti-toxic
GYVVSLGFD,0.5246324605986408,anti-toxic
GVYDYDHYY,0.5246026269729518,anti-toxic
GIGRFCDDD,0.5245953264950122,anti-toxic
GHYNLFGGD,0.5245953264950122,anti-toxic
GLCCGGGFG,0.5245919407244577,anti-toxic
GVVLGFGLS,0.5245852090943547,anti-toxic
GFLSCCVFR,0.524578530158232,anti-toxic
GFYCRLNGS,0.5245459046478006,anti-toxic
GSGGGHCVD,0.5245459046478006,anti-toxic
GSSVRGRVG,0.5245459046478006,anti-toxic
GFDLVFDFD,0.5245300570869273,anti-toxic
GCCDFSGCS,0.5245083700138458,anti-toxic
GYYVHCDSS,0.5245027449477001,anti-toxic
GNFGYSGGG,0.5244933552518984,anti-toxic
GNHVHFGGS,0.5244695693371259,anti-toxic
GCVVLCGGG,0.5244674909106726,anti-toxic
GISFGCDSG,0.5244102342577986,anti-toxic
GGGCVLDGD,0.5243999184008704,anti-toxic
GHFGFVFDD,0.5243737363672888,anti-toxic
GCCCDDDGY,0.5243737363672888,anti-toxic
GHVHFLSYG,0.5243567767077375,anti-toxic
GFYFINVFD,0.5243509313744913,anti-toxic
GFYGYVGSS,0.5243456824367783,anti-toxic
GYRDVDDVF,0.5243389375946653,anti-toxic
GVSFCIGYG,0.5243341827755252,anti-toxic
GYVCHDGCG,0.5243308896346274,anti-toxic
GCCCISGFD,0.5243239861545185,anti-toxic
GSIYVDGYI,0.5243185104508897,anti-toxic
GSFCLFRGG,0.524316375031554,anti-toxic
GYHCFFYDR,0.5243144308254919,anti-toxic
GDYRVFGFG,0.5243103742543151,anti-toxic
GLVYGIDGG,0.5243003324151317,anti-toxic
GLFLSDIGN,0.5243003324151317,anti-toxic
GDYRFIFDS,0.5242855310422658,anti-toxic
GISFRIDFG,0.5242710347133698,anti-toxic
GYGFNNVVD,0.5242337993653037,anti-toxic
GYSVSFFDN,0.524214562792674,anti-toxic
GVRFHLNGY,0.5241927991781689,anti-toxic
GVVSYSGCG,0.5241927991781689,anti-toxic
GCFVCNVFY,0.524191072769578,anti-toxic
GIILRGVVD,0.5241732156333364,anti-toxic
GYDVLLVGS,0.5241589068024073,anti-toxic
GRFVFVGDD,0.524141842094786,anti-toxic
GDCGRIGFG,0.524133155631841,anti-toxic
GCYCFVGVG,0.5241285144360448,anti-toxic
GDLDGCGFV,0.524117817395886,anti-toxic
GFGRLDGVF,0.524117817395886,anti-toxic
GNDLVDRFS,0.524117817395886,anti-toxic
GCSVYGGYS,0.5240895531362098,anti-toxic
GFCVLGSDV,0.5240855386428961,anti-toxic
GNYVYCHHF,0.5240730931816553,anti-toxic
GYDIVFVCG,0.5240695383138616,anti-toxic
GCCFVFFDG,0.5240669662182735,anti-toxic
GVGGCVGFV,0.5240509308283885,anti-toxic
GGIDGIGFV,0.524030211660315,anti-toxic
GFLVSRGYG,0.5240201243391467,anti-toxic
GGCVDSGFG,0.5240201243391467,anti-toxic
GVSIDSNFD,0.5240053204435918,anti-toxic
GGYSVCGFG,0.523985228635307,anti-toxic
GVCFDSVFR,0.5239768355793897,anti-toxic
GDCFLCGFG,0.5239367104366712,anti-toxic
GDFYCCGDD,0.5239257791518093,anti-toxic
GHCCNGYCV,0.523906661693706,anti-toxic
GCICGDGFS,0.5238842232797599,anti-toxic
GLHYDSGCG,0.5238817352917337,anti-toxic
GHDHVGFCD,0.5238817352917337,anti-toxic
GGYSLSGVR,0.5238721757140526,anti-toxic
GCGYNLVCG,0.5238646582619887,anti-toxic
GIICIVGYD,0.5238646582619887,anti-toxic
GIVDYLCYG,0.5238646582619887,anti-toxic
GSYVCFGFY,0.5238427733829544,anti-toxic
GNFILRNGI,0.5238259528137297,anti-toxic
GILRYLHDH,0.5238189223518078,anti-toxic
GFCFGVRFG,0.5238017944735163,anti-toxic
GLFGISGCG,0.5237873114734348,anti-toxic
GDCGLHDSF,0.5237677824012472,anti-toxic
GDVCSVLYD,0.523765448628561,anti-toxic
GRGVDIGCG,0.523761586116755,anti-toxic
GFLSCDVFR,0.5237464668115644,anti-toxic
GRSVIVLYG,0.5237464668115644,anti-toxic
GCCVGLGYD,0.5237464668115644,anti-toxic
GFDFGCGFG,0.5237435868842306,anti-toxic
GLCDFHGYS,0.5237361877738744,anti-toxic
GYCCIFGGG,0.523729469317114,anti-toxic
GNCHVVGVG,0.5237267009325445,anti-toxic
GCLLFDVYR,0.5237212178663578,anti-toxic
GSCVYGGFN,0.523713124945063,anti-toxic
GVVRYYVRI,0.5236973967610176,anti-toxic
GDRYHVGIG,0.5236973967610176,anti-toxic
GFIVCLVYN,0.5236893077588493,anti-toxic
GSVVRCDFG,0.523685984326695,anti-toxic
GLLRCDVFY,0.5236748857084323,anti-toxic
GCFVHDGFN,0.5236424317213788,anti-toxic
GGSCGGHFR,0.5236355758208172,anti-toxic
GNHHVDDDG,0.5236142145194488,anti-toxic
GYFNSLVCD,0.5236049904025918,anti-toxic
GIDFGVYYD,0.5235995661626643,anti-toxic
GVFIDHVVD,0.523546377205674,anti-toxic
GIIISCSYG,0.523540275464458,anti-toxic
GFYHYRNVN,0.5235169444868865,anti-toxic
GGYNIDNYN,0.5235169444868865,anti-toxic
GFNCRGSVD,0.52350900586018,anti-toxic
GHLGGLNYN,0.5234851204408434,anti-toxic
GLYGFGHFR,0.5234848786402821,anti-toxic
GCFIGYFDG,0.523471234433492,anti-toxic
GCGFVCCCN,0.5234535891523558,anti-toxic
GSCDGFSYG,0.5234513155437643,anti-toxic
GFIDGVGVD,0.5234448472269758,anti-toxic
GFSSCFCLG,0.5234423981588127,anti-toxic
GVCHRDRCG,0.5234423981588127,anti-toxic
GVSGVHGVD,0.5234392803214268,anti-toxic
GSDVVLDFH,0.5234212743726316,anti-toxic
GGDGIRGYG,0.5234212743726316,anti-toxic
GLYVGICYD,0.5234126983419464,anti-toxic
GSDFLNSGG,0.5233834454904246,anti-toxic
GNYCYHVDS,0.523374798426105,anti-toxic
GYCRYVGVG,0.5233705850632603,anti-toxic
GINCVLDSY,0.5233664426722996,anti-toxic
GCCDFDGCG,0.5233664426722996,anti-toxic
GCDYFGVCG,0.5233505481316312,anti-toxic
GYCYFNGFD,0.5233452848669744,anti-toxic
GCCDIVVGD,0.523342983145925,anti-toxic
GYVSFDGCG,0.5233172051680629,anti-toxic
GLFGCFGLD,0.5233172051680629,anti-toxic
GRIRCDVFG,0.5233022406643619,anti-toxic
GCGYSFNVD,0.5232844384269836,anti-toxic
GVSVLVLYD,0.5232751802525507,anti-toxic
GFNNIVGCS,0.5232199035711751,anti-toxic
GCHYSDGCG,0.5232027247671289,anti-toxic
GLCVDSGGD,0.5231888448878742,anti-toxic
GNVSFVGYS,0.5231888448878742,anti-toxic
GRCYVNIHY,0.5231761054301972,anti-toxic
GGYNFVGSG,0.5231588449236511,anti-toxic
GYCNVSHDY,0.5231484096677059,anti-toxic
GFFCNVLYD,0.5231364103617037,anti-toxic
GSDVRGNFD,0.5231173030901828,anti-toxic
GRFCGFGFY,0.5230958382525678,anti-toxic
GYFNGYGCG,0.5230926307719314,anti-toxic
GYDGVDNGR,0.52307002230695,anti-toxic
GNFGIDCFG,0.5230650977748953,anti-toxic
GFFVNFHFG,0.5230316389562357,anti-toxic
GRRFNSGLS,0.5229784570203929,anti-toxic
GYVDLIFYG,0.5229735590525519,anti-toxic
GNCVHDRLC,0.5228787452803376,anti-toxic
GGYSFVSGV,0.5228787452803376,anti-toxic
GYVNFDVHR,0.5228787452803376,anti-toxic
GLRLRGGFV,0.5228787452803376,anti-toxic
GRVYLGDYG,0.5228787452803376,anti-toxic
GYILCDHGD,0.5228787452803376,anti-toxic
GIYCSVVNR,0.5228787452803376,anti-toxic
GFCNSIGCS,0.5228787452803376,anti-toxic
GVLGSCGFG,0.5228787452803376,anti-toxic
GYFLFCGLG,0.5228787452803376,anti-toxic
GHFIGDHFL,0.5228787452803376,anti-toxic
GCYDRCDSD,0.5228787452803376,anti-toxic
GRVVDVNSS,0.5228787452803376,anti-toxic
GFHFCNVHD,0.5228787452803376,anti-toxic
GIVIDDDGF,0.5228787452803376,anti-toxic
GNCCFDNFG,0.5228787452803376,anti-toxic
GFYVDLDSC,0.5228787452803376,anti-toxic
GVFVICGCL,0.5228787452803376,anti-toxic
GFVSCGDYG,0.5228787452803376,anti-toxic
GFSYSHDSS,0.5228787452803376,anti-toxic
GYGDCCGYG,0.5228787452803376,anti-toxic
GCHYFDRYV,0.5228787452803376,anti-toxic
GFGNFCGFD,0.5228209126040548,anti-toxic
GCVLCSGFG,0.5228116675936024,anti-toxic
GGLHRYFRR,0.5227798058831894,anti-toxic
GHRFDDRGR,0.5226996178363037,anti-toxic
GFDVIFVLG,0.5226839507124146,anti-toxic
GCFLYVNDG,0.5226668426257782,anti-toxic
GHDINVGYG,0.5226604519950665,anti-toxic
GSCVSVGGG,0.5226501090645261,anti-toxic
GYRCHIGYG,0.5226426515088786,anti-toxic
GVGCYVCDS,0.5226387372709668,anti-toxic
GNFVFGNYG,0.5226239523825024,anti-toxic
GVFSVNFHY,0.5226239523825024,anti-toxic
GFSFGFDVG,0.5226216902376727,anti-toxic
GCGCGYGFR,0.5225966442753532,anti-toxic
GFCDHIDFR,0.5225520852559838,anti-toxic
GCVRSDDFR,0.5225450576097507,anti-toxic
GGGGLHHYD,0.5225406413458588,anti-toxic
GINVCGVYG,0.5225406413458588,anti-toxic
GVDHLSGVR,0.5225366464190855,anti-toxic
GCFHYNGYI,0.5225366464190855,anti-toxic
GLHCYFDGY,0.5225196758246593,anti-toxic
GFFVNDSFG,0.522490809138506,anti-toxic
GNFIFCYDG,0.5224629534995081,anti-toxic
GDCHYFGVS,0.522461755827368,anti-toxic
GCYHRDIYN,0.5224485377346055,anti-toxic
GFYYVNVCD,0.5224307880648581,anti-toxic
GRYNYCIDN,0.5223849482039409,anti-toxic
GGFGDSSYG,0.5223675098099976,anti-toxic
GIGILSDGD,0.522352298656732,anti-toxic
GRFGYGYVR,0.5223487946570393,anti-toxic
GGVVCFDSG,0.5223389136609203,anti-toxic
GCIHYNDCG,0.5223286571993164,anti-toxic
GFFVIGDGD,0.5223180034569199,anti-toxic
GIIVGVDYG,0.5223133101826424,anti-toxic
GRCGDVFNH,0.522297749231275,anti-toxic
GFYFSCGVG,0.5222937242405947,anti-toxic
GFHCRLGFN,0.5222834134778562,anti-toxic
GSFYFVIDN,0.5222834134778562,anti-toxic
GSCLCHDSG,0.5222751392319517,anti-toxic
GFFYCLDSD,0.5222300603473342,anti-toxic
GGFNGLHYG,0.5222300603473342,anti-toxic
GCVHNVGGS,0.5222202243324787,anti-toxic
GSFINVGLG,0.5222035885459884,anti-toxic
GLFRYFDCS,0.5221833176186863,anti-toxic
GVCYVVGFS,0.5221662029024459,anti-toxic
GDYFCDGLG,0.5221603092490005,anti-toxic
GGVYDNGLD,0.522142028425295,anti-toxic
GYDCCFVVD,0.5221357263105566,anti-toxic
GLGFYYRDR,0.5221293154448364,anti-toxic
GDHLDFSFY,0.5221293154448364,anti-toxic
GFGIYVVDS,0.5221134684622253,anti-toxic
GFLVRCGYV,0.5221094014442413,anti-toxic
GRSYGGSCG,0.5220884002361856,anti-toxic
GFCGSDGGG,0.5220884002361856,anti-toxic
GFFFYYDSS,0.5220884002361856,anti-toxic
GVNFGCGYV,0.5220737506441078,anti-toxic
GIGGYLIDH,0.522070755313504,anti-toxic
GRYVVDCCG,0.5220662202876655,anti-toxic
GSSCFYFNY,0.5220427594939963,anti-toxic
GCFYRSGCG,0.5220287348389031,anti-toxic
GCFRFLNDS,0.52202635151916,anti-toxic
GCYFGLSFR,0.5220179036072015,anti-toxic
GCFCLFGFS,0.5220092865677086,anti-toxic
GLGFHHCYD,0.5220034453900178,anti-toxic
GLIGCCDYG,0.5219982695973018,anti-toxic
GFVCYYCGV,0.5219915243754442,anti-toxic
GFDSFDFYR,0.5219915243754442,anti-toxic
GGYCLDVFG,0.5219634773295561,anti-toxic
GCVLIDHCC,0.5219335991360248,anti-toxic
GYSFRSGFR,0.5219279559064671,anti-toxic
GGYVYGVCS,0.521925299273015,anti-toxic
GRHDVGGFG,0.5219201885697989,anti-toxic
GFVSFSGID,0.52191791638864,anti-toxic
GFGFIILDG,0.5219017044140258,anti-toxic
GCDVSDLFD,0.5219017044140258,anti-toxic
GGFVYGCLG,0.5218950653990843,anti-toxic
GFFVRHVDS,0.5218775719822473,anti-toxic
GGFCLNGVD,0.5218675818854753,anti-toxic
GCRHGLCYD,0.5218675818854753,anti-toxic
GCGYFDCVF,0.5218675818854753,anti-toxic
GNRSFGGVG,0.5218573904090201,anti-toxic
GFFNYGGDG,0.5218469914017856,anti-toxic
GCVFIYGVD,0.5218309896891438,anti-toxic
GFYYVLRGH,0.5217916496391234,anti-toxic
GRFCDNYYS,0.5217678141526103,anti-toxic
GFYCDHDSG,0.5217601497310862,anti-toxic
GLYNGFGLD,0.5217492401393677,anti-toxic
GLDFLYVDS,0.5217212873809333,anti-toxic
GCYGRYDGL,0.5217109723747941,anti-toxic
GFYHFDRSS,0.5216804963351246,anti-toxic
GIYSCDHFV,0.5216610151120734,anti-toxic
GFIHGLVVC,0.5216310278724267,anti-toxic
GCNDLYCRY,0.5215995264411646,anti-toxic
GDRVIDDFY,0.5215995264411646,anti-toxic
GFFRGYGGD,0.5215995264411646,anti-toxic
GLRHLDDGN,0.5215995264411646,anti-toxic
GLHYDGNYG,0.5215679364100982,anti-toxic
GGSSFDGDG,0.5215403945080753,anti-toxic
GRGGNGYFR,0.5215403945080753,anti-toxic
GVVYCVSIG,0.5215403945080753,anti-toxic
GFYRYFVGG,0.5215403945080753,anti-toxic
GCYCCLGVD,0.5215365167229687,anti-toxic
GCFGHSSYG,0.5215194500176127,anti-toxic
GHHYIVDYF,0.5215040837784105,anti-toxic
GCVFCDDFD,0.5215022164515343,anti-toxic
GGHVIGGYS,0.5214946961356542,anti-toxic
GDGLCSGFV,0.5214834863664879,anti-toxic
GCFCVCGFR,0.5214649896147696,anti-toxic
GFLRFVHFD,0.5214286788851048,anti-toxic
GLICCVGYR,0.5214286788851048,anti-toxic
GISFFFGYD,0.5213932508570308,anti-toxic
GICYSVNSS,0.5213711507223683,anti-toxic
GFVCFCGFR,0.521369108967735,anti-toxic
GSSGVNDFD,0.5213585118341967,anti-toxic
GFVCVDDGH,0.5213575721598047,anti-toxic
GIHGSIGFN,0.521352225318865,anti-toxic
GYCVIFDGY,0.5213454886766513,anti-toxic
GSIVHDGGG,0.521340397045686,anti-toxic
GVCVYVGGG,0.5213249172117159,anti-toxic
GGDNSVVDH,0.5213249172117159,anti-toxic
GYDGSIVDR,0.5213061624568104,anti-toxic
GICFCVGDV,0.521303095013289,anti-toxic
GSYFDDSFH,0.5212930037398344,anti-toxic
GSLFFVSDN,0.5212869494290364,anti-toxic
GFCLVRCVR,0.5212672611237582,anti-toxic
GVSFRCGCG,0.5212367982133608,anti-toxic
GYGVCYGFG,0.521195897133555,anti-toxic
GFVYNCGCG,0.5211789604024432,anti-toxic
GNDFGDGFS,0.5211789604024432,anti-toxic
GRGRSYGGG,0.5211638586221069,anti-toxic
GICDYCDHR,0.5211460965912754,anti-toxic
GNFCCIRGG,0.5211380837040362,anti-toxic
GFYYFCGDG,0.5211380837040362,anti-toxic
GGIILNFYD,0.5211380837040362,anti-toxic
GRIVRDGFG,0.5211024872545346,anti-toxic
GNCVHIGDG,0.5210991788861384,anti-toxic
GRFRFFDCL,0.521084137429586,anti-toxic
GILCFDGFN,0.521084137429586,anti-toxic
GFSYDCLVD,0.5210654045168692,anti-toxic
GSGNGDRGS,0.5210558906340051,anti-toxic
GHNVGSGLR,0.5210536809281603,anti-toxic
GGHIGISYG,0.5210526971161134,anti-toxic
GGLDGGVVG,0.5210501342339295,anti-toxic
GLGLFFNSV,0.5210501342339295,anti-toxic
GVYCYNGVD,0.5210462763932826,anti-toxic
GFFLLVDDD,0.521031466944784,anti-toxic
GYFVHLGFS,0.5210067834083367,anti-toxic
GCYLINGGG,0.5209938580048042,anti-toxic
GSGVVVDDY,0.5209863916026327,anti-toxic
GNHVRCGFY,0.5209800275209242,anti-toxic
GFFYGFDDY,0.5209781099409034,anti-toxic
GRRGFVGCG,0.5209756919929547,anti-toxic
GCCVYYYDD,0.5209655506360571,anti-toxic
GRCYCVGFG,0.5209528242442991,anti-toxic
GCFRGFDGG,0.5209442455031379,anti-toxic
GIVSLHDYD,0.5209399274089509,anti-toxic
GGFDLCDCG,0.5209001792982497,anti-toxic
GVHYCDGGG,0.5209001792982497,anti-toxic
GFYYYVNYG,0.520885843544831,anti-toxic
GNYVVFGFV,0.520872762582739,anti-toxic
GFYNYFRYY,0.5208540587139231,anti-toxic
GLCYVDFDR,0.5208445753698844,anti-toxic
GCRVILGCC,0.5208301826050684,anti-toxic
GRGYIDCFG,0.5208242895114343,anti-toxic
GINFFVDSG,0.5208180321285574,anti-toxic
GCFGIGDSG,0.5208057366574723,anti-toxic
GCDDFICDG,0.5207967019372876,anti-toxic
GVFSLVVDV,0.520789112627081,anti-toxic
GCGCFVHRN,0.520755051650482,anti-toxic
GVISCLGYS,0.520755051650482,anti-toxic
GVYVFVGGD,0.520755051650482,anti-toxic
GHFICDVFD,0.5207488024043883,anti-toxic
GILCGYGVG,0.5207153809967067,anti-toxic
GYIGVIGYD,0.5207132519717327,anti-toxic
GFVLIDRFN,0.520686125135553,anti-toxic
GFDICYGYR,0.520653871142368,anti-toxic
GCYVSFSLD,0.5206458638480457,anti-toxic
GYVNSDCHS,0.5206376335077431,anti-toxic
GFLLRFHNF,0.5206376335077431,anti-toxic
GNLHCFNFL,0.5206108838245155,anti-toxic
GSLSVCNSS,0.5206094025235535,anti-toxic
GCCCFDGFS,0.5205869485007527,anti-toxic
GCYFYDGCG,0.5205534833123792,anti-toxic
GCINFDGFS,0.520545913447866,anti-toxic
GIFDIGDFD,0.5205297367391231,anti-toxic
GFRDGYSVD,0.5205230158520426,anti-toxic
GIRCVDVSS,0.520519026310764,anti-toxic
GILSVSGVR,0.5204592711569247,anti-toxic
GVINRDNFN,0.5204469551134809,anti-toxic
GYYYCGGFR,0.5203899448766429,anti-toxic
GVCVGIDYR,0.5203800314767899,anti-toxic
GRFLDGHYD,0.520365944739481,anti-toxic
GRHVGCDGY,0.5203590023037322,anti-toxic
GGFVFLRDG,0.5203507584299941,anti-toxic
GRVCCYGFN,0.5203464087649425,anti-toxic
GFICVCNYG,0.5203464087649425,anti-toxic
GNVGISGYD,0.5203165285157372,anti-toxic
GFFLCHSYG,0.5203013223925269,anti-toxic
GCICIFGYG,0.520285934702058,anti-toxic
GYHIGDDFY,0.5202781717498122,anti-toxic
GCCLSDGLD,0.5202613793097172,anti-toxic
GFCDCSGLD,0.5202546014541888,anti-toxic
GSCDSDCVG,0.5202148342787726,anti-toxic
GCFRCDVFG,0.5202116264664582,anti-toxic
GHVHGIGVD,0.5201885320744999,anti-toxic
GRNVVIGYG,0.5201789686850256,anti-toxic
GIGCYVNYG,0.5201558869448643,anti-toxic
GCCFCNDSS,0.5201558869448643,anti-toxic
GFSLNDGYG,0.5201392654594381,anti-toxic
GVYGDNYCD,0.5201213107351487,anti-toxic
GYVVFDDGN,0.5201106125656829,anti-toxic
GIFGNVGCS,0.5201102087595719,anti-toxic
GISYVVLDG,0.520094271780981,anti-toxic
GYCDCGRYG,0.5200903281128425,anti-toxic
GIGCSVGYG,0.5200771473154203,anti-toxic
GYIYCCGFY,0.5200594734730722,anti-toxic
GYFICLDHN,0.5200494552614733,anti-toxic
GFHFSHNHI,0.5200494552614733,anti-toxic
GLFVRLIFD,0.5200371136686137,anti-toxic
GFIVCGGFR,0.5200323381843032,anti-toxic
GNDGDLDVY,0.5200215344358567,anti-toxic
GHNRHNGGG,0.5200163033272655,anti-toxic
GFGDFIDDF,0.5200121046287345,anti-toxic
GVFGNFRVD,0.5200068752838027,anti-toxic
GLFLNFHGY,0.5199930570428494,anti-toxic
GFCCRNGLG,0.5199737546369303,anti-toxic
GVYYRDRSS,0.5199737546369303,anti-toxic
GCLCNSHFY,0.5199343646335562,anti-toxic
GCYVCNRFN,0.5199171542873255,anti-toxic
GFIYVNGDD,0.5198938917308754,anti-toxic
GRRIYHGDD,0.5198732351406123,anti-toxic
GLLFCDFFD,0.5198732351406123,anti-toxic
GFYGIDDVN,0.5198470088365551,anti-toxic
GRCVDFVFR,0.5198279937757188,anti-toxic
GGYCGDGYD,0.5198022661916999,anti-toxic
GICDGVGVS,0.5197871316067668,anti-toxic
GHFYDVGFS,0.5197822624592635,anti-toxic
GIYHGGCCD,0.5197813695703273,anti-toxic
GFGLSDGIG,0.5197751828776751,anti-toxic
GHNVIYHFY,0.5197655098561946,anti-toxic
GNDNYLFGD,0.5197655098561946,anti-toxic
GLDDDNVFC,0.5197616572857985,anti-toxic
GGFYCVGGG,0.519743031427479,anti-toxic
GNCCCDVVN,0.5197332981386272,anti-toxic
GIYNGGVVN,0.5197259584257312,anti-toxic
GCYRSSHFD,0.5197225214912189,anti-toxic
GYFDCYGVG,0.5197202260355078,anti-toxic
GFDNDVGFD,0.5196892977858221,anti-toxic
GCCIVCGVG,0.5196892977858221,anti-toxic
GYFSRDVRR,0.5196647103937708,anti-toxic
GIHLHDDFY,0.5196630577486416,anti-toxic
GICYGCCVG,0.5196278016885288,anti-toxic
GVRYIDGDD,0.5196194843405783,anti-toxic
GHHRYCGHS,0.5196140798110457,anti-toxic
GLFDDCGIS,0.519612413271081,anti-toxic
GFSCRDFGR,0.5195942749670751,anti-toxic
GFRGGGNFG,0.5195886198332876,anti-toxic
GCVVLSGCG,0.5195861254004184,anti-toxic
GSYRNDRFY,0.5195701896451653,anti-toxic
GCCCGYGFR,0.5195571651739052,anti-toxic
GGICNLVDN,0.5195251032727497,anti-toxic
GDRCCGGVG,0.5195251032727497,anti-toxic
GVDDYGGLS,0.5195251032727497,anti-toxic
GCHYIFDGF,0.5195251032727497,anti-toxic
GCGFHFFVD,0.5194626253458811,anti-toxic
GCYFRIVDH,0.5194590860222003,anti-toxic
GICNYDFDG,0.519452955339715,anti-toxic
GCNFFYLDG,0.5194494422129934,anti-toxic
GGRSVYCID,0.5194412788212439,anti-toxic
GVYVSVDLI,0.5194364988693202,anti-toxic
GVYGVCGYD,0.5194352174717091,anti-toxic
GVYVVLDDH,0.5194103168357387,anti-toxic
GNLLYGDGD,0.5194103168357387,anti-toxic
GCDIDSGCG,0.5193960122464881,anti-toxic
GFFFYSCFD,0.5193621715575004,anti-toxic
GHCSLIGFS,0.5193317612631444,anti-toxic
GSCNGYVDD,0.5193189345141173,anti-toxic
GVYGSFSCD,0.5192989278582619,anti-toxic
GRYNRSVVD,0.5192913672624956,anti-toxic
GNVGDYGYD,0.5192603971601848,anti-toxic
GICLGFGVR,0.5192582322312729,anti-toxic
GRNRRFDGF,0.5192520479466197,anti-toxic
GIYNIILYG,0.519233943110394,anti-toxic
GCCFHFGLD,0.5192291903423037,anti-toxic
GCYFCNYFD,0.5191930557033745,anti-toxic
GICIVVGGD,0.5191893282216932,anti-toxic
GFDYYVLVD,0.5191825997203738,anti-toxic
GFYHYVGVF,0.519176692117358,anti-toxic
GFRFCSHHR,0.5191687375622819,anti-toxic
GSHCCNYYD,0.5191687375622819,anti-toxic
GCVLYDGFD,0.5191626248108908,anti-toxic
GCYCYHSYG,0.5191468685523168,anti-toxic
GGCNDFGVD,0.5190594218192706,anti-toxic
GRFIRHRVD,0.5190535742120077,anti-toxic
GFRGGDGGS,0.5190507687248601,anti-toxic
GNRHRCGLR,0.5190438905011857,anti-toxic
GRCFDFGCG,0.519029729109421,anti-toxic
GLGYVLVFR,0.5190056404477086,anti-toxic
GFVRHDRFC,0.5189837013968134,anti-toxic
GRYHSHFDY,0.5189720219475287,anti-toxic
GHCNFLNSG,0.5189452154663612,anti-toxic
GYYCSIGSS,0.5189452154663612,anti-toxic
GGCVRCGLG,0.5189125580627362,anti-toxic
GRGFGFNYG,0.5189125580627362,anti-toxic
GGIRCLGYR,0.5189059614016351,anti-toxic
GHCVYFCDS,0.5188995795201307,anti-toxic
GFFCFVFDS,0.5188821420889237,anti-toxic
GYSRHLDDS,0.5188760028266637,anti-toxic
GFINRGGFV,0.5188760028266637,anti-toxic
GFFGYYGVG,0.5188537444415062,anti-toxic
GFCYGDSYG,0.5188527031414786,anti-toxic
GHVYVLGSG,0.5188502980838605,anti-toxic
GIYVCLDFD,0.518840854274064,anti-toxic
GRFYSDVGG,0.51881988880347,anti-toxic
GVSYGIGCG,0.51881988880347,anti-toxic
GIYFYYRDD,0.5188062956492129,anti-toxic
GFCCVCGVD,0.5188030840176647,anti-toxic
GRRVGSGHG,0.5187953553952044,anti-toxic
GYCVVYIDN,0.5187788343550863,anti-toxic
GVCGCIGFR,0.5187763194977719,anti-toxic
GGFDYYVVF,0.5187681734469234,anti-toxic
GHLDHCGFG,0.5187658339784527,anti-toxic
GDGFYVSVG,0.5187621790855054,anti-toxic
GYLSVCRSG,0.5187227855091798,anti-toxic
GCLYRHDSS,0.5186941824544125,anti-toxic
GVYCCIDSG,0.5186941824544125,anti-toxic
GCRDDFGGG,0.5186724704443141,anti-toxic
GFYHSDHVD,0.5186724704443141,anti-toxic
GIVGFDRFS,0.5186724704443141,anti-toxic
GCCCRFSGY,0.5186554269232514,anti-toxic
GIDVVCSVD,0.5186554269232514,anti-toxic
GLIFCSDSG,0.5186321313283117,anti-toxic
GFYDCYSYR,0.5186303883252679,anti-toxic
GRFSNDIFF,0.5185692323194802,anti-toxic
GRFIYGGCD,0.5185604407058031,anti-toxic
GCLVSCGCD,0.5185461946576493,anti-toxic
GFCCFDGSG,0.5185139398778874,anti-toxic
GRIGCRGYG,0.5185139398778874,anti-toxic
GDVLDFRGG,0.5185139398778874,anti-toxic
GFCCIYHDG,0.5185139398778874,anti-toxic
GLDIRVFDG,0.5185139398778874,anti-toxic
GLFFHFGGS,0.5185139398778874,anti-toxic
GYVDIYDFY,0.5184646470474726,anti-toxic
GFYVHDGCD,0.5184601106163036,anti-toxic
GIIRRVGID,0.5184559605063438,anti-toxic
GLVICIDSG,0.5184503582246148,anti-toxic
GSYIVFGHR,0.5184395807505928,anti-toxic
GHRFLFVDR,0.5184351277042017,anti-toxic
GDRCCLDYN,0.5184178676549753,anti-toxic
GFCGGSDFG,0.5184014429255933,anti-toxic
GLIGHLRSG,0.518390927702613,anti-toxic
GGCYDGGLD,0.51838697174896,anti-toxic
GCYINCGYR,0.5183848967980781,anti-toxic
GIIDFFLSG,0.5183830635235671,anti-toxic
GCYGCSHCS,0.5183626441153738,anti-toxic
GGVCGDGFR,0.5183626441153738,anti-toxic
GFCVYDVFG,0.5183626441153738,anti-toxic
GLDLVRGCH,0.5183429914474562,anti-toxic
GLRHFDVFF,0.5183429914474562,anti-toxic
GCGRDSGVS,0.5183174709842843,anti-toxic
GFIHSCRYG,0.5183174709842843,anti-toxic
GSFVCGVVD,0.5182981413731227,anti-toxic
GLSYGDCYG,0.5182895562604428,anti-toxic
GFYCCLVVD,0.5182829935911885,anti-toxic
GCGCVYGFG,0.5182829935911885,anti-toxic
GFVVIDSFN,0.5182829935911885,anti-toxic
GHDFSLSYD,0.5182607807439901,anti-toxic
GVHVFLSYG,0.5182607807439901,anti-toxic
GCCVDSGDY,0.5182607807439901,anti-toxic
GLCYLDGGG,0.518229516293476,anti-toxic
GIFICDDVF,0.5182235390098934,anti-toxic
GFCVDCGFR,0.5182213871676645,anti-toxic
GRRIRFHIN,0.5182124511591478,anti-toxic
GYISYCGVG,0.5182077752674612,anti-toxic
GSCLYGCFD,0.5181806363451018,anti-toxic
GSLFVFDVG,0.518176361561704,anti-toxic
GFIVFSGFG,0.5181581066077532,anti-toxic
GFYFCHVDS,0.5181581066077532,anti-toxic
GHCVRSFYD,0.5181581066077532,anti-toxic
GSCSYSGFI,0.5181413148169299,anti-toxic
GGRSIFGFG,0.5181323102558759,anti-toxic
GGFDYHGYR,0.5181138528096076,anti-toxic
GCLGVLGFV,0.5180990679211432,anti-toxic
GLVFGVGVG,0.5180930827295208,anti-toxic
GVIGRCYDD,0.5180892019644212,anti-toxic
GLCHYFRSG,0.5180535407232432,anti-toxic
GCFYFDCVY,0.5180388188844467,anti-toxic
GCDYHCSYG,0.5180092396678004,anti-toxic
GFSGIGNFG,0.5179872030250782,anti-toxic
GDVCGGSCL,0.5179764466386081,anti-toxic
GFCYGSFGY,0.5179764466386081,anti-toxic
GCFSHVGSG,0.5179575086910676,anti-toxic
GSCNFVGVS,0.5179518502416313,anti-toxic
GCVFDNGLG,0.5179475303004988,anti-toxic
GLGYVCLYD,0.5179341626632752,anti-toxic
GSLCLSGSG,0.5179153257487874,anti-toxic
GNYYRYFGG,0.5178724133944318,anti-toxic
GGYCYFVVD,0.5178662224097218,anti-toxic
GLCICVGVS,0.5178662224097218,anti-toxic
GFSSDDVHR,0.5178662224097218,anti-toxic
GDCCIFDHG,0.5178662224097218,anti-toxic
GRGFRSNFG,0.5178579439052867,anti-toxic
GRDRGLDCG,0.5178554189300286,anti-toxic
GCYCHFGFG,0.5178385206408141,anti-toxic
GCHVNFGLR,0.5178385206408141,anti-toxic
GYCCGFGSG,0.5178050093406258,anti-toxic
GCYYNLFVH,0.5177391056279265,anti-toxic
GHHRSNGHG,0.5177391056279265,anti-toxic
GICYCGDGD,0.5177391056279265,anti-toxic
GFFRLFVDG,0.5177391056279265,anti-toxic
GNYVYFSVG,0.5177391056279265,anti-toxic
GHGGCGGYN,0.5177391056279265,anti-toxic
GNHIYYSSS,0.5177391056279265,anti-toxic
GRYDFISDG,0.5177288336407477,anti-toxic
GSIYLDRFY,0.5177191943663453,anti-toxic
GLYRFLRNN,0.517717290006578,anti-toxic
GLVLNLHYD,0.5177113081125136,anti-toxic
GSCYYRGDG,0.5177068915210317,anti-toxic
GYYVGDGID,0.5176991282281741,anti-toxic
GCGSRVGFI,0.5176906325566218,anti-toxic
GRVLFLDYD,0.517689885422524,anti-toxic
GCCDDFSFG,0.5176775515945298,anti-toxic
GYIGHCGYG,0.5176619320192111,anti-toxic
GCHYLFNGH,0.5176548011567498,anti-toxic
GFRSHGGLG,0.5176515656703821,anti-toxic
GVFCGIGLR,0.5176356898679657,anti-toxic
GFNVNRGYG,0.5175964098875584,anti-toxic
GRFFYGGDS,0.5175947977741637,anti-toxic
GFCGDGRYG,0.5175908906847088,anti-toxic
GFYIYFVFF,0.5175908906847088,anti-toxic
GCRDFCGGG,0.517586158106746,anti-toxic
GVDFCFGCG,0.5175728897114101,anti-toxic
GFHICFDFY,0.5175604938705649,anti-toxic
GNDIFVGVS,0.5175499117752705,anti-toxic
GDLCFVFDD,0.5175059615164765,anti-toxic
GHCIFDNLR,0.5175004167063353,anti-toxic
GGNGLSGFY,0.5175004167063353,anti-toxic
GVFLVIGDG,0.5175004167063353,anti-toxic
GCYGRYVVN,0.5174776137091966,anti-toxic
GLVLDVRIG,0.5174776137091966,anti-toxic
GDGFIFRSG,0.5174725200926371,anti-toxic
GISCVFGGN,0.5174559747215538,anti-toxic
GGGVLSGFD,0.517439442922962,anti-toxic
GLHLVFDCY,0.517439442922962,anti-toxic
GFLYILRFY,0.5174158495788354,anti-toxic
GVNHVDCFD,0.5174158495788354,anti-toxic
GHFNGRDYG,0.5174008700330237,anti-toxic
GCYSCDSFF,0.5173725608190783,anti-toxic
GYVIVNDFH,0.5173634134122754,anti-toxic
GYCSGFGFN,0.517360316750692,anti-toxic
GHDFGFGYS,0.5173554344042366,anti-toxic
GICVFYGLD,0.5173462566803766,anti-toxic
GYCSGDGYR,0.5173405362201271,anti-toxic
GFYVCHDSS,0.5173158853749407,anti-toxic
GNSVVFVCD,0.517298867899501,anti-toxic
GYIGSVGFC,0.5172879842807225,anti-toxic
GFCFRYGLR,0.5172879842807225,anti-toxic
GFSLVHGGG,0.517283891969504,anti-toxic
GCIFRVDFG,0.5172758581366403,anti-toxic
GFYFCFGCG,0.5172672458196769,anti-toxic
GLIIHVGSG,0.5172606203968007,anti-toxic
GVFVRFFDN,0.5172384779276449,anti-toxic
GCSFVCGIG,0.5172217803947451,anti-toxic
GFFNSDVLD,0.5172164162842019,anti-toxic
GCYVFDGYG,0.5172050967655702,anti-toxic
GVLIINDGD,0.5171958979499743,anti-toxic
GSIVRVDGG,0.5171848050014314,anti-toxic
GCCHDGFFD,0.5171484519158586,anti-toxic
GHHSFCDCG,0.5171421371739271,anti-toxic
GCYIDHGFR,0.5171398306854483,anti-toxic
GIFFYIGSS,0.5171381144015607,anti-toxic
GIFCFFVDN,0.5171348697295479,anti-toxic
GFVGHCFDG,0.5171264163912462,anti-toxic
GICVNVGFV,0.5171045645468227,anti-toxic
GGLLYFDGG,0.5171045645468227,anti-toxic
GFDCCFVYD,0.5170900975640766,anti-toxic
GGHGFLCYG,0.5170845546646822,anti-toxic
GFFVCDDFR,0.5170845546646822,anti-toxic
GIDHSNGFG,0.5170845546646822,anti-toxic
GGSCGIVFR,0.5170721261878,anti-toxic
GNYDDFCVN,0.5170721261878,anti-toxic
GCCNCSGFR,0.5170682250096122,anti-toxic
GRCVRCGSG,0.5170661632662757,anti-toxic
GYINVVGFY,0.5170626620631953,anti-toxic
GVYVNGLCD,0.5170492016196137,anti-toxic
GDDFRGDCG,0.5170492016196137,anti-toxic
GYNFRCDVR,0.5170492016196137,anti-toxic
GVSFDDFDY,0.5170492016196137,anti-toxic
GVILGFGLG,0.5170492016196137,anti-toxic
GLGNVCGVG,0.5170492016196137,anti-toxic
GCCRGYDSG,0.517040088411654,anti-toxic
GFNFLDDYY,0.5170335092389178,anti-toxic
GIHHLDVCR,0.5170285361830557,anti-toxic
GVRFVYGCG,0.5170285361830557,anti-toxic
GFRCFDGVN,0.5170189487909362,anti-toxic
GIRFLSGIS,0.5169989763310849,anti-toxic
GDDVCGSFD,0.5169927667573546,anti-toxic
GYCFVNDFL,0.5169927667573546,anti-toxic
GCVYCNFIY,0.5169927667573546,anti-toxic
GDDCFGCVG,0.5169927667573546,anti-toxic
GCICFVGVD,0.5169927667573546,anti-toxic
GFSFVYGSS,0.5169927667573546,anti-toxic
GYYGYLVDV,0.5169927667573546,anti-toxic
GVRFYICDD,0.5169628865081494,anti-toxic
GFGLRDCVG,0.5169594938608126,anti-toxic
GFCFRSGYC,0.5169375516429324,anti-toxic
GVYDGFDDN,0.5169060354795655,anti-toxic
GLVYFRDGY,0.5169036980349534,anti-toxic
GCRFSDHGR,0.5168956634630646,anti-toxic
GYSCYVRSG,0.5168883815911501,anti-toxic
GFCHHLVCN,0.5168883815911501,anti-toxic
GFHISYRGR,0.5168765542383286,anti-toxic
GNYGLVGDD,0.5168657614978143,anti-toxic
GVNYDNDGD,0.5168467805104245,anti-toxic
GIDRCDGLD,0.5168383908593651,anti-toxic
GLCIGIFDG,0.516830625825136,anti-toxic
GFSYGSYFR,0.5168220382630831,anti-toxic
GFYCVRDGC,0.5168167099213937,anti-toxic
GDIVCNVFD,0.5168167099213937,anti-toxic
GLGYGCRSG,0.5168141549999931,anti-toxic
GFYVFDRFF,0.5168011803347624,anti-toxic
GVRHCGGFD,0.5167991115929672,anti-toxic
GVVYSLGLR,0.5167845419454341,anti-toxic
GRVVFGVCD,0.516768614761719,anti-toxic
GSCSRNSFG,0.516768614761719,anti-toxic
GFCGCHVCF,0.5167618204706557,anti-toxic
GLFDRIDGF,0.5167618204706557,anti-toxic
GDFCVCGFS,0.5167602245595843,anti-toxic
GCGRCVDYD,0.5167422508795202,anti-toxic
GLFCYNGGG,0.5167230322600066,anti-toxic
GDRSDHGFR,0.5166802806859739,anti-toxic
GYSCVFSSG,0.5166569249961864,anti-toxic
GGCGGFDGG,0.5166533688576802,anti-toxic
GYVSINDGY,0.516629796003336,anti-toxic
GCCVVSDGY,0.516629796003336,anti-toxic
GDGRGVFYN,0.516629796003336,anti-toxic
GRSCGDVFN,0.516629796003336,anti-toxic
GFISCFDSC,0.516629796003336,anti-toxic
GLDVVYCDS,0.516629796003336,anti-toxic
GVLGCLYFD,0.516629796003336,anti-toxic
GVCNNGFVG,0.516629796003336,anti-toxic
GHGHLLDYS,0.5166081413708415,anti-toxic
GFGFVYGFF,0.5165982717060114,anti-toxic
GVGFGHSVD,0.5165753765455988,anti-toxic
GCLFVIRDG,0.5165664277268825,anti-toxic
GIFFCSGVR,0.5165469706990127,anti-toxic
GLCGIFRCG,0.5165200009118897,anti-toxic
GLCSLCGYG,0.5164986486425619,anti-toxic
GVGGSCCDH,0.5164919466189369,anti-toxic
GNCCLSNYG,0.5164919466189369,anti-toxic
GLIGRGSYG,0.5164822524374858,anti-toxic
GYVLSVDSS,0.516480502608293,anti-toxic
GYIFVCGFR,0.5164669864487008,anti-toxic
GFYIDRGSS,0.5164636436776839,anti-toxic
GGGHIDDVD,0.5164446352749277,anti-toxic
GFRNVDGFV,0.5164446352749277,anti-toxic
GSVVRIIDG,0.516430988729595,anti-toxic
GGSHNFDCG,0.5164151706063792,anti-toxic
GSFLHFDGN,0.5163823582517543,anti-toxic
GYRLRFDGS,0.516374553867336,anti-toxic
GHDGCLDGG,0.5163637656845103,anti-toxic
GIFGYDGFD,0.5163478781213798,anti-toxic
GFCDGDHGF,0.5163323340178007,anti-toxic
GCHYFCRFS,0.5163209826587979,anti-toxic
GISVNGSGF,0.5163149757779493,anti-toxic
GGCCCFNSS,0.5163149757779493,anti-toxic
GCVIFVRDS,0.5162785355629671,anti-toxic
GFIDLGYCC,0.5162733786818107,anti-toxic
GVSDSCGLS,0.5162733786818107,anti-toxic
GFCDCNVYD,0.5162733786818107,anti-toxic
GGDFCDVVD,0.5162637043674767,anti-toxic
GCNCRGGDD,0.5162481663813244,anti-toxic
GFIFFFDGN,0.5162298606432912,anti-toxic
GYFDYFVDY,0.5162292784693515,anti-toxic
GYLFCVGLG,0.5162191156115954,anti-toxic
GYYVGCHDY,0.5162191156115954,anti-toxic
GCHRDFGYG,0.5162138382907305,anti-toxic
GFSVSCGLG,0.5162062180102313,anti-toxic
GLVLCVGGS,0.516204734761517,anti-toxic
GFFVCSGCG,0.5161971599238222,anti-toxic
GFFDYRGHG,0.5161594409228082,anti-toxic
GVDFYIIDG,0.5161453626213691,anti-toxic
GFYFVDVLF,0.5161421188944947,anti-toxic
GLLCCSGVG,0.5161349066383685,anti-toxic
GCFYGDGID,0.5161225907113461,anti-toxic
GVDVHVGFR,0.5161225907113461,anti-toxic
GHGCNFDGD,0.5161225907113461,anti-toxic
GCGFCDGFV,0.5160868599632483,anti-toxic
GIRSRVGYS,0.5160794755724825,anti-toxic
GFFCCDVFG,0.5160640873367859,anti-toxic
GVYVDIGFD,0.516056065924868,anti-toxic
GIGSDIDYV,0.5160393207500321,anti-toxic
GYFRIDGCV,0.5160393207500321,anti-toxic
GFCYFGDFD,0.5160393207500321,anti-toxic
GFCFVCGFG,0.5160393207500321,anti-toxic
GFCVVCGFG,0.5160107947240832,anti-toxic
GHYVGDCVS,0.516005136446665,anti-toxic
GVYYRDHGR,0.5159999271737066,anti-toxic
GCSFRFSLG,0.5159865157792207,anti-toxic
GVCDNVGVD,0.5159826576301261,anti-toxic
GFYFRDDGS,0.5159667508640076,anti-toxic
GFLFRHGYS,0.515959259088472,anti-toxic
GGCCGRGGS,0.5159473968462275,anti-toxic
GRLYCCGFI,0.5159426210468301,anti-toxic
GCFNVCVIR,0.5159384276186912,anti-toxic
GFRYFRGHS,0.5159338540035948,anti-toxic
GYGFYNCYG,0.5159233387806144,anti-toxic
GNCVCCLHI,0.515899428823584,anti-toxic
GGYIYHGSG,0.5158930500836044,anti-toxic
GFDVCDIFD,0.5158886789601699,anti-toxic
GGYLGYNDS,0.5158738437116791,anti-toxic
GLYVRFFDD,0.5158738437116791,anti-toxic
GINFGSRRF,0.5158738437116791,anti-toxic
GICVFDGGS,0.5158738437116791,anti-toxic
GRFVVNSFR,0.5158738437116791,anti-toxic
GFCDVVGYG,0.5158738437116791,anti-toxic
GVLRFYGFS,0.5158738437116791,anti-toxic
GRVFDNGFV,0.5158540810449831,anti-toxic
GGSCCVYYD,0.5158332573388723,anti-toxic
GIFDDYGRR,0.5158302764040432,anti-toxic
GDYGGLFFF,0.5157959503419244,anti-toxic
GYVYFSGFD,0.5157850702677212,anti-toxic
GGFLYNDCS,0.5157784048623986,anti-toxic
GGYRDYVVD,0.5157784048623986,anti-toxic
GSVHLCGVG,0.5157506570757934,anti-toxic
GCFDYSSDG,0.5157506570757934,anti-toxic
GFFVRVNDD,0.5157210396937173,anti-toxic
GFFHRLCYH,0.5157163051294118,anti-toxic
GVCFHGGVD,0.515664891687827,anti-toxic
GFYSVDGVD,0.5156435098521812,anti-toxic
GYFFVIHDY,0.5156324595940648,anti-toxic
GFGFDLHYG,0.5156230601147562,anti-toxic
GIRSLGICI,0.5155795065388381,anti-toxic
GHFFRDGCG,0.5155795065388381,anti-toxic
GHDFGNDFC,0.5155795065388381,anti-toxic
GHYCCFFVD,0.5155795065388381,anti-toxic
GVYYRDGGG,0.5155562853394259,anti-toxic
GRCCRLRFR,0.5155515173349549,anti-toxic
GRHICDDCG,0.5155494609141485,anti-toxic
GFLIYSSVD,0.5155457395223842,anti-toxic
GCGHLVFYG,0.5155257738469163,anti-toxic
GCGLGFCYG,0.5154994891306148,anti-toxic
GFFHIDVFG,0.5154908116581248,anti-toxic
GSYCCVGFD,0.5154521362467256,anti-toxic
GYFFLVHDF,0.5154480415819077,anti-toxic
GCGCRFGVD,0.5154300204408462,anti-toxic
GFDRVYVSD,0.5154228629007456,anti-toxic
GGGVRLDCS,0.5154149854716549,anti-toxic
GRLSIFNSC,0.5153999347017115,anti-toxic
GLCFCFGFD,0.5153907238877876,anti-toxic
GDYCSCGFI,0.515385754814945,anti-toxic
GHLDGGGFG,0.5153745502514866,anti-toxic
GIIVYVGCS,0.515369143501592,anti-toxic
GSVCYGIYS,0.5153563909511395,anti-toxic
GVFVGNGGG,0.5153256073898916,anti-toxic
GFFRCNGFD,0.5153256073898916,anti-toxic
GIRNYDGSV,0.5152963017802511,anti-toxic
GFSSLFCLG,0.5152943658047424,anti-toxic
GFYYYGCCD,0.5152937647837246,anti-toxic
GVYVSSGYR,0.5152907468992751,anti-toxic
GIINRDVFG,0.5152808489352637,anti-toxic
GIYHRFSGN,0.5152485524501201,anti-toxic
GYCVIFGVG,0.5152370029864622,anti-toxic
GDCVGHGLG,0.5151980960590122,anti-toxic
GFYVCNVFY,0.5151919166140465,anti-toxic
GCFFGNVFD,0.51518599652896,anti-toxic
GGYVGGGGN,0.5151646085068974,anti-toxic
GSSFLCDFG,0.5151462950496469,anti-toxic
GFFFFNCYS,0.5151462950496469,anti-toxic
GSLRRYGGG,0.5151462950496469,anti-toxic
GFLFCYNDG,0.5151341992265068,anti-toxic
GGIVIDYCC,0.5151325715306575,anti-toxic
GDFGIYDSY,0.5151286037657817,anti-toxic
GLRFCDDGG,0.5151232805835753,anti-toxic
GGGSHGGFR,0.5151165732810956,anti-toxic
GCCGGVLNG,0.5151043484149591,anti-toxic
GICFFNDCS,0.5151043484149591,anti-toxic
GIGVDRGFS,0.5151043484149591,anti-toxic
GCCFYLDCG,0.5150837769500236,anti-toxic
GFFVRRFVD,0.5150685199711073,anti-toxic
GYIWVYGFG,0.5150549277394088,anti-toxic
GHVRLNFVD,0.5150534077683809,anti-toxic
GIFCNSGCD,0.5150367837379898,anti-toxic
GVFVCLDDR,0.5150298361934667,anti-toxic
GNIFRVGHG,0.5150298361934667,anti-toxic
GCYSHCGYD,0.514997991858914,anti-toxic
GFGYHFSSS,0.5149747568401221,anti-toxic
GVHGCDGYN,0.5149656626459685,anti-toxic
GLLYCIGHR,0.5149435657561594,anti-toxic
GVLRYVGVG,0.5149310540608797,anti-toxic
GLLGVLGLN,0.5149098156090622,anti-toxic
GCCCDVNIS,0.5149098156090622,anti-toxic
GVVRDYVDI,0.5149098156090622,anti-toxic
GCHVDVFRN,0.5149098156090622,anti-toxic
GLFIRDCFG,0.5149098156090622,anti-toxic
GIYIRHDCG,0.5149098156090622,anti-toxic
GGIGGNNIP,0.5149098156090622,anti-toxic
GSCICLDYN,0.5149098156090622,anti-toxic
GDNGCRGYD,0.5148992053337993,anti-toxic
GFLDDHCVY,0.5148778997918954,anti-toxic
GFFHYCCCG,0.5148360250249236,anti-toxic
GCLVYLDGV,0.5148064736735589,anti-toxic
GCGIGHGSG,0.5147986148705458,anti-toxic
GINLICYVC,0.5147926761661664,anti-toxic
GCCIRHLLC,0.5147860673586443,anti-toxic
GSYCHVFDG,0.514760855058158,anti-toxic
GFRVSDCFY,0.5147522970255273,anti-toxic
GYIRGNVYD,0.5147480370704423,anti-toxic
GCNCCSYGG,0.5147374423256311,anti-toxic
GYSDSSGIS,0.5147052973656296,anti-toxic
GYHCGIFDS,0.5147052973656296,anti-toxic
GFYYVIGFN,0.5146952962261364,anti-toxic
GFVRRCFRV,0.5146842666650661,anti-toxic
GCCCYDFYN,0.5146584150336465,anti-toxic
GLFNGFGGD,0.5146584150336465,anti-toxic
GIRYYSGGG,0.5146492248802936,anti-toxic
GFGCNSGCD,0.5146407955240633,anti-toxic
GSVCNYGDS,0.514616373380396,anti-toxic
GCHLSDVFS,0.5145784594979708,anti-toxic
GFDFGYGCS,0.5145701780834209,anti-toxic
GLIRCCSYG,0.5145359992474249,anti-toxic
GYIRRFGVY,0.5145339657527152,anti-toxic
GIGVFNHFR,0.5145301613413472,anti-toxic
GFLRGGCVD,0.5145266709155717,anti-toxic
GIVYCFGGG,0.514509174914687,anti-toxic
GCFNIRGFR,0.5144664317197052,anti-toxic
GIVVDHDYS,0.5144455777434748,anti-toxic
GDYFSILDD,0.5144455777434748,anti-toxic
GFRDNLVDD,0.5144455777434748,anti-toxic
GIIGVCDDD,0.5144269979029661,anti-toxic
GYCSNSGDN,0.5144250577934648,anti-toxic
GSLCYCVDN,0.5144196411982191,anti-toxic
GRSRVDHFD,0.5144053843646649,anti-toxic
GFIFIFDGG,0.5143817062113495,anti-toxic
GIFVDCNIY,0.5143693121392919,anti-toxic
GFCDNHRYG,0.5143693121392919,anti-toxic
GYGIRGGII,0.5143693121392919,anti-toxic
GVCDSVGRH,0.5143509499008728,anti-toxic
GSYFNYRGR,0.5143448892872414,anti-toxic
GCYIFCGGR,0.5143426928023603,anti-toxic
GFYHNYRYG,0.5143291466399601,anti-toxic
GGGHISVVN,0.5143209416450721,anti-toxic
GFSHHFDDR,0.5143209416450721,anti-toxic
GCYIRDNFR,0.5143209416450721,anti-toxic
GGHVHLFYG,0.5143209416450721,anti-toxic
GFSDRRDGG,0.5142933577597757,anti-toxic
GGIYCDRDG,0.5142875279515067,anti-toxic
GCYLGDVCG,0.5142875279515067,anti-toxic
GVYVFLVYD,0.5142670114481914,anti-toxic
GGFRGDRFY,0.5142563014354435,anti-toxic
GNCDCHGFG,0.5142563014354435,anti-toxic
GLRVYFGSD,0.5142443757561358,anti-toxic
GIGYIYGGG,0.5142411557665759,anti-toxic
GCVIGCGYS,0.5142390904071693,anti-toxic
GFCDDFSVR,0.5142365950713639,anti-toxic
GNVDLIGVG,0.5142296361718244,anti-toxic
GISYSYGGD,0.5142296361718244,anti-toxic
GDNDGYSFR,0.514215596252582,anti-toxic
GFIVFGVCD,0.5142125663016498,anti-toxic
GCYGCGGYR,0.5142115928189519,anti-toxic
GYYFYFRGN,0.5142078686615121,anti-toxic
GFCFRDFCS,0.5142078686615121,anti-toxic
GYLCFDRFY,0.5141996037060553,anti-toxic
GDCGIDVCD,0.5141996037060553,anti-toxic
GISCHNGFG,0.5141925660952449,anti-toxic
GCRRYLSDG,0.5141925660952449,anti-toxic
GLYCYFYDS,0.5141598681218894,anti-toxic
GFFLLDRGR,0.5141551768754806,anti-toxic
GFCYGGGYN,0.5141436076551752,anti-toxic
GFCDDSYVD,0.5141406664204646,anti-toxic
GYCYYYHDG,0.5141401309026786,anti-toxic
GRFHRLYLV,0.5141287102152216,anti-toxic
GRYIGLGDG,0.5141180296433394,anti-toxic
GCFDFCHYF,0.5141048209728324,anti-toxic
GRHFHDVGS,0.5141048209728324,anti-toxic
GVLDVHGYR,0.5141048209728324,anti-toxic
GDYGCFGYG,0.5141048209728324,anti-toxic
GCIYRDFGI,0.5141048209728324,anti-toxic
GHVYDGGCG,0.5141048209728324,anti-toxic
GIGDDGGCG,0.5141048209728324,anti-toxic
GSYGVFGYG,0.5141048209728324,anti-toxic
GHNLRCGGG,0.5140715620907589,anti-toxic
GRHYCNCVD,0.514068495057383,anti-toxic
GCNVLLDFG,0.514056648993203,anti-toxic
GSGDRGNYG,0.5140410526030088,anti-toxic
GGSCYRGVG,0.5140311086661415,anti-toxic
GSNGFYGCG,0.5140235000322515,anti-toxic
GVCCYFGYD,0.5140206023306132,anti-toxic
GCDCGNNFY,0.5140174904915602,anti-toxic
GVRVFDSCG,0.5140105218774879,anti-toxic
GLCYYLVHC,0.5139663121271668,anti-toxic
GFYNVLDSG,0.5139479226756406,anti-toxic
GFHGHNYHI,0.5139448892892341,anti-toxic
GFCYYCRSG,0.5139436428370417,anti-toxic
GFCCFFLVD,0.5139367666099331,anti-toxic
GRGNFLGFV,0.5139183781543258,anti-toxic
GFCDFVGCF,0.5138997530190471,anti-toxic
GFCHYVRDD,0.5138911984983319,anti-toxic
GLGLCGGVG,0.5138855356958165,anti-toxic
GYRYLHDYY,0.5138775011655471,anti-toxic
GFLCCFGFY,0.5138541196302492,anti-toxic
GSGHHGGCS,0.5138440617444023,anti-toxic
GFDHGFDFD,0.5138440617444023,anti-toxic
GGCFRDDFG,0.5138440617444023,anti-toxic
GINNVFLNF,0.5138277590930029,anti-toxic
GSNLSFGYG,0.5138188186695076,anti-toxic
GRDHFGGFN,0.5138157089138453,anti-toxic
GDICHDYFD,0.5138048362848139,anti-toxic
GFDIGFSYG,0.5137990874284192,anti-toxic
GCCDISDSG,0.5137990874284192,anti-toxic
GLYCVLVFD,0.5137881643916122,anti-toxic
GFHRCFGCG,0.5137832404458079,anti-toxic
GFDCCLRFR,0.5137702335280063,anti-toxic
GCYIDYDGY,0.5137702335280063,anti-toxic
GYFHFFDSG,0.5137675048534258,anti-toxic
GGDLINGFG,0.5137593659776297,anti-toxic
GFCCRGGYD,0.5137226204008595,anti-toxic
GRRGGLFDG,0.5137220702295772,anti-toxic
GLSYYSFHR,0.5136693586236977,anti-toxic
GCRLRNGYC,0.5136630157649412,anti-toxic
GVHRGIGFV,0.513652383717721,anti-toxic
GCDIFVCRR,0.5136380885454249,anti-toxic
GFCCYYGCG,0.5136380885454249,anti-toxic
GSHVVYSSG,0.5136380885454249,anti-toxic
GCVNSGGFR,0.5136380885454249,anti-toxic
GLNHSHVRL,0.5136178431321913,anti-toxic
GCFHDRVDV,0.5135787222023753,anti-toxic
GYFSIDVDS,0.5135735238412396,anti-toxic
GSFSYDSGD,0.513562491142019,anti-toxic
GVRGCGDYG,0.5135569448684405,anti-toxic
GFRRYDFDG,0.5135522199993263,anti-toxic
GFVDSFCCG,0.5135505203463374,anti-toxic
GGHSRNFFD,0.5135505203463374,anti-toxic
GIFLSSGGG,0.513530677057027,anti-toxic
GHHYDYGGR,0.5135232413989396,anti-toxic
GYRFCCDFR,0.5135020526846719,anti-toxic
GFFLYRHFY,0.5134851194755108,anti-toxic
GYDFCSSLG,0.5134597492138294,anti-toxic
GFYNVFCCD,0.5134500008500194,anti-toxic
GGFDFYNSC,0.5134450773507885,anti-toxic
GCVHLGGFG,0.5134416492739703,anti-toxic
GFGYHFVFS,0.5134292875404611,anti-toxic
GSYDRIFVD,0.5134266261151829,anti-toxic
GCHDSLVDS,0.5134225042858959,anti-toxic
GYYHYNCIG,0.5134225042858959,anti-toxic
GFCDYLFCD,0.5134091148057911,anti-toxic
GFSCIFSCG,0.5133884414010867,anti-toxic
GNCSHIDDS,0.5133855917465082,anti-toxic
GNCCFVDGY,0.5133855917465082,anti-toxic
GLFISIDDS,0.5133838505115031,anti-toxic
GGDVRIRVD,0.513370308566597,anti-toxic
GCCVGVGCG,0.513367027194781,anti-toxic
GCYFISRHG,0.513361951526487,anti-toxic
GGNYCSGFI,0.5133506994932581,anti-toxic
GFCDYVDCY,0.5133475505422489,anti-toxic
GYDSYFGFD,0.5133370853454942,anti-toxic
GRLGYSGID,0.5133334273741071,anti-toxic
GCCYISDFG,0.5133334273741071,anti-toxic
GCYDRFRRL,0.5133334273741071,anti-toxic
GRHFLYDGS,0.5133334273741071,anti-toxic
GRYHCFGHV,0.5133334273741071,anti-toxic
GVLVNSGGS,0.5133334273741071,anti-toxic
GRVGFSGLR,0.5133334273741071,anti-toxic
GRGLCNDFG,0.5132898213213667,anti-toxic
GYVSCIGCS,0.5132890527463069,anti-toxic
GFGFDYVYD,0.5132806865298013,anti-toxic
GNCYILGGG,0.5132795580510533,anti-toxic
GCCVRCFDG,0.5132775659704797,anti-toxic
GCFVFVCDD,0.51327310450688,anti-toxic
GCCSGIDDR,0.51327310450688,anti-toxic
GICFGDHGY,0.5132629764887384,anti-toxic
GLFIGGIRG,0.5132540969360561,anti-toxic
GFGYYVVDS,0.5132540969360561,anti-toxic
GIVYFVGCD,0.5132417114648974,anti-toxic
GIFFFCGYR,0.5132411780413916,anti-toxic
GRFVFVDSS,0.5132339456703009,anti-toxic
GVLLFSGDS,0.5132247431280286,anti-toxic
GCYYFNSFY,0.5132176000679389,anti-toxic
GILFYLGSG,0.5132176000679389,anti-toxic
GYHVGGDFD,0.5132058625378535,anti-toxic
GFSRYVCGH,0.513196620164942,anti-toxic
GSFDGCDSG,0.5131869738924104,anti-toxic
GYCCFYNDS,0.5131734367729597,anti-toxic
GCDGGLRGN,0.5131663589043018,anti-toxic
GDYGRIDGF,0.5131455837371375,anti-toxic
GFDDCFCFD,0.5131407928702155,anti-toxic
GCYVRGGFD,0.5131357512296368,anti-toxic
GFLFRYRSD,0.5131189079911813,anti-toxic
GHRIVVDVY,0.5131189079911813,anti-toxic
GSYGDHGGG,0.5130891770665144,anti-toxic
GGCLDVFDS,0.5130550471927526,anti-toxic
GGFCVDGFC,0.5130338106103068,anti-toxic
GLRNRDVYR,0.5130217482149638,anti-toxic
GDHDFVGHV,0.512995511348242,anti-toxic
GNGSGIDFG,0.5129850326597976,anti-toxic
GVCCGVGFV,0.5129833053791878,anti-toxic
GHFFNLVCG,0.512974481573466,anti-toxic
GCFHVCGFS,0.512969679706188,anti-toxic
GRHYSNSLG,0.51296666032306,anti-toxic
GFSVIYSYC,0.5129640320979854,anti-toxic
GCYGYVFDD,0.5129596799483699,anti-toxic
GYSVNSHFS,0.5129596799483699,anti-toxic
GFVHGVRYG,0.5129498626105474,anti-toxic
GRCIGNVFG,0.5129491148435343,anti-toxic
GHCGLSRYG,0.512937048067289,anti-toxic
GIDFNSGDG,0.5129260853258891,anti-toxic
GFIVFDDVY,0.5129214565297654,anti-toxic
GYFNYCGCD,0.5129214565297654,anti-toxic
GRCSRDSVG,0.512915348352159,anti-toxic
GFSYFSFVD,0.5128858548694614,anti-toxic
GFVFRDDYC,0.512870618694097,anti-toxic
GCNGRLYGS,0.512859084781575,anti-toxic
GVDCYSGYV,0.5128468058231106,anti-toxic
GYSRRYVGD,0.5128368069861969,anti-toxic
GSHRGFCVF,0.5128260452689112,anti-toxic
GSYCGISDG,0.5128155237791209,anti-toxic
GVHHGYDGG,0.5128155237791209,anti-toxic
GIFCICDGG,0.5128103506198336,anti-toxic
GHIHGGGFG,0.5128066905212979,anti-toxic
GCYRLDGYG,0.5127391139294577,anti-toxic
GVFNCCGSG,0.5127391139294577,anti-toxic
GIDHFLDGN,0.5127391139294577,anti-toxic
GNDFRLLDG,0.5127177406435997,anti-toxic
GRHFRLVGS,0.5127135934662858,anti-toxic
GFLCCDVFD,0.5126895510784021,anti-toxic
GDLVRRGYS,0.5126676795099199,anti-toxic
GRDNSVCLR,0.5126595800986515,anti-toxic
GCLFCDGGG,0.5126595800986515,anti-toxic
GIFVYGCVF,0.5126454150117472,anti-toxic
GDRVFDCVD,0.5126454150117472,anti-toxic
GGNVVFGGN,0.5126334379907208,anti-toxic
GCCNLNGVD,0.512626430800336,anti-toxic
GVCYRDYGS,0.5126251109147846,anti-toxic
GVSLLRGFG,0.5126142915557351,anti-toxic
GCYVDIGCG,0.5126089993797749,anti-toxic
GSHCFSFVL,0.5125646073646863,anti-toxic
GHFSVYNSG,0.5125624768043614,anti-toxic
GIRVGHHDY,0.5125483350513774,anti-toxic
GVRCCDGYG,0.512546574874985,anti-toxic
GGCCGIGYD,0.5125443877151717,anti-toxic
GGCFCDGLS,0.5125379119421187,anti-toxic
GYCGIDYFS,0.5125379119421187,anti-toxic
GHGHLYGGG,0.512521247725479,anti-toxic
GRFDHVGCG,0.5125132298085039,anti-toxic
GDDRGSGLG,0.5125132298085039,anti-toxic
GLFYNVFDD,0.5124903414856493,anti-toxic
GFYDYVLSG,0.5124759848805703,anti-toxic
GFIYFNGVD,0.5124759848805703,anti-toxic
GSICYGVDH,0.5124690582785733,anti-toxic
GFGNGIGYD,0.5124661390541174,anti-toxic
GFIYFLNVF,0.5124492170614054,anti-toxic
GVDVYVVDG,0.5124492170614054,anti-toxic
GRVLCDLYG,0.5124306760883668,anti-toxic
GHVCRFGCS,0.5124133116021726,anti-toxic
GCRILIGFD,0.5123970150682056,anti-toxic
GGNSINSYG,0.5123816909037784,anti-toxic
GFFLDCDDD,0.5123626265951823,anti-toxic
GHDIRSGYG,0.5123536311730691,anti-toxic
GFCVDFDDD,0.5123471031285475,anti-toxic
GFCVGDSFD,0.5123471031285475,anti-toxic
GCYLFDSVD,0.5123429748165458,anti-toxic
GFFGFFIDS,0.5123407538404294,anti-toxic
GHRVCYDDG,0.512334576065596,anti-toxic
GLRLCDDVG,0.5123170050307827,anti-toxic
GLGCLCGCG,0.5123170050307827,anti-toxic
GCYRHRGLI,0.5123060320408531,anti-toxic
GFDRHLVDS,0.5122922370315799,anti-toxic
GYCLGVDGH,0.5122856717829134,anti-toxic
GFVDNIVFS,0.5122856717829134,anti-toxic
GRIRLFSGR,0.5122780665244502,anti-toxic
GVGDGNCVD,0.5122731541077219,anti-toxic
GFRGRCVYS,0.5122671829056717,anti-toxic
GFFYRDVRI,0.5122671829056717,anti-toxic
GYCLNGSYG,0.5122671829056717,anti-toxic
GCCNFGGVG,0.5122552203062454,anti-toxic
GIRHRGVVD,0.5122450219146144,anti-toxic
GRVLLCGGG,0.5122348741359869,anti-toxic
GCIGYLGFR,0.5122173052336239,anti-toxic
GVDYNFDCG,0.512214000113157,anti-toxic
GFDCSFVFR,0.5122014089476133,anti-toxic
GSCRRFSYG,0.5121878797352353,anti-toxic
GHFIHLYDD,0.5121842231190005,anti-toxic
GCGVIRGFD,0.5121737618468685,anti-toxic
GFCCCDGSG,0.5121640036263806,anti-toxic
GRRCRHRFG,0.5121505369220305,anti-toxic
GYCVNCGYS,0.5121383034469547,anti-toxic
GRFFGCGCD,0.512123634557287,anti-toxic
GFIGRFVYS,0.5121213522983217,anti-toxic
GGSGHGGYS,0.5121010851935428,anti-toxic
GFFVYSGGI,0.512093418773491,anti-toxic
GICVSLFFD,0.5120786811899036,anti-toxic
GGLYCFFHR,0.5120742177087767,anti-toxic
GFFGYCGVD,0.5120512042589938,anti-toxic
GSCCDGGYG,0.5120478976286558,anti-toxic
GIFCVYYGS,0.5120164372728231,anti-toxic
GFFCGNDFY,0.511995076601845,anti-toxic
GHNIVFSCG,0.5119679281063743,anti-toxic
GCFVCGVGC,0.5119525216577215,anti-toxic
GICVCCGFD,0.5119231771129296,anti-toxic
GIYVRLLYD,0.511918050421914,anti-toxic
GFVDGFSVF,0.5118833609788743,anti-toxic
GVGDVCGVS,0.5118833609788743,anti-toxic
GFFDDRGCS,0.5118833609788743,anti-toxic
GNSVHLDCG,0.5118833609788743,anti-toxic
GCGYVSGFF,0.5118833609788743,anti-toxic
GLHNRNGCS,0.5118833609788743,anti-toxic
GSNYISGFG,0.5118833609788743,anti-toxic
GLDGFCGCS,0.5118833609788743,anti-toxic
GFLSYFCLH,0.5118833609788743,anti-toxic
GFRFGDLGR,0.5118833609788743,anti-toxic
GVLRSRGVS,0.5118833609788743,anti-toxic
GNHNRDGVY,0.5118833609788743,anti-toxic
GFHCRGDDD,0.5118833609788743,anti-toxic
GCNVFSGVN,0.5118833609788743,anti-toxic
GICDDISYR,0.5118833609788743,anti-toxic
GHVHFRDSG,0.5118833609788743,anti-toxic
GLCCFDGCV,0.5118833609788743,anti-toxic
GRNFIVDGH,0.5118833609788743,anti-toxic
GIIDRCGFS,0.5118150380837593,anti-toxic
GFSHCDGLS,0.5117848032837042,anti-toxic
GSYVCVGSG,0.5117738151384895,anti-toxic
GYVCGGFVD,0.5117708640265802,anti-toxic
GHINSFRVD,0.5117644576292191,anti-toxic
GRFGLYCVD,0.5117609727909703,anti-toxic
GCFRFDDVF,0.5117572775168469,anti-toxic
GGSCILSYG,0.5117454824184582,anti-toxic
GYHCRFVFD,0.5117102318229427,anti-toxic
GYYDNCRYG,0.5116902124402657,anti-toxic
GYVVRNGCG,0.5116714238545854,anti-toxic
GCFLCSIYR,0.5116529048939212,anti-toxic
GCNVLLFFD,0.5116529048939212,anti-toxic
GDYYVYDGY,0.5116336085527015,anti-toxic
GIGVICGFN,0.511627487241488,anti-toxic
GCCLFCGDG,0.5116243126670463,anti-toxic
GSGGVVDDR,0.5116243126670463,anti-toxic
GCLYCSGVD,0.5116071800589767,anti-toxic
GCVDCCGFD,0.511602536861813,anti-toxic
GCFFYFGSG,0.5115927657978059,anti-toxic
GFLILIGYD,0.5115876207686696,anti-toxic
GSGCRDDYN,0.5115588973986698,anti-toxic
GCYGCDGFS,0.5115524699290366,anti-toxic
GFILCNGFG,0.5115428332242873,anti-toxic
GYNYYDCFF,0.5115388195233557,anti-toxic
GIYGVVGCS,0.5115315630804127,anti-toxic
GFFVVDSGD,0.5115239944032155,anti-toxic
GGNFIDHGS,0.5115187650582838,anti-toxic
GHFYLCSYG,0.5115078361116351,anti-toxic
GFFSCGYFR,0.5114707296111082,anti-toxic
GHFGGICCR,0.5114707296111082,anti-toxic
GYGIVLVGN,0.5114707296111082,anti-toxic
GGGHFIFYD,0.5114707296111082,anti-toxic
GFIGCDHFR,0.511462410590288,anti-toxic
GLNIDYGLR,0.5114602781573937,anti-toxic
GFYSIFGNR,0.5114492834995558,anti-toxic
GRRFRLHDG,0.5114400676037496,anti-toxic
GFVGLFNYG,0.51143967510827,anti-toxic
GFYGDSGCN,0.511425485889648,anti-toxic
GFVICNGYN,0.511425485889648,anti-toxic
GGYSCLRDG,0.511425485889648,anti-toxic
GCCHDSGHV,0.5113989275969075,anti-toxic
GFHVYYGLD,0.511392355294122,anti-toxic
GYRYGYGGD,0.511389376680797,anti-toxic
GCICSCCDD,0.511369098654837,anti-toxic
GYDCVFVVR,0.511369098654837,anti-toxic
GLDYRIGFS,0.5113583222505264,anti-toxic
GSHLFFGCG,0.5113583222505264,anti-toxic
GYYDNVGFG,0.5113353552507641,anti-toxic
GVGLVLDYG,0.5113205845856184,anti-toxic
GCGLNDVFY,0.5113167666624974,anti-toxic
GFCYHYCYG,0.5113005930596588,anti-toxic
GNCRHYNSG,0.5112968727305224,anti-toxic
GSICLLDDV,0.511272354673022,anti-toxic
GFVLYVGFD,0.5112702186456973,anti-toxic
GFFVFSGHV,0.5112680676312279,anti-toxic
GFFIFFCFF,0.5112642668157278,anti-toxic
GIVCGCLVL,0.5112525773067599,anti-toxic
GFGSFDDCG,0.5112525773067599,anti-toxic
GYRCDYVFD,0.5112362868856359,anti-toxic
GFFGIDFCD,0.5112278220138011,anti-toxic
GCIGVNCYG,0.5112191327353443,anti-toxic
GGLNYGGVG,0.5112010442919378,anti-toxic
GLCYFDCVF,0.511181943089819,anti-toxic
GIICDFDCG,0.5111789091100581,anti-toxic
GNRSYFSYG,0.511173763416775,anti-toxic
GCCNCLVYG,0.5111617416238654,anti-toxic
GCLLCLGFS,0.5111403420090934,anti-toxic
GRYLNDCLG,0.5111234404316982,anti-toxic
GICFGLVFR,0.5111057520300298,anti-toxic
GFFVLYDFY,0.5110899217986806,anti-toxic
GCNVCGGFR,0.5110808455391185,anti-toxic
GHSCHSGFV,0.5110454690587162,anti-toxic
GDGGHDSFN,0.5109795219806299,anti-toxic
GGCDGVNCR,0.5109795219806299,anti-toxic
GCYVFDIFD,0.5109795219806299,anti-toxic
GGHLGFGDG,0.5109795219806299,anti-toxic
GSCYSLVVN,0.5109543884708625,anti-toxic
GFYVCVNYD,0.5109456971056641,anti-toxic
GFGSDGGFV,0.5109456971056641,anti-toxic
GNGCRSGVF,0.5109386260361669,anti-toxic
GHYLFFGGD,0.5109320035734591,anti-toxic
GGCDLFGVS,0.5108899305451593,anti-toxic
GVSGCNLYD,0.5108745463977293,anti-toxic
GLSFFDCYN,0.5108698378073221,anti-toxic
GCCFGLVYS,0.5108698378073221,anti-toxic
GSCDHYRDD,0.5108437352419878,anti-toxic
GGDLGDGVG,0.5108381270642244,anti-toxic
GHRFVCHFR,0.5108215157508714,anti-toxic
GGLSNLIYD,0.5108162526279577,anti-toxic
GLYLRGGDG,0.510814233878957,anti-toxic
GHYRCSNYG,0.5108043679222349,anti-toxic
GHCCFLVDS,0.5107943181824041,anti-toxic
GNCCLYGGN,0.5107806236570694,anti-toxic
GRDSRCFDS,0.5107736464224236,anti-toxic
GSDFYVDSG,0.510768355278083,anti-toxic
GRSHRHGLG,0.5107661618771475,anti-toxic
GCDGCLVYG,0.5107589733426551,anti-toxic
GYYLGDGCD,0.5107521747120743,anti-toxic
GFYDVDHFD,0.510749432183511,anti-toxic
GIYVCGDVN,0.5107298557007426,anti-toxic
GIFSSHFGG,0.5107298557007426,anti-toxic
GRCRSVGCS,0.5107298557007426,anti-toxic
GVCGISGSG,0.5107298557007426,anti-toxic
GVGVYLGLR,0.5107298557007426,anti-toxic
GDIGSSGFR,0.510711878075493,anti-toxic
GHYLCSHDN,0.510700143082669,anti-toxic
GFSYYDCDG,0.5106970874144703,anti-toxic
GVSFFDGFV,0.510682466919867,anti-toxic
GSFCDGRFG,0.5106806368898777,anti-toxic
GYCFSIVDV,0.5106741876263341,anti-toxic
GGSGRYRGG,0.5106741876263341,anti-toxic
GRFRVLFDG,0.5106657933807676,anti-toxic
GGLRRDVCD,0.5106624029582131,anti-toxic
GIGGVLDSD,0.5106525887263357,anti-toxic
GVDYRHVVN,0.5106486503225394,anti-toxic
GCFLLCSSG,0.5106128740214081,anti-toxic
GNCRVDRFR,0.5106010518199428,anti-toxic
GISCYYCVD,0.5105798247869269,anti-toxic
GVDVIVIGF,0.5105749625830441,anti-toxic
GFLCFICDG,0.5105450102066121,anti-toxic
GDFRRGFSG,0.5105450102066121,anti-toxic
GCLCFDGFG,0.5105157903666022,anti-toxic
GFSFFGGCS,0.5104955911712944,anti-toxic
GVIFNFFLR,0.5104891559872691,anti-toxic
GSICRYVDR,0.5104891559872691,anti-toxic
GRYSFVSDS,0.510487801528048,anti-toxic
GIYCCNLYG,0.5104694872985176,anti-toxic
GGICHFGYS,0.510449255717876,anti-toxic
GDRIFIHSG,0.5104423825740904,anti-toxic
GCCIDIVFR,0.5104284367307,anti-toxic
GRHFSCGYI,0.5104284367307,anti-toxic
GDVIRYGFR,0.5104142183122632,anti-toxic
GILVSDDCG,0.5104070043778491,anti-toxic
GCHDLFGFV,0.5104026419109909,anti-toxic
GLDCIRGFR,0.5103985920731832,anti-toxic
GSIFVSYFR,0.5103930337322778,anti-toxic
GYRCSYCGD,0.510384931147703,anti-toxic
GRSVRGRDG,0.510384931147703,anti-toxic
GHICYVLDG,0.5103720189747278,anti-toxic
GGCSRFSFG,0.5103621878583416,anti-toxic
GYHYIFGVV,0.5103621878583416,anti-toxic
GGCIDYFVD,0.5103544525595695,anti-toxic
GFYVHGDYN,0.5103482074471989,anti-toxic
GHCFCLIDS,0.5103482074471989,anti-toxic
GRRCSNRFG,0.5103319118304508,anti-toxic
GGSYYVDVG,0.51032674826618,anti-toxic
GLCVSIGCG,0.5103256485428693,anti-toxic
GGLIIFSGG,0.5102960626102288,anti-toxic
GCCHCLGCG,0.5102896179723171,anti-toxic
GNVIVNGYN,0.5102896179723171,anti-toxic
GLGHVNGGG,0.5102835121133749,anti-toxic
GFCFDRGFG,0.5102756730245128,anti-toxic
GCVVHVGFR,0.5102742650962429,anti-toxic
GDNFVLVDR,0.5102690815267805,anti-toxic
GSHFRLYDD,0.5102586135473955,anti-toxic
GYFCYVGSS,0.5102506730337711,anti-toxic
GLGNFIVYN,0.5102263788776435,anti-toxic
GIYGSRGFD,0.5102190411489061,anti-toxic
GIGRYDDCS,0.5102053527589319,anti-toxic
GILNIRGYG,0.5101813556055833,anti-toxic
GFVVGSVDN,0.5101730570113384,anti-toxic
GFDLCLDGG,0.5101707796949568,anti-toxic
GYFVDDCVD,0.5101600715292941,anti-toxic
GFLLLFGGG,0.5101546670731308,anti-toxic
GHRCSYGCG,0.5101519521132687,anti-toxic
GHSINDGVD,0.5101503763930854,anti-toxic
GDLFYVCCD,0.5101317787985269,anti-toxic
GCFHYNCYD,0.5101271282194523,anti-toxic
GGDRDDDID,0.5101215148225878,anti-toxic
GFYVFVGCD,0.5101215148225878,anti-toxic
GCVVGYVFF,0.5101215148225878,anti-toxic
GVDLDDRDN,0.5101044572439087,anti-toxic
GLIHNICDG,0.5100945609369684,anti-toxic
GLHCFNDNG,0.5100899882368308,anti-toxic
GCFHNFRFG,0.5100792271417459,anti-toxic
GSRVDCFDG,0.5100512434771162,anti-toxic
GVCFGLDFR,0.5100381009201124,anti-toxic
GCFCVCDDD,0.5100303024916347,anti-toxic
GDCGDDDFC,0.5100234245947505,anti-toxic
GYYGVLCYN,0.5100118472676748,anti-toxic
GFCFCFSYG,0.5099882547780002,anti-toxic
GFDNFDSCG,0.5099882547780002,anti-toxic
GCYSFNGGS,0.5099640598746855,anti-toxic
GFYFNLFDG,0.5099640598746855,anti-toxic
GCFFHDVVG,0.5099517292612152,anti-toxic
GGLYFLDYG,0.5099517292612152,anti-toxic
GLIRNFVFR,0.5099308223454946,anti-toxic
GFFDDGIFY,0.5099137681159699,anti-toxic
GFFFYFYDG,0.5099137681159699,anti-toxic
GGFCSDFFR,0.5099137681159699,anti-toxic
GCFCILVDN,0.5099137681159699,anti-toxic
GSGRCGVFD,0.5099137681159699,anti-toxic
GRFHNSGFD,0.5099137681159699,anti-toxic
GSCDGYGFG,0.5099137681159699,anti-toxic
GLGRLGGFR,0.5099023736471476,anti-toxic
GHCVSIFDG,0.5098876207616224,anti-toxic
GCDCYLDFF,0.5098773782812758,anti-toxic
GVCYRFGGD,0.5098375916930711,anti-toxic
GFDVRFHSD,0.5098331865252567,anti-toxic
GDCIGDGGG,0.5098295331388542,anti-toxic
GLRFGCCVF,0.509825532747543,anti-toxic
GVFFFDHVY,0.5098217885875163,anti-toxic
GFVFYSCLG,0.5097903714730306,anti-toxic
GYIGGDYFD,0.5097903714730306,anti-toxic
GYYVVYSYD,0.5097903714730306,anti-toxic
GVCDGCGFN,0.5097903714730306,anti-toxic
GYSYIVDGH,0.5097596673490189,anti-toxic
GCFCDYDCR,0.509755285758572,anti-toxic
GICYYDRGD,0.5097457300090551,anti-toxic
GGIVCFVDR,0.5097457300090551,anti-toxic
GCRDRRSVD,0.5097457300090551,anti-toxic
GLYCGLGLD,0.5097377711602546,anti-toxic
GCYVYVFDG,0.5097148958151525,anti-toxic
GGDNSVDDF,0.5097019392873742,anti-toxic
GSLCRDSYS,0.5097003031414569,anti-toxic
GCGCRYVDI,0.5096991427190131,anti-toxic
GFCVGDGID,0.5096936664284885,anti-toxic
GFLYGDGFL,0.5096871768706909,anti-toxic
GLRFSDHYG,0.5096646031740216,anti-toxic
GFDYCCGIS,0.5096504795465824,anti-toxic
GFSRGFDGY,0.5096504795465824,anti-toxic
GFYCLNGSG,0.5096374261063895,anti-toxic
GHHRCVNYD,0.5096125349847739,anti-toxic
GVFDFVGLD,0.5096125349847739,anti-toxic
GFCDGFGCG,0.5096070088011476,anti-toxic
GDRFVDVFG,0.5095995985809213,anti-toxic
GCRFDDFDD,0.5095794060693101,anti-toxic
GRCYVGFHI,0.5095794060693101,anti-toxic
GNCVSCFVD,0.5095732785008004,anti-toxic
GYFCCGDGG,0.5095659946748242,anti-toxic
GLGCYSGYS,0.5095618118284502,anti-toxic
GLVLVCGDG,0.5095463446745085,anti-toxic
GGVILDDCG,0.50954322647895,anti-toxic
GIVGGIDGH,0.509529455585397,anti-toxic
GCFLYHGYG,0.5095123206114585,anti-toxic
GFDIGDCFG,0.5094905478629841,anti-toxic
GCLLDSYYD,0.5094905478629841,anti-toxic
GVFGDGIVY,0.5094772912129959,anti-toxic
GLVRGRGVS,0.5094599159270689,anti-toxic
GFIDYLNGG,0.5094557723109053,anti-toxic
GFGGDGRFS,0.5094557723109053,anti-toxic
GVLRSSRGR,0.5094469199075601,anti-toxic
GNISFSDFD,0.5094458863664721,anti-toxic
GLGSCIDDN,0.5094390551746816,anti-toxic
GFIFFCGDS,0.50942814719278,anti-toxic
GCVCGCGYS,0.5093913870794168,anti-toxic
GICYYSHVR,0.5093657047576279,anti-toxic
GFCVFDGLD,0.509333077255697,anti-toxic
GFHHFFCHS,0.5093208589672236,anti-toxic
GYHVCDGLG,0.5093059380910637,anti-toxic
GGGVRGGDS,0.5092890830862334,anti-toxic
GYVCVCGGG,0.5092723642452812,anti-toxic
GYSVCDGVG,0.5092618091999113,anti-toxic
GRCYSFCFS,0.5092544264693804,anti-toxic
GDGIDYGYS,0.5092478423807365,anti-toxic
GFNFFDVIF,0.5092478423807365,anti-toxic
GFNCYFGVD,0.5092456403496404,anti-toxic
GLVDFLGLR,0.5092406944220604,anti-toxic
GRRVHGGYD,0.509231540749228,anti-toxic
GDGGGCCVD,0.5092193993875985,anti-toxic
GIFLGDHGY,0.509214420973055,anti-toxic
GDYGVLDCG,0.509214420973055,anti-toxic
GICGSIDDY,0.5092025223311029,anti-toxic
GFIFNHGFY,0.5091953320846329,anti-toxic
GNCYVDFYY,0.5091870672864613,anti-toxic
GVGDYVGDG,0.5091795096071854,anti-toxic
GLVHLLSLR,0.5091661812171615,anti-toxic
GFCCGDDLD,0.5091661812171615,anti-toxic
GGCVDGYVD,0.5091579712070745,anti-toxic
GFNCRIVHY,0.509152014828101,anti-toxic
GIDGVFDCG,0.5091476386608791,anti-toxic
GVIHFVIDD,0.5091363911508259,anti-toxic
GVGVFSHFR,0.5091363911508259,anti-toxic
GIFFHDVSD,0.5091161655375074,anti-toxic
GIRYFDDYD,0.5091107934093245,anti-toxic
GNCFGSSFD,0.5091041283839457,anti-toxic
GCYFCSGIG,0.5090904607947042,anti-toxic
GFFVLDFDD,0.5090781174480052,anti-toxic
GYFGCCGFS,0.509073270884674,anti-toxic
GFVVYFVDS,0.5090642740250075,anti-toxic
GVNLGHGFN,0.509056701652715,anti-toxic
GFRYCDRFC,0.509056701652715,anti-toxic
GYRSVLNYG,0.5090465416479911,anti-toxic
GFYIDCGLR,0.50904440942972,anti-toxic
GCYVCRCGL,0.5090308418115778,anti-toxic
GIYFFVNDC,0.5090291009883663,anti-toxic
GIDVRCGVG,0.5090276333831077,anti-toxic
GCLVVGGGG,0.509010399133144,anti-toxic
GCVHNIGFR,0.5090028925956167,anti-toxic
GFDIDFVFD,0.5090013452955456,anti-toxic
GLLYVVGYG,0.5089896613322805,anti-toxic
GCFNVFHFD,0.5089866743246433,anti-toxic
GLIFLDVDS,0.5089588079615577,anti-toxic
GFCHGCSIV,0.508942967337045,anti-toxic
GYGCFCGGS,0.508942967337045,anti-toxic
GLFYGLVYN,0.5089385555462304,anti-toxic
GCDYCSGDV,0.50889137310094,anti-toxic
GNVSCVGGG,0.508887722851013,anti-toxic
GVRVGDRGS,0.5088748765351753,anti-toxic
GVRCCDDGH,0.5088577497314691,anti-toxic
GVGSGHFYC,0.508850623198508,anti-toxic
GNYCDCGGD,0.5088356678968691,anti-toxic
GCVYCIGYG,0.5088356678968691,anti-toxic
GDCLIVGYV,0.5088356678968691,anti-toxic
GGVSFSGHG,0.5088356678968691,anti-toxic
GFCSFCDYD,0.5088356678968691,anti-toxic
GVYVFDSGG,0.5088356678968691,anti-toxic
GFRLFFCDD,0.5088213425465832,anti-toxic
GFCGRLHFL,0.5088205643658757,anti-toxic
GCVYGHCVD,0.508784262975,anti-toxic
GIVCNFGIS,0.5087770362361941,anti-toxic
GHFCRSVVF,0.5087726032802037,anti-toxic
GFHDLGGYG,0.5087693323525009,anti-toxic
GGYRSIGCG,0.5087613681364466,anti-toxic
GFCCDFHDS,0.5087490186912778,anti-toxic
GFRGNDCFD,0.5087466405483378,anti-toxic
GYFHHSVYS,0.5087400820085326,anti-toxic
GCCLFGGID,0.5087389739349496,anti-toxic
GFYVDHSVG,0.5087171660422088,anti-toxic
GLCVFNVDS,0.5087085097608165,anti-toxic
GFLHHIGYY,0.5087038197881715,anti-toxic
GSNVVLDGR,0.5086952590845557,anti-toxic
GGYVVLYDS,0.5086937230394467,anti-toxic
GFDCGVGCD,0.5086900048125241,anti-toxic
GYRSDCLIV,0.5086760692614342,anti-toxic
GVYHRYCDS,0.5086760692614342,anti-toxic
GCDVRYHDY,0.5086628418840414,anti-toxic
GFYSIFSVF,0.5086420212437801,anti-toxic
GHVVRNCVG,0.5086383061657272,anti-toxic
GDGRVLDSC,0.5086306465835103,anti-toxic
GSLVSSGVR,0.5086203225850334,anti-toxic
GSIHRFCDS,0.5086190891705736,anti-toxic
GRVIGHHCC,0.5086118239874878,anti-toxic
GRHYDFDGH,0.5085771336208127,anti-toxic
GSCVDDSVH,0.5085456742416609,anti-toxic
GRRNGLGVD,0.5085393103864285,anti-toxic
GDVGYCGFR,0.5085097976629689,anti-toxic
GIRVVDGLG,0.5085006117374763,anti-toxic
GFSGLDGYD,0.5084994485707142,anti-toxic
GDLVGLYGY,0.5084918900890796,anti-toxic
GFLGVLIND,0.5084918900890796,anti-toxic
GFSFCDHDN,0.508461006925909,anti-toxic
GDFGYDCVF,0.5084353173880645,anti-toxic
GGNCIDVHR,0.5084136129735617,anti-toxic
GLCYRFVYN,0.5083894203165684,anti-toxic
GCFLRYNNR,0.5083851159603032,anti-toxic
GLIIRIGGG,0.5083279849793169,anti-toxic
GSCRCLDFG,0.5083200251094127,anti-toxic
GCCIYRGLG,0.5083178840349083,anti-toxic
GHCRFVSDG,0.5083147749026063,anti-toxic
GFHVHIVDY,0.5083074991303828,anti-toxic
GFSYSGDGG,0.5082947746962014,anti-toxic
GFSLVVDDY,0.5082815810733945,anti-toxic
GFILNYGFS,0.5082706706594585,anti-toxic
GCLLSIGFG,0.5082706706594585,anti-toxic
GYGVCIGYS,0.5082433134309928,anti-toxic
GNDHNIDDG,0.5082410552970479,anti-toxic
GYIFCFGGG,0.5082410552970479,anti-toxic
GCYVDYFDS,0.5082296191215682,anti-toxic
GYFGCFGCG,0.5082084028041259,anti-toxic
GNVCLIYYG,0.5082024316020758,anti-toxic
GHHHRIIDS,0.5081554884596312,anti-toxic
GVIHVDNYS,0.5081554884596312,anti-toxic
GISSIDYVC,0.5081554884596312,anti-toxic
GFFYCVVYD,0.5081554884596312,anti-toxic
GDFRCFSVD,0.5081554884596312,anti-toxic
GLCFLRGVG,0.5081554884596312,anti-toxic
GILLSCGGD,0.5081343059461821,anti-toxic
GDDHRCDYG,0.5081073325043893,anti-toxic
GCGCFSGID,0.5080764539768101,anti-toxic
GDCVNYGYG,0.5080703910787567,anti-toxic
GYCFVFRHS,0.5080606953823361,anti-toxic
GFYDGFHDG,0.508044952831164,anti-toxic
GDFFCDGYG,0.5080327197006784,anti-toxic
GHRVNDGYS,0.5080327197006784,anti-toxic
GDYGGLVYR,0.5080280172283365,anti-toxic
GLIIIFDDD,0.5080063027613818,anti-toxic
GCCCIDDVF,0.5080049531091108,anti-toxic
GLNIYFCVD,0.5080019771406736,anti-toxic
GRDYGVVYD,0.5079978211927322,anti-toxic
GCVFLCHYD,0.5079871898789925,anti-toxic
GCFFNVDGG,0.5079687525001619,anti-toxic
GIFCRDVIY,0.5079682522067188,anti-toxic
GFFGDCDSG,0.507919587051385,anti-toxic
GVSRFSGFR,0.507913878171395,anti-toxic
GCCLDLSLD,0.5079091081943841,anti-toxic
GHLISRGLG,0.5079015893106847,anti-toxic
GCSRRYGGG,0.5079015893106847,anti-toxic
GNHCILDGG,0.5079015893106847,anti-toxic
GFIGRCGFC,0.5078760016864208,anti-toxic
GCVISFRLG,0.5078698965018915,anti-toxic
GVHISDHFG,0.5078670028375866,anti-toxic
GSGNLIHDN,0.5078662865564868,anti-toxic
GYDDDFDGY,0.507863385506191,anti-toxic
GHVRGGGFS,0.5078617485215456,anti-toxic
GRFRCGGYS,0.5078558716958309,anti-toxic
GDLYGVGSG,0.5078558716958309,anti-toxic
GDYCDNVCD,0.5078417485276893,anti-toxic
GYHVCNVFD,0.507829163139388,anti-toxic
GRYLHFGDG,0.5078262280330159,anti-toxic
GFVCSNFVD,0.5078149988444617,anti-toxic
GFYHCIFYG,0.5078122444708508,anti-toxic
GNVCFCGYS,0.507805448558435,anti-toxic
GFCIFDGFN,0.5077900744861144,anti-toxic
GSCCHYGGD,0.5077900744861144,anti-toxic
GYHIYLLYG,0.5077688474530985,anti-toxic
GFGRGIVDD,0.5077612129156167,anti-toxic
GCYVVLIDH,0.5077329755533602,anti-toxic
GFYRVDRRR,0.5077274012077166,anti-toxic
GGDLLRGYS,0.5077206207066759,anti-toxic
GFFCYYGVD,0.5076872463852662,anti-toxic
GCFLLVDCY,0.5076872463852662,anti-toxic
GLCSSVRDG,0.5076872463852662,anti-toxic
GYCCNYFVD,0.5076387787236007,anti-toxic
GFSSGYGDG,0.507631448549637,anti-toxic
GFHVFDGGN,0.5076157752286986,anti-toxic
GCFYYNVDI,0.5075619871962318,anti-toxic
GIFCDGVVD,0.5075578881256189,anti-toxic
GCFCSNGYR,0.5075527201714706,anti-toxic
GFYHCSGVD,0.5075512105245131,anti-toxic
GFCVSCVVD,0.5075384049551569,anti-toxic
GYCVDGSFG,0.5075284388532934,anti-toxic
GYLYLFGLG,0.5075284388532934,anti-toxic
GCYLVSSFY,0.5075038837133833,anti-toxic
GVGLRRFLG,0.5075038837133833,anti-toxic
GNYYGHSVG,0.5075038837133833,anti-toxic
GIVCSSVYD,0.5074982889734859,anti-toxic
GGIVHDDDG,0.507497600108665,anti-toxic
GCFVCVGVS,0.5074901712437516,anti-toxic
GFDCHFFDD,0.5074583864128437,anti-toxic
GFLRHDIGH,0.5074583864128437,anti-toxic
GRYYGFVDH,0.5074279049724787,anti-toxic
GFDCNLGYR,0.507425971711637,anti-toxic
GVYVDGYCS,0.5073917257094276,anti-toxic
GFFGSGGVD,0.5073843516783527,anti-toxic
GCFFVDCFG,0.507375232455121,anti-toxic
GFNCCFFYR,0.5073452373255357,anti-toxic
GNYIVNHDH,0.5073452373255357,anti-toxic
GCLDRRSVD,0.5073378644680815,anti-toxic
GLCNDDGYH,0.5073357332281537,anti-toxic
GFCIYDNGD,0.5073227087568936,anti-toxic
GFVNFDGFF,0.5073160400764137,anti-toxic
GVVVVDFVD,0.5073077083677122,anti-toxic
GSYDSDVSD,0.5073037633741216,anti-toxic
GCFFLDGYG,0.5072936385941448,anti-toxic
GFYLHSGFG,0.5072736719497616,anti-toxic
GVDRGYVDI,0.507266534055296,anti-toxic
GRCGFIGGD,0.5072508425817691,anti-toxic
GDCLIFHDG,0.5072508425817691,anti-toxic
GVLHGIRDG,0.5072290381323601,anti-toxic
GCCLSDVCG,0.5072159430540361,anti-toxic
GCYYYRCVD,0.5072122869508543,anti-toxic
GDCGVDNYG,0.5072066253294966,anti-toxic
GFHLVFGSG,0.5072066253294966,anti-toxic
GDRVFDDHG,0.5071966843971494,anti-toxic
GNYVGLGFR,0.5071882397704945,anti-toxic
GFHVGGSFR,0.5071746648863205,anti-toxic
GFYYGYGDG,0.5071642310092577,anti-toxic
GRGCCCGCG,0.5071559610175046,anti-toxic
GCIYLDGVG,0.5071559610175046,anti-toxic
GVDFCYGFC,0.5071504853138759,anti-toxic
GLHCDGCVD,0.5071472782536612,anti-toxic
GFFNSDCYG,0.5071350038934401,anti-toxic
GFDSFCGVD,0.507117871237094,anti-toxic
GFRIHYGDG,0.5070844780971057,anti-toxic
GFFHHHGVS,0.5070844780971057,anti-toxic
GCYSYFHFR,0.5070844780971057,anti-toxic
GFGISFVDD,0.5070844780971057,anti-toxic
GFGFRVGSG,0.5070617692952023,anti-toxic
GFCCNNGYV,0.5070521993441157,anti-toxic
GSFDVSGCD,0.5070353191766951,anti-toxic
GYYGYVGLD,0.5070179144550253,anti-toxic
GCVLCSGCD,0.5070108001799041,anti-toxic
GVFGFRGLG,0.5070019831814995,anti-toxic
GFYDSLGCG,0.5069907690705465,anti-toxic
GLCNLDGYH,0.5069907690705465,anti-toxic
GGFRCDVLS,0.5069760264841302,anti-toxic
GFHRRHGYS,0.5069533307363315,anti-toxic
GVDLRDVCG,0.506905719303924,anti-toxic
GFVCFYSNG,0.5068933273537455,anti-toxic
GCYGLGGVG,0.506879089357452,anti-toxic
GCCVCDGFG,0.506879089357452,anti-toxic
GVFCCLCYD,0.506879089357452,anti-toxic
GRIYSVDDS,0.5068711441952827,anti-toxic
GSFYFGGVD,0.5068625596038235,anti-toxic
GVFFCNSLG,0.5068320913505556,anti-toxic
GFFFCFVFR,0.5068281815526928,anti-toxic
GLLGDCGIS,0.5068148137097374,anti-toxic
GIRCDCVDS,0.5067919253868828,anti-toxic
GCVIYVFYD,0.5067919253868828,anti-toxic
GDCHSDGYV,0.5067811998152955,anti-toxic
GVFCYYCDG,0.5067614624764853,anti-toxic
GFCGVHGYR,0.5067590419770418,anti-toxic
GVDFSFGID,0.5067459524880225,anti-toxic
GYYYFVRNC,0.5067437213264633,anti-toxic
GNDGLYGYG,0.5067348587163799,anti-toxic
GVFLCDVVD,0.5067038063885276,anti-toxic
GYIFGYGCG,0.5066919841870623,anti-toxic
GHDLRDCYG,0.5066821672930666,anti-toxic
GIFCCHYYF,0.5066764982813785,anti-toxic
GYDSIVSSG,0.5066764982813785,anti-toxic
GLNDSCGLD,0.5066678465660158,anti-toxic
GCYIIDSFG,0.50665821766287,anti-toxic
GCLHYYGNR,0.506641546409652,anti-toxic
GVHVYDGFR,0.5066122506841929,anti-toxic
GDCIRDNFR,0.5065762340579381,anti-toxic
GILHFVSYG,0.5065762340579381,anti-toxic
GYSFAFAIS,0.506561966124829,anti-toxic
GILVGYGYS,0.5065308840362915,anti-toxic
GHCCFGGGG,0.506524639821833,anti-toxic
GYYRSFGFD,0.5065050324048721,anti-toxic
GYCCCLVYN,0.5065050324048721,anti-toxic
GFCSSHLYD,0.5064975575211462,anti-toxic
GVYVHSGSG,0.5064766480721994,anti-toxic
GFGFYCDDR,0.5064613869114527,anti-toxic
GVIRCVDDD,0.5064613869114527,anti-toxic
GYLVFCGVR,0.506445339671371,anti-toxic
GCCFNDGVD,0.5064406018014006,anti-toxic
GLCLRVGFV,0.5064383329439575,anti-toxic
GHFVFCDVF,0.5064271072706875,anti-toxic
GYFGGHSVD,0.5064106308216499,anti-toxic
GFCFGYGFG,0.5063974630008433,anti-toxic
GGIVCCDDG,0.5063900613053697,anti-toxic
GRFGRHGVG,0.5063767171972953,anti-toxic
GGVVDLYGS,0.5063636572147789,anti-toxic
GVHYLDDGC,0.50635673943936,anti-toxic
GSCCNYGYN,0.5063508723789133,anti-toxic
GGRVRCGGD,0.5063140844633165,anti-toxic
GFVYDNFDS,0.5063025983706347,anti-toxic
GSGHSVGDS,0.5063012597028592,anti-toxic
GFYGRDDCS,0.5062959268465963,anti-toxic
GNYIRYGCD,0.5062866500956157,anti-toxic
GCGFSSGCN,0.5062794834608759,anti-toxic
GFSGHVGLG,0.5062794834608759,anti-toxic
GGFSCYGGG,0.5062794834608759,anti-toxic
GCYCRCVGN,0.5062416281998449,anti-toxic
GIVYFFRDY,0.5062394802846947,anti-toxic
GVHHRLCCS,0.5062343596121259,anti-toxic
GICFLHCRL,0.5062343596121259,anti-toxic
GCNSRNDFF,0.5062343596121259,anti-toxic
GCLNRFDNG,0.5062177702352589,anti-toxic
GCHGCRSIL,0.5062062280871839,anti-toxic
GRCRHDDGD,0.5062062280871839,anti-toxic
GFGIVCGHV,0.5061818913879492,anti-toxic
GLYCHSVGD,0.506173051777485,anti-toxic
GNSYRGGYY,0.506173051777485,anti-toxic
GCSHVYGGG,0.506173051777485,anti-toxic
GCFVRLCDG,0.5061624513434565,anti-toxic
GLRFRCVVN,0.5061541278583593,anti-toxic
GGGGYCGLG,0.5061512784468368,anti-toxic
GLDLNFGLR,0.5061506023974224,anti-toxic
GLFYLCGYC,0.5061183053250852,anti-toxic
GVFHHVGSG,0.5060945198797566,anti-toxic
GYYHRDCIY,0.506084950654979,anti-toxic
GFVSCFDSC,0.506084950654979,anti-toxic
GGRSLDDCG,0.506084950654979,anti-toxic
GGLYIYNSG,0.506084950654979,anti-toxic
GLHCHDVYD,0.506067394536456,anti-toxic
GCNDSFDGH,0.5060538173181505,anti-toxic
GFFVDVSLI,0.5060504855742607,anti-toxic
GCVSVIGFV,0.5060444120170293,anti-toxic
GCFGYSGLR,0.5060341886326077,anti-toxic
GFYIRHCLG,0.5060194370325348,anti-toxic
GHFFVLFDS,0.5059886547605926,anti-toxic
GFFGYVGSS,0.5059886547605926,anti-toxic
GVYYHFSVG,0.5059808750514726,anti-toxic
GIYSCGVLG,0.5059779947421362,anti-toxic
GYCHYHGYR,0.5059717278212795,anti-toxic
GFLFDHGCY,0.5059583784688699,anti-toxic
GFFSYFLFV,0.5059193221560022,anti-toxic
GCCHGYCDS,0.5059193221560022,anti-toxic
GNLGCIRDS,0.5059103423575608,anti-toxic
GHHRCDDFC,0.5059103423575608,anti-toxic
GFSFGLDGN,0.5059071287297566,anti-toxic
GLDIVDGFF,0.505905930611563,anti-toxic
GFRRVDYFS,0.505892997289687,anti-toxic
GVGGYDGCG,0.5058684143512431,anti-toxic
GCFHGVGGS,0.5058684143512431,anti-toxic
GCGRRFRDY,0.5058657829572051,anti-toxic
GFRGRCRYG,0.5058529099250552,anti-toxic
GFSLGGGCG,0.5058510187980418,anti-toxic
GIGCIFGFN,0.5058454059815573,anti-toxic
GFSCVVGGG,0.5058454059815573,anti-toxic
GGHCRGGYS,0.5058238255953617,anti-toxic
GHCGCFSLG,0.5058169267211186,anti-toxic
GFHDYLVGS,0.5058025370446813,anti-toxic
GCIGRDNYG,0.5057881775264548,anti-toxic
GYFDHCGFR,0.5057871075074911,anti-toxic
GCGYIDVCG,0.5057396518414586,anti-toxic
GVYHVCCVV,0.50573331552232,anti-toxic
GGVVDLCRN,0.50573331552232,anti-toxic
GFGICLDYD,0.50573331552232,anti-toxic
GIFCHHGDG,0.5057271139289643,anti-toxic
GRGYGLYGS,0.5057035723807201,anti-toxic
GVCVDSGFL,0.5056898099393232,anti-toxic
GILDCYSYD,0.5056831821706813,anti-toxic
GLYCSDGCD,0.5056814027480748,anti-toxic
GFDHISGVN,0.5056716534359696,anti-toxic
GSSCVFGFV,0.5056523433058269,anti-toxic
GHNYCFDGH,0.5056523433058269,anti-toxic
GYFYRLVDH,0.5056523433058269,anti-toxic
GFLVRVGVR,0.5056523433058269,anti-toxic
GNLVVLCDH,0.5056447129265534,anti-toxic
GYFHFRDGG,0.5056447129265534,anti-toxic
GYGRRLVYR,0.5056288812447259,anti-toxic
GLCGSVGGG,0.5056097925310999,anti-toxic
GDLYICDFG,0.5055738870718671,anti-toxic
GFFVDYVFD,0.5055657701007354,anti-toxic
GCRVIIDDD,0.5055631330825414,anti-toxic
GRSHFIRDD,0.5055431829478554,anti-toxic
GCGHRLYFG,0.5055431829478554,anti-toxic
GVHHGSNFG,0.5055431829478554,anti-toxic
GRYIFDCDD,0.5055431829478554,anti-toxic
GSFDRDNSG,0.5055302222703602,anti-toxic
GFHCRCVVN,0.5055166262791276,anti-toxic
GVLYCSGFD,0.5055105383089874,anti-toxic
GFDRVLVLG,0.5055085536659151,anti-toxic
GHFYRNYFD,0.5055046492109149,anti-toxic
GRDGHGCRL,0.5054778714890515,anti-toxic
GCIRCFGGS,0.5054729939405264,anti-toxic
GSYYVSGGG,0.5054729939405264,anti-toxic
GSYGSGLCD,0.5054729939405264,anti-toxic
GCGFDVRDG,0.5054691951530231,anti-toxic
GDGIGHGVR,0.5054548533635974,anti-toxic
GDICSVGVC,0.5054240676202015,anti-toxic
GCFSCFCVD,0.5054173187296427,anti-toxic
GVGHCCGSG,0.5054035809442821,anti-toxic
GVCVVDGFR,0.5053989290185563,anti-toxic
GYVVCSGYI,0.5053880131200021,anti-toxic
GFFHSFFRC,0.5053780142830886,anti-toxic
GVRVVDLYG,0.50536882160088,anti-toxic
GFGGDVFNH,0.505360341357152,anti-toxic
GICRYDVSD,0.505348785593647,anti-toxic
GLVDCDNYG,0.5053417621525228,anti-toxic
GCCFRVGFD,0.505326198440767,anti-toxic
GSGLYSGDD,0.5053233839847784,anti-toxic
GVRSGYCSD,0.5053224657049376,anti-toxic
GCRIYNCDD,0.5053180164268208,anti-toxic
GYCVSVRYG,0.5052935704792247,anti-toxic
GGHDFRGLG,0.5052447093666124,anti-toxic
GGIYRCCYD,0.5052422930150996,anti-toxic
GCFFVNGHG,0.5052318511605487,anti-toxic
GDGCGNGFV,0.5052233326789864,anti-toxic
GLRVRDVVG,0.5052033019717507,anti-toxic
GNFVGLYFD,0.505149978319906,anti-toxic
GFFVCLGGF,0.505149978319906,anti-toxic
GSYDSSDCI,0.505149978319906,anti-toxic
GHYYFFFDD,0.505149978319906,anti-toxic
GNHFRFCFS,0.505149978319906,anti-toxic
GCYHRDVRL,0.505149978319906,anti-toxic
GVVVGLGVG,0.505149978319906,anti-toxic
GGFCGHNVG,0.505149978319906,anti-toxic
GLLCHGGSG,0.505149978319906,anti-toxic
GYVRGNGYI,0.505149978319906,anti-toxic
GDYILYFDS,0.505149978319906,anti-toxic
GYHIDHDSS,0.505149978319906,anti-toxic
GFRVNHDVG,0.505149978319906,anti-toxic
GFYCCLSGG,0.505149978319906,anti-toxic
GGGYCFGGG,0.505149978319906,anti-toxic
GFHSFIGCG,0.5050988577875766,anti-toxic
GICRSSDFG,0.5050814289579291,anti-toxic
GNVVRVGGD,0.50506918686178,anti-toxic
GVCYIVDGG,0.5050459681453211,anti-toxic
GYFFILCYD,0.5050396252556855,anti-toxic
GLCCYFCDN,0.5050096796651877,anti-toxic
GRNFGDRVD,0.5050059575983397,anti-toxic
GCDGSCCYN,0.5050040215106333,anti-toxic
GGSGSGGGG,0.5049957270371964,anti-toxic
GDSSGLGFG,0.5049701834583428,anti-toxic
GIYFDCVDD,0.5049640247816751,anti-toxic
GDGGYDGSG,0.504942727310531,anti-toxic
GDLFCDGVS,0.504942727310531,anti-toxic
GFGVHSRYG,0.5049255947024613,anti-toxic
GVSCNSGGS,0.504921822558471,anti-toxic
GGDFLLVDN,0.504906106821554,anti-toxic
GIDNFDDFY,0.5048938329383119,anti-toxic
GDCVLLIDI,0.5048811485484603,anti-toxic
GIYVYDGFY,0.5048766365620712,anti-toxic
GLYYDYVCS,0.5048671424376181,anti-toxic
GHRCYCGCG,0.5048621436809131,anti-toxic
GGCCYHGLS,0.5048460278944094,anti-toxic
GRYVRGDHG,0.504834242586695,anti-toxic
GGSYCGGCG,0.5048280004364544,anti-toxic
GVIIDIGLS,0.504814745202602,anti-toxic
GCVLRFGSS,0.504814745202602,anti-toxic
GCGCLSGGD,0.504814745202602,anti-toxic
GVYCIFGYD,0.5048040647357857,anti-toxic
GGCHVDGFI,0.5048003517222739,anti-toxic
GSFLGCDVC,0.5047675084740475,anti-toxic
GCRGSYGLR,0.504738519755824,anti-toxic
GGDCFCGIS,0.504738519755824,anti-toxic
GCLDVNGYD,0.5047119606510027,anti-toxic
GVYVNCGLG,0.504704776351751,anti-toxic
GCFFDNCVY,0.504704776351751,anti-toxic
GLYGRGLFD,0.504704776351751,anti-toxic
GCGYNLDYR,0.5046940944401017,anti-toxic
GLLFYNDGS,0.504681736245541,anti-toxic
GFCDLYVFR,0.5046731950718555,anti-toxic
GCDGFDSFS,0.5046725309803032,anti-toxic
GGDLVSGFD,0.5046650039736927,anti-toxic
GVGHSGGYG,0.5046650039736927,anti-toxic
GRYFNIGDD,0.5046629645521299,anti-toxic
GSVLCDRFY,0.5046620983039055,anti-toxic
GFCVHDVYS,0.5046501188955667,anti-toxic
GCGDRCSYG,0.5046456967050944,anti-toxic
GFDNLDRCS,0.5046423283709254,anti-toxic
GSSVRSGVH,0.5046342911642387,anti-toxic
GIYDSSLVD,0.5046174283060215,anti-toxic
GRGYNDNLG,0.5045994253428542,anti-toxic
GGFRRCGVD,0.5045899595680279,anti-toxic
GIRVDIVDH,0.5045841222373749,anti-toxic
GCIDFDDGG,0.5045751344478877,anti-toxic
GRDLSISYG,0.504559503066602,anti-toxic
GLCLIVGGS,0.504559503066602,anti-toxic
GRICHVVDS,0.5045429978131311,anti-toxic
GGSCFNDFY,0.5045429978131311,anti-toxic
GCVVFVYDG,0.5045210216829629,anti-toxic
GGYVSGVVD,0.5045133383594734,anti-toxic
GFLYCYSFG,0.5045133383594734,anti-toxic
GFRYCDHFC,0.5045049331749799,anti-toxic
GVYYDDGIG,0.5045032254350729,anti-toxic
GICRGSVFD,0.5045032254350729,anti-toxic
GLYLDNVHS,0.5044874389360288,anti-toxic
GCCVVCGFD,0.5044874389360288,anti-toxic
GFISFGGYS,0.5044874389360288,anti-toxic
GFYYYVCDV,0.5044764793760841,anti-toxic
GHRYFDYLR,0.5044756826597019,anti-toxic
GFFSFLSDD,0.5044523822713612,anti-toxic
GCRYFGGFV,0.5044508724144677,anti-toxic
GRSLRVDGY,0.5044443819308972,anti-toxic
GFLIDCGLR,0.5044401885027585,anti-toxic
GYFCVDDFC,0.5044082283839958,anti-toxic
GINHIVRYG,0.5043953395863244,anti-toxic
GIVVCIGGD,0.5043953395863244,anti-toxic
GVFYNIGCG,0.5043953395863244,anti-toxic
GSFCHDVCN,0.5043856809782686,anti-toxic
GVYFLIRDR,0.5043835009492452,anti-toxic
GYYHYGVCD,0.5043712849472032,anti-toxic
GFSYHGVVN,0.5043586732448021,anti-toxic
GYNRNLGGD,0.5043586732448021,anti-toxic
GLFFGSGCG,0.504331326839226,anti-toxic
GDRLVVGCG,0.5043302230884286,anti-toxic
GNGGRLVHR,0.5043104667148596,anti-toxic
GFLIYDGGN,0.5043009174787879,anti-toxic
GVCGNGNYG,0.5042908395987683,anti-toxic
GVFHCSGIR,0.5042554476598763,anti-toxic
GCDGYGGCG,0.5042528077563928,anti-toxic
GCIYGCGGG,0.5041965323125834,anti-toxic
GSYGIGLCF,0.5041965323125834,anti-toxic
GCCCYGGLG,0.5041965323125834,anti-toxic
GRDDCGFVD,0.5041768109274835,anti-toxic
GLFGVFGVR,0.5041751305886957,anti-toxic
GGHVGFGLD,0.5041719945148536,anti-toxic
GFLCFCHFF,0.5041677815607339,anti-toxic
GGCDDIYCD,0.5041677815607339,anti-toxic
GFIVLDDDG,0.5041557898310203,anti-toxic
GHGNRNDSD,0.504104744405256,anti-toxic
GCCCNIFYY,0.504104744405256,anti-toxic
GYGHFLVDN,0.5040700909456801,anti-toxic
GYYYNVRFS,0.5040700909456801,anti-toxic
GVNYGNVFG,0.504043897542543,anti-toxic
GRSIFGVFY,0.5040330609055631,anti-toxic
GSVRRRDGG,0.5040330609055631,anti-toxic
GNLYSNSYS,0.5040330609055631,anti-toxic
GLSLSFNDG,0.5040234031566516,anti-toxic
GIHRIGGFD,0.504017527920998,anti-toxic
GFGFIVGDI,0.504017527920998,anti-toxic
GYRCSFGGG,0.5039962592512757,anti-toxic
GCISGVGLG,0.5039934011199638,anti-toxic
GLCGRDFNR,0.5039934011199638,anti-toxic
GYCVGLFYS,0.5039508211422932,anti-toxic
GVNFFDGFS,0.503938073458012,anti-toxic
GYSGCFVHL,0.503938073458012,anti-toxic
GFDFCDCFN,0.5039315974366514,anti-toxic
GIYLFDDYC,0.5039230236268805,anti-toxic
GCYDGFVVG,0.5039024764936283,anti-toxic
GGDYCFGFF,0.5038908308202737,anti-toxic
GCCGSYGVY,0.5038856557911463,anti-toxic
GFICGLRYR,0.5038829732305941,anti-toxic
GVRYFDGLD,0.5038757637670043,anti-toxic
GFNYVVDVF,0.5038555079669071,anti-toxic
GFGFVVCNH,0.5038555079669071,anti-toxic
GFVHVCYDR,0.5038555079669071,anti-toxic
GRIRGDYFS,0.503836526564723,anti-toxic
GFYSCGGYS,0.5038157392308413,anti-toxic
GFDFFGGFV,0.5038029479714536,anti-toxic
GDFCHCDSG,0.5037801292490397,anti-toxic
GDFCRSGGD,0.5037734494911027,anti-toxic
GDYCYCFDG,0.5037734494911027,anti-toxic
GYFVGCSFS,0.503760869814015,anti-toxic
GYCNRLCYD,0.503760869814015,anti-toxic
GRFSYGCYG,0.5037512831273412,anti-toxic
GCVGCINSS,0.5037485750971039,anti-toxic
GGYYSVSDG,0.5037476408753231,anti-toxic
GFGYRCRDD,0.5037472970982135,anti-toxic
GNRYYSCDG,0.5037437348400765,anti-toxic
GHYVYSDFY,0.5037395352889313,anti-toxic
GCYVLYGFS,0.5037326089262842,anti-toxic
GFIYDCGDG,0.5037314866443718,anti-toxic
GYRDVLRGR,0.5037190232134573,anti-toxic
GSIYGSGYG,0.5037020605730652,anti-toxic
GYFHFDCYS,0.5036802832391304,anti-toxic
GLVLCCGFN,0.5036802832391304,anti-toxic
GLFHRVDVG,0.5036684867272827,anti-toxic
GIHCYYYDG,0.5036619720983285,anti-toxic
GGCVGSGHG,0.5036578408195763,anti-toxic
GFYGCSDGG,0.5036424945139242,anti-toxic
GCSCCFGYD,0.5036393872946675,anti-toxic
GSFYVNVFV,0.5036288051993731,anti-toxic
GCRFSCGIS,0.5036288051993731,anti-toxic
GDFFYVDVG,0.5036288051993731,anti-toxic
GVVCCVRDG,0.5036268292608956,anti-toxic
GFFIGGVYD,0.5035961502512843,anti-toxic
GFCYCLGFV,0.5035862037409226,anti-toxic
GGCVLLDDS,0.5035675438994435,anti-toxic
GFIFDNVFD,0.503550365160113,anti-toxic
GRYVGCDFG,0.503550365160113,anti-toxic
GVFHFSGFF,0.5035354626765137,anti-toxic
GLGYYSDFD,0.5035344979131884,anti-toxic
GCVGRYFDS,0.5034934175756032,anti-toxic
GLFYSDVFY,0.5034934175756032,anti-toxic
GNFCGIFDS,0.5034800716355429,anti-toxic
GGIYFCGLG,0.5034740459468592,anti-toxic
GCCGGCGFS,0.5034501934420116,anti-toxic
GFYYFLDFG,0.5034501934420116,anti-toxic
GDCNIDHCR,0.5034501934420116,anti-toxic
GFGVSDDGG,0.5033809555810593,anti-toxic
GNFVRLCCG,0.5033778170595588,anti-toxic
GCYVGYRDR,0.50336814736807,anti-toxic
GLINLLGCG,0.5033641689826032,anti-toxic
GFFSCGGYD,0.5033566055778624,anti-toxic
GNCLFVVDG,0.5033464730700893,anti-toxic
GRICGYGVS,0.5033230766602163,anti-toxic
GFHLFVCDG,0.5033230766602163,anti-toxic
GSNLRVGGD,0.5033058376215357,anti-toxic
GFLFFVGFS,0.5033058376215357,anti-toxic
GDFVRLVVD,0.5032879616575687,anti-toxic
GHSIRCDCG,0.5032868502719737,anti-toxic
GCDDFVGCF,0.5032831892169568,anti-toxic
GLCRYVGDG,0.5032457714651127,anti-toxic
GRGLGFGGG,0.5032285419207901,anti-toxic
GRNDFSSDG,0.5032199816783898,anti-toxic
GFVVRIGHS,0.5032128524313301,anti-toxic
GYHDVLGFY,0.503212262968793,anti-toxic
GRYFVFVYD,0.5032068230339038,anti-toxic
GRYCGFDFY,0.5031867451585897,anti-toxic
GYGLCFVLS,0.5031681290806623,anti-toxic
GHCRYCHDR,0.503156453503926,anti-toxic
GCYCDDGFY,0.5031550328442408,anti-toxic
GLVYVRVNV,0.5031346870845804,anti-toxic
GFSGDSSVD,0.5030868177561326,anti-toxic
GILILGDHF,0.5030797930085542,anti-toxic
GFSVGVLYG,0.5030797930085542,anti-toxic
GIFYLYDGG,0.503073004098729,anti-toxic
GCGCRSGFI,0.5030664393462608,anti-toxic
GCNIVCGLG,0.5030328032302558,anti-toxic
GLSIRCGIS,0.5030272283479433,anti-toxic
GYSYCVGFL,0.5030140233923905,anti-toxic
GRHRVVVDH,0.5029949240070849,anti-toxic
GLVGHFGLR,0.5029534856709146,anti-toxic
GLFNYNCFD,0.5029517818169625,anti-toxic
GDIHSGVCV,0.502928518325948,anti-toxic
GCGFRCGDG,0.5029108981015048,anti-toxic
GFLNYCGVV,0.5029029768502501,anti-toxic
GGVYIDYGR,0.5029029768502501,anti-toxic
GFHCGNSVD,0.5028702120250074,anti-toxic
GFGGHDHYG,0.5028670583705783,anti-toxic
GLGSCFVYR,0.5028647593179932,anti-toxic
GYDRCFCFD,0.5028500904283256,anti-toxic
GDDFGIYDS,0.5028500904283256,anti-toxic
GHCVSSRHG,0.5028266549545642,anti-toxic
GGSGLDVYG,0.5028266549545642,anti-toxic
GNCLFLDSD,0.5028087625050034,anti-toxic
GCVFNGGYS,0.5027921835322045,anti-toxic
GFNVNNVFD,0.502783245040799,anti-toxic
GFVGRYGVG,0.50273877064646,anti-toxic
GFHGFGVVY,0.5027255927797422,anti-toxic
GIRHGYHRL,0.5027188190621863,anti-toxic
GRHLCYDYC,0.5026753591920505,anti-toxic
GRYHGDCGN,0.5026753591920505,anti-toxic
GFYVDLHYR,0.5026753591920505,anti-toxic
GLRFGDGCD,0.5026753591920505,anti-toxic
GFSFGFRSG,0.5026753591920505,anti-toxic
GFDRVVGFY,0.5026753591920505,anti-toxic
GNYHCNNGY,0.5026753591920505,anti-toxic
GCHGCSDGG,0.5026753591920505,anti-toxic
GHVVDCGFL,0.5026753591920505,anti-toxic
GDCVGFSVG,0.5026753591920505,anti-toxic
GCFNRDIVD,0.5026358401527674,anti-toxic
GIRRSSGGD,0.5026344054005257,anti-toxic
GCNFCIVDS,0.5026161264475639,anti-toxic
GYYCYFGVG,0.5026153385331563,anti-toxic
GYRLFDHDF,0.5025776441546481,anti-toxic
GFRRRFFLR,0.5025571677416264,anti-toxic
GFNGNGGIS,0.5025571677416264,anti-toxic
GGYCYLFDG,0.5025258344937572,anti-toxic
GLISVFDSC,0.5025258344937572,anti-toxic
GSCYIDCFY,0.5025113403765163,anti-toxic
GVVFGSGVG,0.5025029859086195,anti-toxic
GGGVGCHDD,0.5025029859086195,anti-toxic
GDDVHDDYN,0.5025029859086195,anti-toxic
GGCHFVRDG,0.5025029859086195,anti-toxic
GFSVYLHLR,0.5024834341030157,anti-toxic
GFIHVVGID,0.5024789791381039,anti-toxic
GFFYHSGCR,0.502471894919459,anti-toxic
GIDGCYGVG,0.502471894919459,anti-toxic
GGNRFVGID,0.5024346861562967,anti-toxic
GCVSDCLSL,0.5024271199844327,anti-toxic
GHFDVDDIF,0.5024126678294953,anti-toxic
GCVCNCGFR,0.5024074690949969,anti-toxic
GNFCVGGYD,0.5024074690949969,anti-toxic
GCSVSYGSG,0.502401269891755,anti-toxic
GYISFYFSD,0.5023780499338858,anti-toxic
GLYCGCGYV,0.5023570781357358,anti-toxic
GFVYICGVG,0.5023570781357358,anti-toxic
GGRVYVGYR,0.5023329231546733,anti-toxic
GSRLGYGVR,0.5023048007379113,anti-toxic
GLSFFGDCG,0.5023048007379113,anti-toxic
GRHLVSRHL,0.5023048007379113,anti-toxic
GYCLYSSVD,0.5022833376683029,anti-toxic
GHYGIDDID,0.5022833376683029,anti-toxic
GFVRCFDSS,0.5022716459564689,anti-toxic
GIFCDDSYG,0.5022716459564689,anti-toxic
GCVHRLGGH,0.5022319753026936,anti-toxic
GFYFFSGNN,0.5022319753026936,anti-toxic
GYCHRSGDD,0.5022319753026936,anti-toxic
GFYYVCGFV,0.502226939449679,anti-toxic
GSHLYLHDG,0.5021978500929244,anti-toxic
GGRCRNGCS,0.5021957203475511,anti-toxic
GSNCRFGYD,0.5021836586222296,anti-toxic
GVFCGCRFR,0.5021758830220985,anti-toxic
GGYCRCVDS,0.5021651247704437,anti-toxic
GFICNIGGG,0.5021651247704437,anti-toxic
GCLCINVFD,0.5021507432854108,anti-toxic
GVGYDFSYN,0.5021492604215935,anti-toxic
GLYDHNVFS,0.5021337149270182,anti-toxic
GCCSIDFYD,0.5021235236897181,anti-toxic
GLRDCFDFY,0.5021235236897181,anti-toxic
GNFVFDCSD,0.5021109738209998,anti-toxic
GFCGYCDCG,0.5020986293340377,anti-toxic
GGYGLYYDG,0.5020951393570454,anti-toxic
GYGNLDGHG,0.502074536663339,anti-toxic
GRHDCSGFV,0.502074536663339,anti-toxic
GFCGIFDGI,0.5020636767220549,anti-toxic
GYRVYDRDS,0.5020569702481805,anti-toxic
GCRCIVHDG,0.5020324861709059,anti-toxic
GIFHYINVD,0.5020286063072175,anti-toxic
GFNCFDRDG,0.5020160050948994,anti-toxic
GYCSFLVHF,0.501989269820446,anti-toxic
GRDGLIFYD,0.501989269820446,anti-toxic
GIRCILGHG,0.5019854551837378,anti-toxic
GLHSHYGGS,0.5019732562089385,anti-toxic
GHYDRIDVN,0.5019640325083798,anti-toxic
GHGFFDSFS,0.5019613524847332,anti-toxic
GCFIGSDGG,0.5019602748122131,anti-toxic
GFVHRCGYV,0.5019448384446945,anti-toxic
GLRYCHGFR,0.5019448384446945,anti-toxic
GCDLLYDVL,0.5019448384446945,anti-toxic
GCDYFFDGN,0.5019448384446945,anti-toxic
GHFFVCGYS,0.5019448384446945,anti-toxic
GLIGDYDGH,0.5019448384446945,anti-toxic
GFGRIFVFG,0.5018640018726783,anti-toxic
GVDDIFNGY,0.5018473427698203,anti-toxic
GFHLSDGFC,0.5018271275124376,anti-toxic
GCFFRSSYS,0.5018037191966931,anti-toxic
GHCRIDGFN,0.5018037191966931,anti-toxic
GCYFFVVDN,0.5017881382871572,anti-toxic
GFVIDYSSS,0.5017881382871572,anti-toxic
GVIGYYDCG,0.5017686897982305,anti-toxic
GCYVGYDSC,0.5017646230658732,anti-toxic
GSIVGLVCD,0.5017594880590963,anti-toxic
GCDIYFGYS,0.5017519301299236,anti-toxic
GCHCGSGIR,0.5017437296279944,anti-toxic
GRFFRDYYR,0.5017250426599013,anti-toxic
GCCDDDGFC,0.501714333433231,anti-toxic
GYFNVVCGG,0.501713466258629,anti-toxic
GNVNFVGFR,0.5017105279551138,anti-toxic
GSFGGSNGC,0.5016894462103995,anti-toxic
GISLGFDVG,0.5016894462103995,anti-toxic
GLDYYRVVD,0.5016894462103995,anti-toxic
GCYGSYHDY,0.5016894462103995,anti-toxic
GCRDFVGFD,0.5016894462103995,anti-toxic
GDNVFVCVC,0.5016748723255375,anti-toxic
GHRSVIGCG,0.5016731496764324,anti-toxic
GVRYRHGGD,0.5016496008521529,anti-toxic
GRHDCDGFH,0.5016443925787492,anti-toxic
GGGRVIGYR,0.5016382106268915,anti-toxic
GCYCYLGYS,0.501635826297756,anti-toxic
GRCGHDCVG,0.5016246213006734,anti-toxic
GNFSCFGCD,0.501595024102863,anti-toxic
GFCLYDGFD,0.501595024102863,anti-toxic
GINFSGDYG,0.501595024102863,anti-toxic
GVVFVDRCR,0.5015670925028982,anti-toxic
GFGYVDGGS,0.5015637111873223,anti-toxic
GNDLDFRYG,0.5015579391033794,anti-toxic
GFLFCFDYY,0.5015458540510808,anti-toxic
GLFISDDCD,0.5015458540510808,anti-toxic
GYRCILVYG,0.5015458540510808,anti-toxic
GFVSRYDGL,0.5015458540510808,anti-toxic
GFFLHCGIG,0.5015458540510808,anti-toxic
GFCCVLRGG,0.5015305289133027,anti-toxic
GVDGVDDSG,0.5015301613463704,anti-toxic
GGRCCNVHS,0.5015202784816429,anti-toxic
GFVGRVGCG,0.5015013251851526,anti-toxic
GGYILVGSG,0.5014943091532124,anti-toxic
GGCVYGDSG,0.5014943091532124,anti-toxic
GSFYVNCFR,0.5014806005791071,anti-toxic
GSLCSNCVG,0.5014806005791071,anti-toxic
GCVHLVGDD,0.5014806005791071,anti-toxic
GYYSILDFG,0.5014237892137434,anti-toxic
GLVLCDDGH,0.5014049109489327,anti-toxic
GICHNDRDS,0.5013898294465992,anti-toxic
GVCCHISVN,0.5013898294465992,anti-toxic
GCCYCDGVD,0.5013898294465992,anti-toxic
GLSGIFGLG,0.5013511343441632,anti-toxic
GCRCIDDCG,0.501325744281548,anti-toxic
GIYCVNGFY,0.501325744281548,anti-toxic
GRCSRVGVY,0.5013235704668532,anti-toxic
GGVRSFSLG,0.5013160639293257,anti-toxic
GFGCIINSS,0.5013160639293257,anti-toxic
GLCFSVGCD,0.5013160639293257,anti-toxic
GCYDSGNVD,0.5013160639293257,anti-toxic
GFHIRYGYD,0.5013100374602334,anti-toxic
GFHCSNYFY,0.5012982847702488,anti-toxic
GRSIRVVYG,0.501294453475665,anti-toxic
GLYGHYSCD,0.5012885173688068,anti-toxic
GGCVRVRDD,0.5012861713401339,anti-toxic
GFYLHIHYN,0.5012549344363818,anti-toxic
GYNSVNRFY,0.5012549344363818,anti-toxic
GHYCDCLSH,0.5012549344363818,anti-toxic
GCFFIGSYG,0.5012549344363818,anti-toxic
GSVSLYGFG,0.5012439439520927,anti-toxic
GVNIGIGHV,0.5012433757511043,anti-toxic
GHNVCSGFL,0.5012381779550963,anti-toxic
GLSILCGFD,0.5012281352335161,anti-toxic
GSFCYIDCG,0.5012130868277636,anti-toxic
GRYRYHSCS,0.5011880478688842,anti-toxic
GLYCNDVYS,0.5011734150589668,anti-toxic
GFLVCLDSG,0.5011658346808447,anti-toxic
GVFRRLHYV,0.5011215311234289,anti-toxic
GSGDVFDGG,0.5011100005181659,anti-toxic
GRNYCVRDD,0.5011044251706566,anti-toxic
GSYCCNSFR,0.5010989709570955,anti-toxic
GFNFISGCG,0.5010962880485342,anti-toxic
GRCSYVGVF,0.5010923176011616,anti-toxic
GCCVVGYFG,0.5010884104765565,anti-toxic
GFVVDCCVD,0.5010836864183409,anti-toxic
GCYGVSFVD,0.5010738884569207,anti-toxic
GLLLCYSYG,0.501068581941824,anti-toxic
GSIGSYCDS,0.5010592622177514,anti-toxic
GLRRCHFFS,0.5010592622177514,anti-toxic
GHCVVNDGY,0.5010592622177514,anti-toxic
GFSHSNGRH,0.5010334121250738,anti-toxic
GYFFVILDG,0.5010103303849125,anti-toxic
GFVCSLVGN,0.5010103303849125,anti-toxic
GCYCYDSGD,0.5009953010740289,anti-toxic
GGDISNNFY,0.5009895948943548,anti-toxic
GFHFRIHDS,0.5009895948943548,anti-toxic
GHCCYDGDG,0.5009769038325078,anti-toxic
GFNYLDSFS,0.5009593538625342,anti-toxic
GRCICIDFY,0.5009538637262978,anti-toxic
GCCGGNRVS,0.5009241693922872,anti-toxic
GYLHSVGGN,0.5009241693922872,anti-toxic
GRCVHFGFN,0.5009241693922872,anti-toxic
GCYRDFGFR,0.5009153556147365,anti-toxic
GCCGILDGL,0.5009043284341067,anti-toxic
GCFGCDNLV,0.5008991011662476,anti-toxic
GDYIFSGCD,0.5008889534113313,anti-toxic
GIGIIIGFR,0.5008879766774113,anti-toxic
GFYDCVGDN,0.500877656113684,anti-toxic
GYNFHSRLS,0.5008650022142658,anti-toxic
GVNGVFSSG,0.5008355288201042,anti-toxic
GIYLSLSYG,0.5008286045372634,anti-toxic
GFSRCVGFI,0.5008220796312484,anti-toxic
GLDYFGDGG,0.5008220796312484,anti-toxic
GVYDRYNSS,0.5008100972758032,anti-toxic
GCCYYVGYV,0.5008100972758032,anti-toxic
GLCFHSGCG,0.5008045831604546,anti-toxic
GFFLDCHFY,0.5007976707802145,anti-toxic
GLVDVFVVG,0.5007527035157807,anti-toxic
GFSVFVRDG,0.500749793952677,anti-toxic
GVCHGDGVS,0.5007392008876025,anti-toxic
GCHSCVGFD,0.5007220074047414,anti-toxic
GIIFVDVHD,0.5007142734834721,anti-toxic
GSLSLNGYG,0.5007117033286459,anti-toxic
GLSIYVGFR,0.5007057663291461,anti-toxic
GYFVNVCYG,0.5006934071754321,anti-toxic
GDIFCVDFG,0.5006553812160432,anti-toxic
GCGDCDFGR,0.5006535977793343,anti-toxic
GRFGSFVVR,0.5006023505691853,anti-toxic
GNCSYLCGD,0.5006023505691853,anti-toxic
GVDVGCDSG,0.5006023505691853,anti-toxic
GGGDRFFDG,0.5006023505691853,anti-toxic
GVIRHLVLR,0.5006023505691853,anti-toxic
GFFRRRVSN,0.5006023505691853,anti-toxic
GYYYVLSVD,0.5006023505691853,anti-toxic
GFDLSFRCG,0.5006023505691853,anti-toxic
GIFVSVGID,0.5006023505691853,anti-toxic
GYGFLNHFN,0.5006023505691853,anti-toxic
GIISDFGHR,0.5006023505691853,anti-toxic
GNFVYDGSG,0.5006023505691853,anti-toxic
GFDYCGGFR,0.5006023505691853,anti-toxic
GVHSSFGFV,0.5005119949084197,anti-toxic
GCVFRRGID,0.5004998380036431,anti-toxic
GDHRRSGYV,0.500490835744615,anti-toxic
GDDDCGVVD,0.5004801001864209,anti-toxic
GRIVHCGGD,0.5004760470982055,anti-toxic
GRDIFIHGS,0.5004717160421354,anti-toxic
GYGGYFRGG,0.5004567363240984,anti-toxic
GYCLFGDYG,0.5004335023566844,anti-toxic
GGVYVCDYG,0.5004304548685825,anti-toxic
GYCGLLVFG,0.5004240175145286,anti-toxic
GLCVDFHFY,0.5004186110981105,anti-toxic
GFLYYVDVN,0.5004179759190363,anti-toxic
GHYRFVVYD,0.5004134036521727,anti-toxic
GCGSGNGVD,0.5004110314110678,anti-toxic
GYSGCYVDN,0.5004110314110678,anti-toxic
GLICGGVLG,0.5004055968477468,anti-toxic
GCRGRLDFG,0.5003886755430283,anti-toxic
GFYLRGGDG,0.500369522341927,anti-toxic
GYGYGSFVD,0.500361042335777,anti-toxic
GCDDRDFYR,0.5003333542881152,anti-toxic
GYHFDNGFC,0.5003333542881152,anti-toxic
GFCCFDVYG,0.5003172494745225,anti-toxic
GCCRIFGYG,0.5002802930965821,anti-toxic
GIFVDVGFG,0.5002791546607601,anti-toxic
GICVFDGCV,0.5002784677277865,anti-toxic
GGYVSYDGD,0.5002756905448316,anti-toxic
GNVFGCGSV,0.5002709545348653,anti-toxic
GDGLYFCDN,0.5002685346558223,anti-toxic
GSSNCDLFD,0.5002667844204386,anti-toxic
GVLFDSGFF,0.5002644220225776,anti-toxic
GFDYCYHSR,0.500261058227925,anti-toxic
GYIRHGYVS,0.500261058227925,anti-toxic
GCSHVNVDH,0.500261058227925,anti-toxic
GFNIGFSDN,0.500261058227925,anti-toxic
GLFVSCDVD,0.5002574227932293,anti-toxic
GNSGSGCFD,0.5002393798151668,anti-toxic
GHDDCYHFI,0.500237271696979,anti-toxic
GFSCVNVFS,0.5002364748256389,anti-toxic
GGGFDFRGY,0.5002274739970067,anti-toxic
GGVGFVYDD,0.5001897752007988,anti-toxic
GVRYVYGFR,0.5001865587883558,anti-toxic
GGFSNIGCS,0.5001356181417779,anti-toxic
GGFIRDCCD,0.5001356181417779,anti-toxic
GLCLNHGSG,0.5001258892137674,anti-toxic
GIHIRFDDN,0.5001208710499105,anti-toxic
GVGYFCGLD,0.5001208710499105,anti-toxic
GCNVFDRYS,0.5001157460567619,anti-toxic
GSLHRVGCD,0.5001073152005248,anti-toxic
GLFVDDIGI,0.500105161640352,anti-toxic
GCIYVYDDH,0.5000941065300177,anti-toxic
GFYCFDCFD,0.5000808544308184,anti-toxic
GRFCIDCGD,0.5000444898863098,anti-toxic
GIYYIVVDR,0.5000444898863098,anti-toxic
GFFNFCVVD,0.5000158623208333,anti-toxic
GGYLDHGVY,0.5000035713734043,anti-toxic
GLHGHFGCD,0.5000018553065313,anti-toxic
GIRVDRGVR,0.5000004177189753,anti-toxic
GIRHCFFDD,0.49998413767916666,anti-toxic
GVGVVYCIN,0.49998413767916666,anti-toxic
GRHVCYNGS,0.49998413767916666,anti-toxic
GFVLCSGGL,0.49998413767916666,anti-toxic
GCCIFVGFR,0.49998413767916666,anti-toxic
GYCRDSGDS,0.49998413767916666,anti-toxic
GFRDYLDIY,0.49998413767916666,anti-toxic
GHFSGNGFG,0.4999799291342301,anti-toxic
GFINFIGLG,0.4999669525306017,anti-toxic
GFSCVNCFD,0.49996340020837826,anti-toxic
GFCDLYGYD,0.49996100984435965,anti-toxic
GCYFSVGFD,0.4999579966202667,anti-toxic
GRSNSFGCD,0.4999487846340982,anti-toxic
GHCSCHGFR,0.4999487846340982,anti-toxic
GFYLSLCYS,0.4999440791556956,anti-toxic
GHCLLCGCG,0.4999379287647321,anti-toxic
GFYGLCGDR,0.499929547209369,anti-toxic
GCCDGNCFN,0.499929547209369,anti-toxic
GCCLCFVVD,0.4999135407786327,anti-toxic
GYHCLNVVY,0.4999091429488986,anti-toxic
GFCFFHRDR,0.4998761054469312,anti-toxic
GCCHVFDFR,0.4998643818582222,anti-toxic
GHYFLLVDV,0.4998643818582222,anti-toxic
GYHGGCFDD,0.4998134412116441,anti-toxic
GIFGFDRFY,0.4998084593134754,anti-toxic
GIGHDDIYY,0.49976732919695865,anti-toxic
GDNRRLYSG,0.4997645038650485,anti-toxic
GCLCVDGLS,0.4997549464331998,anti-toxic
GLYSGYCRH,0.4997549464331998,anti-toxic
GIYVRVVDG,0.4997549464331998,anti-toxic
GHLFSYGGG,0.4997458743447564,anti-toxic
GYCSYIDFR,0.499738941772075,anti-toxic
GRLRSLDGR,0.499738941772075,anti-toxic
GGYWGSGYG,0.4997197069034179,anti-toxic
GYFNDSGGD,0.4997191128924568,anti-toxic
GIDLVYGFN,0.49971131735075713,anti-toxic
GHCHFNDFF,0.49971088022831156,anti-toxic
GVRSRDRGY,0.49968708261840383,anti-toxic
GCSNDFHDR,0.49968708261840383,anti-toxic
GFHYCNSFR,0.49968708261840383,anti-toxic
GHCHRDHYR,0.49968708261840383,anti-toxic
GYGHHNSGG,0.49967312960618104,anti-toxic
GFFCLIGCG,0.49967218426393495,anti-toxic
GNVRVFRDR,0.49967049889754095,anti-toxic
GHCHHCGIS,0.49966838358148447,anti-toxic
GCCINFGLD,0.4996545524148829,anti-toxic
GFVRFYNDG,0.49962859571751367,anti-toxic
GDRYIFFCS,0.4996074028673495,anti-toxic
GGCIVDGGV,0.4996074028673495,anti-toxic
GISDVLLYG,0.49959645670455566,anti-toxic
GFCFSGGYR,0.49958977262877347,anti-toxic
GHIGFLDVY,0.49956406560367406,anti-toxic
GGGYRDSGG,0.49956212376790765,anti-toxic
GGGIRFRDD,0.499553702067026,anti-toxic
GCYLRNGCD,0.4995518796446859,anti-toxic
GRCVNCGVD,0.4995428367919123,anti-toxic
GDGFGFFDS,0.4995414317469445,anti-toxic
GVFSIDDFH,0.49951769845218535,anti-toxic
GCDNNFFFR,0.4995125269561249,anti-toxic
GCHVYVYDG,0.4995125269561249,anti-toxic
GCNVGFGGS,0.49950778261644746,anti-toxic
GFYFFFFFY,0.4994974757688943,anti-toxic
GHRSFVYDG,0.4994921684161652,anti-toxic
GLHFDDSHR,0.4994741029970544,anti-toxic
GDRNYDCYD,0.4994693092745386,anti-toxic
GVVRGVFRI,0.4994579639204475,anti-toxic
GFINSDGVN,0.4994403760265403,anti-toxic
GVHDRRGCY,0.49943854152461664,anti-toxic
GRGVRSVFR,0.4994371289528548,anti-toxic
GNLICLGGG,0.49942252240020396,anti-toxic
GYRINCLGY,0.49939764943081466,anti-toxic
GYHCFVSGG,0.49939764943081466,anti-toxic
GGICDFVFY,0.49939764943081466,anti-toxic
GGYCFNNSC,0.49939764943081466,anti-toxic
GDVHRFRNC,0.49939764943081466,anti-toxic
GGHVHSGDD,0.49939764943081466,anti-toxic
GGVYCRHGC,0.49937079056183037,anti-toxic
GHGRGDGVD,0.4993663816038885,anti-toxic
GLDDDNVFG,0.4993583093807943,anti-toxic
GYVYYDLFD,0.4993583093807943,anti-toxic
GVYHFDSVD,0.49934461878395675,anti-toxic
GCIIRGGGS,0.4993406516642255,anti-toxic
GGYSCSGFG,0.49932171718446283,anti-toxic
GSFIVIHGG,0.4993163132601671,anti-toxic
GGSVRSGDD,0.49931433687208426,anti-toxic
GRFIFDGYV,0.49929423367085385,anti-toxic
GGSHVDGFL,0.49929423367085385,anti-toxic
GYRHCGGVG,0.4992910174013303,anti-toxic
GVYLFVYDF,0.49925569993391333,anti-toxic
GYYDFSRDG,0.49922319894367156,anti-toxic
GVIVCIGYG,0.49922319894367156,anti-toxic
GYIHGCGCS,0.49922319894367156,anti-toxic
GIGYDNGIR,0.49922319894367156,anti-toxic
GNIFCNVHF,0.49920064580670476,anti-toxic
GHNCLYDCG,0.4991829854573172,anti-toxic
GNCHCFGLR,0.4991713954627366,anti-toxic
GYCDFDYDD,0.4991713954627366,anti-toxic
GCYVVSIDI,0.4991713954627366,anti-toxic
GFSCLLDFY,0.4991713954627366,anti-toxic
GLHGCYDGG,0.49916137216440126,anti-toxic
GCYLDFYVD,0.4991504196129461,anti-toxic
GCRHIYRDG,0.49914798315092745,anti-toxic
GICHCFGFG,0.49914304324916914,anti-toxic
GIFHCDDGR,0.4991408983255517,anti-toxic
GIIFCDRFG,0.49913378498263256,anti-toxic
GSYIDGRYR,0.49911554842583034,anti-toxic
GVGGRDYSH,0.4991090729424455,anti-toxic
GVHVRCDDG,0.4991008988337524,anti-toxic
GCLVFDDCY,0.49908363260866345,anti-toxic
GCNVDFYDG,0.49907583060771277,anti-toxic
GRRFNLVGN,0.49907583060771277,anti-toxic
GLYCSGGFR,0.4990599836251016,anti-toxic
GCSYFCCDN,0.4990551651711548,anti-toxic
GLCRCGGFG,0.4990551651711548,anti-toxic
GIDYNSDGN,0.49904613627370215,anti-toxic
GSGGHLDFY,0.49902871981328617,anti-toxic
GFHCCFGHS,0.49901526377379507,anti-toxic
GFHSRLVVN,0.49899936358015307,anti-toxic
GLSCGLGLR,0.49899533862677564,anti-toxic
GCGDGCVRI,0.4989896696150875,anti-toxic
GVCVVSGCD,0.4989896696150875,anti-toxic
GFRYFGDGD,0.4989896696150875,anti-toxic
GNVVRFNDN,0.4989771609533288,anti-toxic
GFFNLYGCG,0.49897289108726733,anti-toxic
GLFFDFDCY,0.49896239642988804,anti-toxic
GVFSVSGIR,0.4989461528916544,anti-toxic
GCNISRGVG,0.4989367896326487,anti-toxic
GFCNFVGFC,0.49893270396888617,anti-toxic
GCCRRDVVI,0.49891551598223444,anti-toxic
GSIYFVGFV,0.49888999948183405,anti-toxic
GLFVRLVGG,0.4988767787484306,anti-toxic
GFCDVNDDG,0.4988672524486232,anti-toxic
GSIFRCRSG,0.49886560451300127,anti-toxic
GDHDVLDSL,0.49884050441289873,anti-toxic
GYYGFNVDD,0.49884050441289873,anti-toxic
GFHRRRDGH,0.49884050441289873,anti-toxic
GCCCSDHYR,0.49884050441289873,anti-toxic
GFVISGRFS,0.49884050441289873,anti-toxic
GCNVGSGGR,0.49884050441289873,anti-toxic
GVRRNYGSG,0.49884050441289873,anti-toxic
GVYGGVGDS,0.49884050441289873,anti-toxic
GYVLCDVDN,0.49884050441289873,anti-toxic
GFHDFGGDD,0.4988138221112958,anti-toxic
GGISRVGVF,0.49878969785201915,anti-toxic
GNHCYVVDG,0.4987698816821303,anti-toxic
GHHLLGGCG,0.49876317965850536,anti-toxic
GFVLCSVDN,0.49876012862714875,anti-toxic
GFFDINFVD,0.49875197827393347,anti-toxic
GNYFDFHCD,0.49874506556361825,anti-toxic
GVFYVFGHS,0.49874506556361825,anti-toxic
GRGGGSCGS,0.4987158683144961,anti-toxic
GDCFRLDFD,0.49870554652433496,anti-toxic
GYHFYLDCR,0.49870393075228747,anti-toxic
GVCSIILCH,0.4986933607618542,anti-toxic
GFRCHCGFV,0.4986933607618542,anti-toxic
GRIDILSGD,0.4986864036459477,anti-toxic
GGLFFDGLG,0.4986839360706743,anti-toxic
GGYLYDLSG,0.4986732214364824,anti-toxic
GFCGHGCYG,0.49866445962575406,anti-toxic
GLFYNNSFR,0.49866093257577215,anti-toxic
GYDDHFGHR,0.49866093257577215,anti-toxic
GHDIDNDCD,0.49864357225430583,anti-toxic
GYSISNRVG,0.49863869470578065,anti-toxic
GDLFCFHYY,0.49863356941022086,anti-toxic
GHYNFSVGD,0.4986159414868463,anti-toxic
GFCGILVYG,0.49859636787158673,anti-toxic
GIGCCCGFN,0.49856776632379984,anti-toxic
GSFDSLGFG,0.4985391900054119,anti-toxic
GFYCGVGFD,0.49851939942089285,anti-toxic
GYRLFYGLS,0.4985074680899149,anti-toxic
GFFVRDRLD,0.49849867481484744,anti-toxic
GNCSHSGIV,0.49849682635600023,anti-toxic
GICCCLLRV,0.49849682635600023,anti-toxic
GSCDLLGSG,0.4984885798145993,anti-toxic
GYVVCGCVF,0.4984786569393298,anti-toxic
GFRISVVRL,0.498470839630838,anti-toxic
GCIFFGNVF,0.498470839630838,anti-toxic
GICRVRGCG,0.498470839630838,anti-toxic
GFGDGRGFV,0.498470839630838,anti-toxic
GRRGNNSFR,0.498470839630838,anti-toxic
GCSYGGGGG,0.4984656866656574,anti-toxic
GLDGGDGFC,0.4984620342522117,anti-toxic
GFFCLLFYN,0.49845931025000445,anti-toxic
GCVYNSGGR,0.4984512159712037,anti-toxic
GLHCYNGSG,0.4984406015467942,anti-toxic
GSNHHCGID,0.4984406015467942,anti-toxic
GIYGCGGFR,0.4984293920669608,anti-toxic
GFGVGYFDG,0.49841996164555213,anti-toxic
GFCYFYGVG,0.498400853089625,anti-toxic
GYIYGDRYS,0.49839707525256294,anti-toxic
GYSYLSRYS,0.49839707525256294,anti-toxic
GRVHYDGLD,0.4983903946726093,anti-toxic
GIYIGYVVD,0.4983846718001743,anti-toxic
GFYHSCGGD,0.4983846718001743,anti-toxic
GFCFNFVYS,0.4983808905752273,anti-toxic
GSRDVNFLR,0.49837155448945547,anti-toxic
GHFDGGGYS,0.4983556074212508,anti-toxic
GLRCCDDFY,0.49834722013112287,anti-toxic
GFYDVIDDH,0.49832050109733245,anti-toxic
GLCFCDGFD,0.4983105537896005,anti-toxic
GHCLHYYDN,0.4983105537896005,anti-toxic
GNSYVSGDG,0.4983105537896005,anti-toxic
GNVSVCGYN,0.4983105537896005,anti-toxic
GGYRVYGFR,0.4983105537896005,anti-toxic
GVLIRDDFC,0.4983105537896005,anti-toxic
GSFSRISSG,0.4983105537896005,anti-toxic
GDCVVFGGG,0.4983105537896005,anti-toxic
GLHDDHSLC,0.4982917698324209,anti-toxic
GICCFFGID,0.4982692730061558,anti-toxic
GLNRHDFFD,0.4982679988454772,anti-toxic
GYIHDDGIG,0.49826365626977703,anti-toxic
GFYRRCGYR,0.49825627037200554,anti-toxic
GYCGDLVYV,0.49825163044890863,anti-toxic
GHFYRYCVS,0.4982394803123282,anti-toxic
GYFCGDCFS,0.49823695079274555,anti-toxic
GCVYSVLCC,0.4982076525968662,anti-toxic
GCFGVLDGI,0.4981962808033069,anti-toxic
GFGGLSGVF,0.4981638574592399,anti-toxic
GIRIDDGIG,0.49815795314913514,anti-toxic
GRLLRLVGG,0.4981478802751075,anti-toxic
GGGRCDYVD,0.49813960535916924,anti-toxic
GRYSRNLIY,0.4981242012950428,anti-toxic
GGYCVYDDG,0.4981242012950428,anti-toxic
GYSHILVVD,0.4981242012950428,anti-toxic
GHVCGLGHS,0.49811902369524896,anti-toxic
GCGVFYCSS,0.4981154091078614,anti-toxic
GCFGGRGCG,0.4981135501654906,anti-toxic
GGYLCDVCG,0.4981057462017901,anti-toxic
GLRHDGYFR,0.49806386563647337,anti-toxic
GDNYYVVHD,0.49805516155530544,anti-toxic
GFNSNDGYY,0.49804189032176677,anti-toxic
GRCFGCGID,0.49804189032176677,anti-toxic
GFHHSLFFG,0.49803472368702695,anti-toxic
GGCCYVDDY,0.49801073017955405,anti-toxic
GCCSGFIDN,0.498006957494886,anti-toxic
GFHYCCGCG,0.49795926510290806,anti-toxic
GCIRGYGCG,0.4979568937685069,anti-toxic
GYGVDFVCD,0.4979475830355819,anti-toxic
GGFNYYGDD,0.49794109865723585,anti-toxic
GLLYYCGHG,0.4979297607078585,anti-toxic
GRSGGCGVG,0.49792740909611,anti-toxic
GVRCFNSFY,0.4979238267098136,anti-toxic
GFVDGGCVF,0.4979048606429545,anti-toxic
GNVVDLGCS,0.4978914057596155,anti-toxic
GFCCSYGIS,0.4978819288119223,anti-toxic
GFDCFYGYS,0.4978717531254695,anti-toxic
GRCHCYNYY,0.49786762210214686,anti-toxic
GVSFVIGYS,0.49786762210214686,anti-toxic
GSGNHGGDD,0.49786074071789976,anti-toxic
GRIVYVGHS,0.49785073957840653,anti-toxic
GSCIVFSVD,0.49785073957840653,anti-toxic
GIYNFLYHR,0.4978348752295562,anti-toxic
GRNDYFDGY,0.4978272965144132,anti-toxic
GFVSVFDSD,0.49778616527423536,anti-toxic
GCRLSFSYS,0.49778348340943007,anti-toxic
GCGLVLDGG,0.4977824193703129,anti-toxic
GHYCYNNFR,0.4977567030043248,anti-toxic
GLIVDDVFF,0.49775125624687466,anti-toxic
GCHHFCHYD,0.49774179047204836,anti-toxic
GVDFCLGLG,0.4977077855014399,anti-toxic
GCYVYFGVD,0.4977077855014399,anti-toxic
GVRYGVDSS,0.49770491522414434,anti-toxic
GGLLFLGVD,0.4977018718652917,anti-toxic
GCRCIVGCG,0.4976745115123653,anti-toxic
GCSFIDDGD,0.497661956927356,anti-toxic
GCDHRVGVD,0.4976590994166269,anti-toxic
GYRRGLVHR,0.497657969922404,anti-toxic
GYSLFGHVF,0.4976429218642641,anti-toxic
GYNVCCFYD,0.4976299981641068,anti-toxic
GICVNYVDD,0.4976299981641068,anti-toxic
GFNYCSGLD,0.49762917379981425,anti-toxic
GFFSYCHRF,0.4976259203773703,anti-toxic
GFVFHCVDS,0.4976259203773703,anti-toxic
GSYVILGCG,0.49761064311127423,anti-toxic
GCRVVCGFV,0.49760433957872685,anti-toxic
GNRYLIGYV,0.497598730108245,anti-toxic
GSDCFFDGG,0.4975961507835978,anti-toxic
GCRLFLDGS,0.4975891803068416,anti-toxic
GGYYFVYDN,0.4975843086673464,anti-toxic
GFHYGCGVR,0.49757910195497906,anti-toxic
GRCCRLCDY,0.4975728800155673,anti-toxic
GYIFGLSGG,0.49756929079014156,anti-toxic
GCVHYLVDI,0.49756929079014156,anti-toxic
GCFYCLFYN,0.49756695508453896,anti-toxic
GCYFLYDGH,0.497564947623821,anti-toxic
GSFSRVSDD,0.49754392608496534,anti-toxic
GYFCRVGDG,0.4975239956344489,anti-toxic
GVCLCDFIG,0.4975144133615057,anti-toxic
GSFCCFDGN,0.4975123085740255,anti-toxic
GYHRIVGCG,0.49749596689084635,anti-toxic
GNCSYLIDH,0.4974919023089205,anti-toxic
GRFFVLLYD,0.49746663671632674,anti-toxic
GSCFCCGLD,0.49745364555623295,anti-toxic
GYRFLDCFH,0.49744283225837355,anti-toxic
GFGYGFVHR,0.49741046127693794,anti-toxic
GCFSHDRCS,0.49740792673818895,anti-toxic
GLCYYFGFV,0.4974040195784333,anti-toxic
GVDCDGGFV,0.49740114824792586,anti-toxic
GVYYNSVYD,0.4973945136231437,anti-toxic
GIHLVSGID,0.4973823581954891,anti-toxic
GFRYCLGYV,0.4973246408079494,anti-toxic
GCYSFCCVF,0.4973246408079494,anti-toxic
GYYCCDGLS,0.4973246408079494,anti-toxic
GVVICDDFN,0.4973246408079494,anti-toxic
GDYNFVGCF,0.4973246408079494,anti-toxic
GRGCNFHGY,0.4973246408079494,anti-toxic
GFICCSGGD,0.4973246408079494,anti-toxic
GCRDSDGGD,0.4973246408079494,anti-toxic
GIDYFCGCG,0.49729647918410896,anti-toxic
GYDGVDRHR,0.49728855035362163,anti-toxic
GSCRGIDDY,0.4972813477329095,anti-toxic
GYIDVDVYG,0.49728067275102467,anti-toxic
GFDSGLDHR,0.49727349619481803,anti-toxic
GLCGCFGFS,0.49727055344479293,anti-toxic
GCIVYCDDY,0.4972648165111535,anti-toxic
GVVDHFGVG,0.49724660748065236,anti-toxic
GFFSCLVFN,0.4972368956855369,anti-toxic
GFCCCNRFS,0.49723407788782076,anti-toxic
GYCRGDCVY,0.49718461356768967,anti-toxic
GRLGSNGGG,0.4971733450454357,anti-toxic
GNGCFDGGD,0.4971691747307914,anti-toxic
GFIIDCGCG,0.4971677330630368,anti-toxic
GCFFSYDVG,0.49712751795931065,anti-toxic
GLFDLFGYG,0.4971251944292876,anti-toxic
GFYHCFFDI,0.49711532544592346,anti-toxic
GCDCSSSYG,0.4971100154109926,anti-toxic
GSFLGCGYI,0.4970985438925244,anti-toxic
GFFRYYSSG,0.4970923356502825,anti-toxic
GSYVCDDGR,0.4970923356502825,anti-toxic
GSNRHDVGS,0.4970714816740521,anti-toxic
GCYCFIGYG,0.49706685337122203,anti-toxic
GGCVSGGFN,0.49704651432908536,anti-toxic
GFRCSNGFI,0.49704651432908536,anti-toxic
GFDHNGCFD,0.4970160834366017,anti-toxic
GGYVCHRDL,0.4970160834366017,anti-toxic
GVDGYFGVG,0.4970160834366017,anti-toxic
GFSCVFRYS,0.49698849955130525,anti-toxic
GDGRDYGYG,0.49696338099349313,anti-toxic
GFCFCVGGD,0.4969404113907759,anti-toxic
GRVYCVGSS,0.49692964807321494,anti-toxic
GFYYCFDCS,0.49692964807321494,anti-toxic
GHIDLCGYV,0.49692565641433556,anti-toxic
GYYHYDCFG,0.49690620500922156,anti-toxic
GHRRYRGGG,0.4968653129154196,anti-toxic
GYGLGDLVD,0.4968653129154196,anti-toxic
GHVHDIYYD,0.4968653129154196,anti-toxic
GVHDLDDDY,0.4968245895357748,anti-toxic
GRVFVDVDD,0.4968245895357748,anti-toxic
GSVDDVFDS,0.4968155627026493,anti-toxic
GLDVDGCFD,0.4968155627026493,anti-toxic
GLFDNCGFD,0.49680936155204625,anti-toxic
GFSIDDFGS,0.4968048388525351,anti-toxic
GHLHLRGCG,0.49678547937072726,anti-toxic
GFVRGCGGG,0.4967805454629984,anti-toxic
GFCGCRFVC,0.49677594271613246,anti-toxic
GNHDYCDDR,0.49677594271613246,anti-toxic
GVLRSDGSG,0.49676505500458834,anti-toxic
GCIVRYGHR,0.49676025543689856,anti-toxic
GCLGIDLCC,0.49674591578751376,anti-toxic
GVGCINVFR,0.4967378884351089,anti-toxic
GHCNCCGYG,0.4967168107830432,anti-toxic
GLFLDDHVR,0.4967168107830432,anti-toxic
GSHCCRGYG,0.4967168107830432,anti-toxic
GFNIFHDGY,0.4967168107830432,anti-toxic
GFYYYNDYH,0.49670342130293843,anti-toxic
GHVSCDGFN,0.49670342130293843,anti-toxic
GFYVGDSGD,0.4966941623784643,anti-toxic
GGYDVGCCD,0.496682193232357,anti-toxic
GCNGCFGFR,0.4966760366073884,anti-toxic
GRSSRFRYG,0.49667479109534135,anti-toxic
GFGFGHGFS,0.4966433944221375,anti-toxic
GSDDFSHVF,0.4966433944221375,anti-toxic
GVGSCVGRY,0.4966433944221375,anti-toxic
GNVVYSGYG,0.4966265302543108,anti-toxic
GCCNFVGGD,0.4966120984300577,anti-toxic
GISVYYGFG,0.49660880995212897,anti-toxic
GYLFCFCCD,0.49659960811551135,anti-toxic
GCDSGFYDS,0.49659960811551135,anti-toxic
GHNYRHHLF,0.4965837344890946,anti-toxic
GVSHSNGFF,0.4965837344890946,anti-toxic
GSYCLCGGG,0.4965755341420073,anti-toxic
GGLFCVGRI,0.49657052622030495,anti-toxic
GNDFCSDGD,0.4965585765518681,anti-toxic
GLHGYGGDG,0.4965564027181317,anti-toxic
GILDCFFFD,0.4965498065579884,anti-toxic
GGIDRFGIR,0.49654000738421794,anti-toxic
GVSHGGGYG,0.4965377960356656,anti-toxic
GCYSFCLYD,0.4965279161634727,anti-toxic
GNYVLFGVG,0.4965279161634727,anti-toxic
GSYFCLNGH,0.49652595405314087,anti-toxic
GCCCNVVDS,0.49650133348668374,anti-toxic
GIVINRGGG,0.49648285577968576,anti-toxic
GYVRCCGFD,0.49646942001480227,anti-toxic
GNFGCIVYD,0.49646550208681167,anti-toxic
GICDCYRYG,0.49646550208681167,anti-toxic
GVCRCSGFR,0.49646550208681167,anti-toxic
GYLCRDDFN,0.4964637991348133,anti-toxic
GCGGIDSLD,0.49642640991504905,anti-toxic
GCCNHGSYG,0.49642640991504905,anti-toxic
GILFLCGCG,0.49641791573896493,anti-toxic
GFRYGIVDG,0.49640925937770247,anti-toxic
GYVCYDSDS,0.49639345514158384,anti-toxic
GCCLVYGVG,0.4963486977412883,anti-toxic
GYGDGGGGD,0.49633553241531314,anti-toxic
GLDNRDNFF,0.4963315132727173,anti-toxic
GSVCSGGFR,0.4963315132727173,anti-toxic
GFVCVVRDD,0.4963315132727173,anti-toxic
GFRFYCSDG,0.4963271221795618,anti-toxic
GFFFRNGVG,0.4963197167608696,anti-toxic
GSDHRSCYD,0.4963197167608696,anti-toxic
GRGFGIGVR,0.49628896190241234,anti-toxic
GGFRFCGGD,0.4962844140066717,anti-toxic
GFDCVFVIV,0.4962562651599235,anti-toxic
GFCDSFSVN,0.4962562651599235,anti-toxic
GCYRCDGFH,0.4962562651599235,anti-toxic
GYCVFFGYG,0.4962562651599235,anti-toxic
GVCRVYVDH,0.4962455066417609,anti-toxic
GGIGNDGCG,0.4962265505088973,anti-toxic
GRVHDSRFS,0.4962265505088973,anti-toxic
GYNVGYGGG,0.49620742870183615,anti-toxic
GLCYCRGVS,0.49619323166413026,anti-toxic
GFCVFSGDV,0.49618426076915867,anti-toxic
GCYDYDLHC,0.49618426076915867,anti-toxic
GNYSCYGGS,0.49615805292931425,anti-toxic
GDYRRVGVD,0.4961539136573711,anti-toxic
GHYYCLIYG,0.4961526661417859,anti-toxic
GVRVSDGLG,0.49614449203309285,anti-toxic
GVYCFYSGG,0.49611927094757785,anti-toxic
GYYFFDDCF,0.49611927094757785,anti-toxic
GRLLSVGHR,0.4961098302762682,anti-toxic
GYDHRDRDR,0.4961098302762682,anti-toxic
GDLYSDIFD,0.496095013880729,anti-toxic
GVHRCLGVD,0.496079351117731,anti-toxic
GIYYCYGSD,0.4960560094815917,anti-toxic
GFIVLDYFY,0.4960418657996953,anti-toxic
GFCLYIGCG,0.4960298735916848,anti-toxic
GFRCGCGVD,0.49602557240422734,anti-toxic
GINRHDRCN,0.49600659888003623,anti-toxic
GSDINDFHS,0.49600659888003623,anti-toxic
GVYCILNDG,0.49600659888003623,anti-toxic
GCYFDDRCR,0.49600659888003623,anti-toxic
GCLCCYGGG,0.49600659888003623,anti-toxic
GSDNISGGG,0.495962699710697,anti-toxic
GISNDYGGD,0.49595318340959155,anti-toxic
GDFIFDGYV,0.49594811197914607,anti-toxic
GSDVVNVCD,0.49593440297231395,anti-toxic
GCVDGVGCG,0.49593440297231395,anti-toxic
GCYVVFDDI,0.49591577554475397,anti-toxic
GGFSRDVVG,0.49591464578168226,anti-toxic
GSFDDYGLS,0.49591229978469165,anti-toxic
GVIHRCGSS,0.4959093215849933,anti-toxic
GCFGVNFYD,0.4959065569591462,anti-toxic
GFLDCLHLR,0.4959023233654074,anti-toxic
GHDLSGGCD,0.49590006929542085,anti-toxic
GLCCHGVLR,0.49589525559474407,anti-toxic
GCILYVYDD,0.49589525559474407,anti-toxic
GGCDDFFDG,0.4958881172309851,anti-toxic
GFCGLFGSG,0.4958865782956318,anti-toxic
GNIINIGCG,0.49583221843926606,anti-toxic
GFCCICVDN,0.49583221843926606,anti-toxic
GCDNFGSVY,0.49583221843926606,anti-toxic
GDCHYNGSS,0.49583221843926606,anti-toxic
GLDRDGFID,0.49583221843926606,anti-toxic
GYRCFDCVY,0.4957897143984628,anti-toxic
GGSRFHGFN,0.49577838317226064,anti-toxic
GCGHHSSVD,0.49576336477572064,anti-toxic
GLCYDNGVR,0.49576336477572064,anti-toxic
GHIHNFYCF,0.49576336477572064,anti-toxic
GRYLVGSVY,0.49576336477572064,anti-toxic
GFLGLVGCD,0.49575508911079275,anti-toxic
GGNFCSHFN,0.49574088246817033,anti-toxic
GCCCGVYFV,0.4957367250283175,anti-toxic
GLYCVNDGG,0.4957264992367228,anti-toxic
GRRLFLDDV,0.4957035322369605,anti-toxic
GDSSRHGFR,0.4957035322369605,anti-toxic
GSYHLDGDG,0.4956764624278762,anti-toxic
GCCVGFGDG,0.49566892213494324,anti-toxic
GSNSIGVVD,0.4956678167406833,anti-toxic
GFGFHFGIR,0.4956678167406833,anti-toxic
GCGVNVCDD,0.4956610293516356,anti-toxic
GGFLSGFVD,0.4956610293516356,anti-toxic
GFVSGNVFS,0.4956300748433814,anti-toxic
GFRCCFDVG,0.49562538798709094,anti-toxic
GVCVRHGCS,0.49561872048399114,anti-toxic
GFSCFFGLH,0.4956046604136756,anti-toxic
GFCVIHFCV,0.4956046604136756,anti-toxic
GVFCYCHDS,0.4956046604136756,anti-toxic
GRSVVCGLR,0.4956046604136756,anti-toxic
GFCDFIVDR,0.4956046604136756,anti-toxic
GYFYINNYG,0.49558501219135886,anti-toxic
GSGVFDDVN,0.4955766043083715,anti-toxic
GGLGFDGFY,0.4955750187741116,anti-toxic
GCRLILDGV,0.49557324329918995,anti-toxic
GYHNRDHYS,0.49557051642357164,anti-toxic
GYRFRFCYS,0.49554433754644844,anti-toxic
GCHRGSGYC,0.49554433754644844,anti-toxic
GFHHCFCYD,0.4955406571003325,anti-toxic
GDRRGVGIS,0.4955327609247603,anti-toxic
GFCVVRDGY,0.4955317616334955,anti-toxic
GGFLGSGVR,0.49551999436761285,anti-toxic
GFGLVIDDR,0.49551415034063406,anti-toxic
GFLFGNGGR,0.4955107284392847,anti-toxic
GIRDSDGCD,0.4955036969163237,anti-toxic
GFLRSGGFR,0.49550171531591164,anti-toxic
GIVNSHSLG,0.49549294479070505,anti-toxic
GIFGDVVLR,0.49549294479070505,anti-toxic
GHHVSHCYD,0.49549294479070505,anti-toxic
GRFYGVGLG,0.4954642311059407,anti-toxic
GVYCGNVLD,0.49545458802478004,anti-toxic
GHVFGLVDH,0.49543674296711837,anti-toxic
GIVIDNHLG,0.4954100404319722,anti-toxic
GVVLGSRCY,0.4954100404319722,anti-toxic
GHRYGCCVF,0.4954100404319722,anti-toxic
GSCVDSCYD,0.4954100404319722,anti-toxic
GDVDLDHFF,0.49540213000180333,anti-toxic
GRLDHSGHR,0.49539991076021866,anti-toxic
GVHGCFDDY,0.49538866872378895,anti-toxic
GRCDNGGLG,0.4953780015922532,anti-toxic
GSLSNIDFD,0.4953761204505512,anti-toxic
GFHINFGCD,0.495362809354297,anti-toxic
GVIDLYGDG,0.4953557013202684,anti-toxic
GFHHGGVYD,0.4953460748258615,anti-toxic
GLNFLNFLH,0.4953460748258615,anti-toxic
GDSLHYGGG,0.4953460748258615,anti-toxic
GGNGDNFVD,0.4953349960263072,anti-toxic
GRFYSFSSS,0.4953278810518741,anti-toxic
GRSDGVGGS,0.49532159166877276,anti-toxic
GIRYHYVFS,0.495295223648249,anti-toxic
GVFCNIDYN,0.4952833772609403,anti-toxic
GFCSYCGCD,0.49527768737876277,anti-toxic
GHHFICRFS,0.49527164823462855,anti-toxic
GLLFFCGVG,0.4952538287588402,anti-toxic
GDFCFDDCD,0.4952485353573093,anti-toxic
GLFHCSSCG,0.4952485353573093,anti-toxic
GYFVRYSVD,0.4952416896596569,anti-toxic
GLHCRFSVG,0.49523588974804017,anti-toxic
GCSGFFRDY,0.49523588974804017,anti-toxic
GFDVVVGFS,0.4952107100051892,anti-toxic
GHFVYLFHS,0.4952092891611392,anti-toxic
GCYCRHCVD,0.4951905112952636,anti-toxic
GIDRLDGLG,0.4951881016873256,anti-toxic
GVHVRLYDG,0.4951776674760217,anti-toxic
GVVNSLGYD,0.4951696300462198,anti-toxic
GICYICDGN,0.4951657574133051,anti-toxic
GYHLGSDYD,0.4951657574133051,anti-toxic
GHGGVNGGG,0.4951657574133051,anti-toxic
GGRVCYDSC,0.4951657574133051,anti-toxic
GYYRDRLYD,0.4951657574133051,anti-toxic
GICVNDDVD,0.49513367859624347,anti-toxic
GIGHLDYGD,0.4951256767080112,anti-toxic
GFFCDRRSY,0.4951256767080112,anti-toxic
GHDHSLFDG,0.4951171976232502,anti-toxic
GFRFRLVYD,0.4951171976232502,anti-toxic
GICYGVGHG,0.4951092246014877,anti-toxic
GIVVYVGCS,0.4950764104384932,anti-toxic
GGFLDNDHY,0.49506986196922426,anti-toxic
GYCHSDGGG,0.4950592698084027,anti-toxic
GRRGYLVHS,0.49505434748104166,anti-toxic
GVFHHFGLG,0.49503597521832493,anti-toxic
GGRFGDGHG,0.4950254587585869,anti-toxic
GGNFRVGDG,0.4949959784893668,anti-toxic
GFYGYLDLY,0.4949867858071582,anti-toxic
GYYFYCGGS,0.49496505134091834,anti-toxic
GFCDHFSGC,0.49495926441288063,anti-toxic
GSFNVLGGD,0.4949540318546789,anti-toxic
GLSLCIGSG,0.4949540318546789,anti-toxic
GILDVSGFL,0.4949252176774948,anti-toxic
GCYYRFSFG,0.4948939986414908,anti-toxic
GYCLHCSVG,0.494850021680094,anti-toxic
GFIFGFNGY,0.494850021680094,anti-toxic
GVCHLCGFV,0.494850021680094,anti-toxic
GNYDLYGFR,0.494850021680094,anti-toxic
GYSIVSDCG,0.494850021680094,anti-toxic
GCYYVYYDS,0.494850021680094,anti-toxic
GSHCRCVDH,0.494850021680094,anti-toxic
GCSVRLSRR,0.494850021680094,anti-toxic
GDFSSFGLS,0.494850021680094,anti-toxic
GNILYFGFR,0.494850021680094,anti-toxic
GLVRIVGVS,0.494850021680094,anti-toxic
GSSVFRGGG,0.4948225772438055,anti-toxic
GHRSGDGHS,0.4947996657774458,anti-toxic
GHHFYNFLR,0.4947925588513463,anti-toxic
GIVNCFCVD,0.4947684563719562,anti-toxic
GCDGFGGIV,0.4947540343922896,anti-toxic
GRCGYGYLG,0.49474210902407767,anti-toxic
GHSDGHCVD,0.4947301997778569,anti-toxic
GLCHLDFDD,0.4947301997778569,anti-toxic
GRFSRIYDG,0.4947173924282148,anti-toxic
GFCHHYHDG,0.4946906183081803,anti-toxic
GDDCCNCFD,0.49468864390580763,anti-toxic
GRSISVGCS,0.4946866199793253,anti-toxic
GLDSCYHVD,0.49467089423606014,anti-toxic
GFVDSFGHS,0.49465672030764246,anti-toxic
GNFGDSCYG,0.4946563720568715,anti-toxic
GIHGFDHVN,0.4946547892731635,anti-toxic
GYRSGYCDS,0.49464559970319516,anti-toxic
GDFFSFSCG,0.49463811902553473,anti-toxic
GCGCVDGGD,0.4946355022971682,anti-toxic
GVCIVHGLY,0.4946355022971682,anti-toxic
GFDSDVGYN,0.49463007005123294,anti-toxic
GVRFRDVCV,0.49462037798994385,anti-toxic
GCLYGRHVV,0.49462037798994385,anti-toxic
GGHIGDCCF,0.4946119868799979,anti-toxic
GIFNYYDNG,0.4946119868799979,anti-toxic
GFYNVYDSN,0.4946119868799979,anti-toxic
GIVDLFDGG,0.4946052797846887,anti-toxic
GGGVVDDFV,0.4946029592963172,anti-toxic
GFRVSDGGG,0.4945965506222113,anti-toxic
GLYVRGRLS,0.4945952287822588,anti-toxic
GRGGCLSGG,0.49458268127035737,anti-toxic
GCSGLHSGG,0.49456514500087106,anti-toxic
GDCFGSGCG,0.4945637002829676,anti-toxic
GLYNYIGDR,0.49455877690653016,anti-toxic
GIDSVYHFS,0.49455114132878814,anti-toxic
GNDCVNGRR,0.4945340562373442,anti-toxic
GFCVVFHFD,0.49451366347412096,anti-toxic
GIIVVNCFH,0.4945092649094517,anti-toxic
GHFCGYCCG,0.4944953507890852,anti-toxic
GVCCGYVIC,0.49447492925841563,anti-toxic
GIYGLLIYG,0.494463810465755,anti-toxic
GVVIFHVIS,0.4944261129281329,anti-toxic
GCFYYCCVG,0.4944261129281329,anti-toxic
GVLYGDGGG,0.4944261129281329,anti-toxic
GFSVIYSFG,0.4944261129281329,anti-toxic
GRIYSRGGG,0.49439974223913224,anti-toxic
GCGFVLGYS,0.4943966082247075,anti-toxic
GSFDHVGCG,0.4943858389463816,anti-toxic
GLFFVFGSG,0.4943841365617903,anti-toxic
GFICVCGHV,0.4943802601611681,anti-toxic
GVGYGCVVG,0.4943802601611681,anti-toxic
GGLRCSGGD,0.4943802601611681,anti-toxic
GLLYGSCRF,0.49436268912635484,anti-toxic
GNDYRIGCD,0.49436268912635484,anti-toxic
GRNLLFDDF,0.4943534012921838,anti-toxic
GYSRHDVDS,0.4943232848272847,anti-toxic
GNYGYDDDF,0.4943232848272847,anti-toxic
GLIFHVVDH,0.4943232848272847,anti-toxic
GRLGYGGGG,0.4943232848272847,anti-toxic
GHCHNSGVR,0.49429642761927994,anti-toxic
GVDYYYVFS,0.49429642761927994,anti-toxic
GFYSCFGSS,0.49426217253816634,anti-toxic
GDYLCFVDD,0.4942505813062472,anti-toxic
GLVSVCCCG,0.4942505813062472,anti-toxic
GIVIRLVGY,0.4942335638308075,anti-toxic
GSCICFDGG,0.49422167170517795,anti-toxic
GVCSGLVDS,0.4942178607505677,anti-toxic
GDIVHFGGG,0.4942128924925089,anti-toxic
GICYRSDFD,0.49420530692706593,anti-toxic
GLIYGYRGG,0.4941964557450069,anti-toxic
GCLVRCYDG,0.49419285953517783,anti-toxic
GVRHCFDGG,0.49418983232280744,anti-toxic
GFIHYYGYG,0.4941726711681011,anti-toxic
GVISSSGGG,0.49416913131553375,anti-toxic
GRDYFVRYD,0.4941545940184428,anti-toxic
GGIDLSNYG,0.4941545940184428,anti-toxic
GCLHILDGL,0.4941545940184428,anti-toxic
GRCHCLIYG,0.4941273663778017,anti-toxic
GFDFCFSVS,0.49409406938843703,anti-toxic
GYFHVDLFD,0.4940816860597534,anti-toxic
GFLFINVFS,0.4940763498092584,anti-toxic
GCSCRDGFN,0.49407148341022755,anti-toxic
GYSDSGSFG,0.49400968082629226,anti-toxic
GLYIFDSFC,0.4940040847527176,anti-toxic
GSNDCFHCL,0.49399882124708006,anti-toxic
GCLSNVGGS,0.4939658113673923,anti-toxic
GNRFSYDCG,0.4939658113673923,anti-toxic
GCCLFCGYR,0.49396032227201236,anti-toxic
GFVNDFGLD,0.49395745625659054,anti-toxic
GIFSRYSNR,0.49395648203360243,anti-toxic
GVFNCVFYN,0.49392727421115745,anti-toxic
GRSGGFSCG,0.4939099899669735,anti-toxic
GLVGVRGGG,0.49390767210414216,anti-toxic
GSLIYSGLS,0.49390143488454546,anti-toxic
GVLFVNGYN,0.49390143488454546,anti-toxic
GYNCLDGSG,0.49389146496955544,anti-toxic
GICFIVGYR,0.49389146496955544,anti-toxic
GCVCIFSVD,0.4938838489080735,anti-toxic
GYNGCYGFD,0.4938838489080735,anti-toxic
GCCLYSCFS,0.4938778411131696,anti-toxic
GNIGRDDSY,0.4938729808137822,anti-toxic
GYNRFLVGH,0.4938729808137822,anti-toxic
GHLYRFNID,0.49387088291976083,anti-toxic
GICYGCGVR,0.49386896791021695,anti-toxic
GYRFNNGCG,0.4938627294362864,anti-toxic
GCFDGCSVD,0.49384664545733736,anti-toxic
GNCRFGGLG,0.4938269482225151,anti-toxic
GHLGGVYVR,0.4938269482225151,anti-toxic
GCSIVDVGS,0.4938269482225151,anti-toxic
GCCVFVFYD,0.4938269482225151,anti-toxic
GYLFNYFYD,0.4938269482225151,anti-toxic
GSGYGNGYY,0.4938269482225151,anti-toxic
GCRDVFGCG,0.493813381395533,anti-toxic
GFRRYFSGS,0.49380646215058027,anti-toxic
GSFFSFRGG,0.4938034684029812,anti-toxic
GFLDFSCFD,0.49377043257640724,anti-toxic
GFSVNGRSC,0.4937629260388799,anti-toxic
GDVHYFGDG,0.4937629260388799,anti-toxic
GYLYCCGYR,0.49374699710264586,anti-toxic
GFHYSRGFS,0.49373976675441084,anti-toxic
GFVDCVGYN,0.4937205165391242,anti-toxic
GYCYCVGFV,0.49371559922775005,anti-toxic
GNHGGDCVY,0.49370730786861705,anti-toxic
GFGDRYGFR,0.49369035615285534,anti-toxic
GNVYCGCVD,0.49367610787996147,anti-toxic
GFRVDVYDD,0.4936623741624521,anti-toxic
GRCNRIGNG,0.4936503124036311,anti-toxic
GHLDFCGIG,0.4936503124036311,anti-toxic
GCGFRLDSC,0.4936363427852211,anti-toxic
GCGSGGGLG,0.4936264313461403,anti-toxic
GFFCIYVYN,0.49361543258122065,anti-toxic
GHDRCCGDG,0.49360740428899824,anti-toxic
GLCYRSGYF,0.4936005291141578,anti-toxic
GGCSVRGFV,0.49358936917835,anti-toxic
GFVYGLFFR,0.49358936917835,anti-toxic
GYYYISGGV,0.49358392446946436,anti-toxic
GLCNDSVVD,0.4935559798893428,anti-toxic
GISRVDGCG,0.4935530185045597,anti-toxic
GRDIRHGGR,0.4935481432556931,anti-toxic
GHIRGFDSG,0.4935481432556931,anti-toxic
GSFRYVGLS,0.49353549985529616,anti-toxic
GVFVFNNFR,0.49352677391358535,anti-toxic
GLYHNRDFG,0.49351167090783177,anti-toxic
GNLVRFSVD,0.49351167090783177,anti-toxic
GGFFIDGYG,0.49351167090783177,anti-toxic
GCCHCDFFR,0.49351167090783177,anti-toxic
GCYGVVGYR,0.49351167090783177,anti-toxic
GSYIGIVDN,0.49347536017816696,anti-toxic
GFLCGFIVR,0.4934500382557872,anti-toxic
GCNSVNRYS,0.4934237659420619,anti-toxic
GHHYYNFGN,0.49339995528486125,anti-toxic
GFSHGNVCD,0.49339648870800445,anti-toxic
GFCHILDSN,0.4933888674341157,anti-toxic
GLYIGFCVD,0.493387324754188,anti-toxic
GFCVGLGLD,0.4933824550538874,anti-toxic
GYDSHGSFD,0.493358453590348,anti-toxic
GCSCNHGFG,0.493358453590348,anti-toxic
GDHHDLDHN,0.49333679895785354,anti-toxic
GSFFDGGDG,0.49333679895785354,anti-toxic
GIHFYIDNY,0.49333487689688094,anti-toxic
GYFFFVDCY,0.49333171214260685,anti-toxic
GGYRRGGYR,0.49333171214260685,anti-toxic
GLRHGSGGD,0.4933130454838787,anti-toxic
GVFYFSGGD,0.4932868724872159,anti-toxic
GFFCVCGGG,0.4932829142620881,anti-toxic
GSGCSCFDD,0.4932803219931411,anti-toxic
GFRFSFGCD,0.4932752456722417,anti-toxic
GFDFYFGYN,0.4932735212424487,anti-toxic
GRSCIFHNV,0.49326789067021937,anti-toxic
GYFCVVGFD,0.49326789067021937,anti-toxic
GFFYFCHDF,0.49326789067021937,anti-toxic
GSCCDSGGG,0.49326789067021937,anti-toxic
GRNHFVHVN,0.49326789067021937,anti-toxic
GVRLRCGVH,0.4932352086909058,anti-toxic
GYFSDIDYR,0.49322298703566797,anti-toxic
GRCSGGGFV,0.4932080746131172,anti-toxic
GRIGRDCGS,0.49320362849615407,anti-toxic
GSCFDCDDY,0.4931924071414114,anti-toxic
GLLYCFSVG,0.49316561950951987,anti-toxic
GLFYVYGYL,0.49316561950951987,anti-toxic
GFCVNDVDH,0.49314355786607694,anti-toxic
GYFGHVVDH,0.49314355786607694,anti-toxic
GCVYSSGVY,0.49313392496603536,anti-toxic
GDFSRLDGY,0.49310936010379275,anti-toxic
GLRFFSCVY,0.4930897624195357,anti-toxic
GDLGVVGVG,0.4930897624195357,anti-toxic
GVFYGDVVF,0.4930897624195357,anti-toxic
GFICVHGHR,0.49307376365429095,anti-toxic
GSIYGSCVG,0.49307376365429095,anti-toxic
GSSVNGSFG,0.49304921267873947,anti-toxic
GYICHGGFD,0.4930352777238388,anti-toxic
GDDCLFFCD,0.4930339066608587,anti-toxic
GVYDFVGYV,0.4930239735158698,anti-toxic
GDLIGLVCD,0.49301184983539603,anti-toxic
GSYVVISDG,0.49298339632389726,anti-toxic
GIHDLCCHH,0.49297317799085205,anti-toxic
GVSRRFDGD,0.4929515076908673,anti-toxic
GFYNYFVDY,0.49291552190289434,anti-toxic
GFYSSVGFD,0.49291552190289434,anti-toxic
GRHSNDGGD,0.49291552190289434,anti-toxic
GFGLRFVNN,0.49291552190289434,anti-toxic
GCVCLNSYD,0.49291552190289434,anti-toxic
GFDLCCGSG,0.49291552190289434,anti-toxic
GCFVGCCSG,0.4928957376292922,anti-toxic
GHFSLDRFY,0.49287255435579985,anti-toxic
GHRHCLGYR,0.4928542111832466,anti-toxic
GGNYINVFS,0.4928495146861242,anti-toxic
GCHVGRGYS,0.49284688587242304,anti-toxic
GNLGSCVVD,0.49284094570593884,anti-toxic
GCRSCDGCG,0.49282981998216174,anti-toxic
GCFIYGVVN,0.49282611490681877,anti-toxic
GYNRRGVLG,0.49281765272345973,anti-toxic
GCSNVIVDS,0.4928147925781002,anti-toxic
GCSYVVNDG,0.49280511272932315,anti-toxic
GYRCSCGFI,0.4928014590048248,anti-toxic
GFRFRIGYC,0.4928014590048248,anti-toxic
GLNFFCGFV,0.4928014590048248,anti-toxic
GIRFFNGVD,0.492784056945964,anti-toxic
GVHRSSGFL,0.4927732002624585,anti-toxic
GNGDISGCS,0.49276490824371066,anti-toxic
GLHHDGGIS,0.49276490824371066,anti-toxic
GNVFGLVGD,0.4927603890268375,anti-toxic
GCGDFDGLG,0.4927450432031966,anti-toxic
GHCYRFGCS,0.4927431486194633,anti-toxic
GFVFNDCVG,0.4927361725375937,anti-toxic
GFRIRCSGG,0.49272632805023847,anti-toxic
GLDVDLSFN,0.49272632805023847,anti-toxic
GHVCGFGLG,0.4927153400685581,anti-toxic
GDCLFSGYD,0.4927029970726668,anti-toxic
GVCLSFGLR,0.4927029970726668,anti-toxic
GCDCFNFFY,0.4926976229058476,anti-toxic
GVCVCSHFR,0.49268903194631214,anti-toxic
GFYSFLFSC,0.4926839599235864,anti-toxic
GYYGDLDGF,0.492681337760308,anti-toxic
GSYRGLGCD,0.49267310242581946,anti-toxic
GFYDFVVGN,0.49267310242581946,anti-toxic
GCHLGSDDG,0.49266728269527643,anti-toxic
GFFCDFNFR,0.4926611766646417,anti-toxic
GYYSIDVGG,0.49265476267446423,anti-toxic
GFILFRVIN,0.49263342089790996,anti-toxic
GGFIRCSYG,0.49262550888249906,anti-toxic
GFCCGRGVD,0.4926026972247407,anti-toxic
GVFVSGFVD,0.4925897973247827,anti-toxic
GLFVFGHVD,0.4925753106123991,anti-toxic
GRVGSFGDG,0.49257209502752136,anti-toxic
GCIVRSDCN,0.49257098044737563,anti-toxic
GLIVSFHDN,0.4925657587840199,anti-toxic
GDGVSDIFR,0.49256085101188546,anti-toxic
GRGVRVVVN,0.49256085101188546,anti-toxic
GSGFFDYFY,0.4925571635345926,anti-toxic
GIFCHDFYD,0.4925275857610628,anti-toxic
GSHILDGDG,0.4925201695934769,anti-toxic
GCCYVDCDG,0.4925201695934769,anti-toxic
GYHIHDVSG,0.4925201695934769,anti-toxic
GGHYGCSFS,0.49249611628661666,anti-toxic
GIDHFIHYN,0.49249611628661666,anti-toxic
GCGHYDDFC,0.4924783860009622,anti-toxic
GHLCIVGFD,0.49246570883119356,anti-toxic
GYYVRIGSD,0.4924539974366084,anti-toxic
GYCLVFVDS,0.4924494082691898,anti-toxic
GFRVFCGIS,0.49244727982852937,anti-toxic
GNSCSGDSS,0.4924380128037682,anti-toxic
GHGGCLHGG,0.4924380128037682,anti-toxic
GGHGFLRVD,0.4924251605138723,anti-toxic
GFYIDDCFY,0.49242440516854585,anti-toxic
GSSIGCSDN,0.49242440516854585,anti-toxic
GIIVVDYVF,0.49241489420261275,anti-toxic
GDCYDYCYD,0.4924078719539138,anti-toxic
GYFCGCGFI,0.4924078719539138,anti-toxic
GFFYHSGCG,0.4923612212763993,anti-toxic
GYCRNGVFG,0.4923612212763993,anti-toxic
GDCLGFCDN,0.4923612212763993,anti-toxic
GFYVFCFDD,0.49233452585383175,anti-toxic
GFICYGRYG,0.49232982460319547,anti-toxic
GCCLVDVYS,0.49232982460319547,anti-toxic
GCCSNLGYR,0.49231275361473376,anti-toxic
GCLDRDFYR,0.49229730901287566,anti-toxic
GGFVGLNYN,0.4922946576343189,anti-toxic
GGYDYCVFD,0.49228519598396825,anti-toxic
GFCSDDVHS,0.4922823947979356,anti-toxic
GHRYGFGGD,0.492262815438645,anti-toxic
GGIYFDVGD,0.4922549978487196,anti-toxic
GFCVGCGYN,0.4922549978487196,anti-toxic
GGNVLCRSG,0.4922549978487196,anti-toxic
GVIIRDDSS,0.4922549978487196,anti-toxic
GYVSGVDFR,0.49225060400117676,anti-toxic
GRVRLFGGG,0.49224919367385833,anti-toxic
GGCCHDGYN,0.49223438798506136,anti-toxic
GIDYLCVFD,0.4922262843537965,anti-toxic
GIVRDIGNG,0.4922217606021643,anti-toxic
GCCCYNGID,0.4922142756146204,anti-toxic
GCYLHFDDR,0.4922048206413103,anti-toxic
GGYRCCGVD,0.4922048206413103,anti-toxic
GLRVLSGGS,0.49219197167102136,anti-toxic
GIFGCLNSS,0.4921890529958875,anti-toxic
GDYVHHVDN,0.49218041880586033,anti-toxic
GCCHYFNDG,0.4921762970743704,anti-toxic
GGVFGFRGR,0.49217377196698414,anti-toxic
GFDGCYGFN,0.49216918303232254,anti-toxic
GLCLIIHGF,0.4921582514723108,anti-toxic
GRHVGLCYS,0.4921582514723108,anti-toxic
GCNFYDYDH,0.4921441283041691,anti-toxic
GCYDYFCCN,0.49213217508053947,anti-toxic
GFFDDFCYS,0.4921173329594053,anti-toxic
GLNIGLRGG,0.4920984106893152,anti-toxic
GIINIDHVD,0.4920984106893152,anti-toxic
GFHDSLVLD,0.4920984106893152,anti-toxic
GFCVRGCVD,0.4920984106893152,anti-toxic
GCCRSNIFR,0.4920508799307521,anti-toxic
GVYGIHGVD,0.492046932649558,anti-toxic
GNYVYVGIG,0.4920465015604392,anti-toxic
GHYLVFYDH,0.49200217880726776,anti-toxic
GRFLGDVYR,0.4919885322619351,anti-toxic
GFSGFGGYV,0.4919885322619351,anti-toxic
GFSIYGCVY,0.4919703757585815,anti-toxic
GLISSGFIY,0.4919588446940904,anti-toxic
GGHGHINDG,0.4919450310366868,anti-toxic
GGHLGFGGN,0.4919450310366868,anti-toxic
GGCLFLGYR,0.49192171258615086,anti-toxic
GLDHRYDSD,0.4919071757756558,anti-toxic
GFFYGIGGG,0.4919071757756558,anti-toxic
GVGFGICYD,0.4919071757756558,anti-toxic
GCCVRDRVD,0.49189724598058937,anti-toxic
GVIGCVGFR,0.4918662474569872,anti-toxic
GFVCGGNYG,0.4918445115403688,anti-toxic
GNYVGCYDG,0.4918359098611698,anti-toxic
GNSLDCSFR,0.49183204238399464,anti-toxic
GFFYCYDFD,0.49182670492350644,anti-toxic
GVFIRVGGG,0.49182670492350644,anti-toxic
GYHYDFGYD,0.49181828523631155,anti-toxic
GFRVRDGLF,0.4918062122783039,anti-toxic
GCGFRCDGG,0.49179476132759853,anti-toxic
GSGFICLYL,0.49178237626851184,anti-toxic
GLGRICGFG,0.49178237626851184,anti-toxic
GCDRDFRSG,0.49177354259145634,anti-toxic
GIYCIDDVG,0.49177354259145634,anti-toxic
GNFCSDGFL,0.491730208478279,anti-toxic
GVFIGVGVR,0.4917207632899509,anti-toxic
GCFLYDSYN,0.49170325459265957,anti-toxic
GSGRRSIYV,0.49170325459265957,anti-toxic
GYVRCFRFG,0.4916980748933089,anti-toxic
GLSCRDNDD,0.49169250086961724,anti-toxic
GLYHRDRGI,0.49169250086961724,anti-toxic
GYGFNSGVS,0.4916729045117986,anti-toxic
GVVGVDGFD,0.4916475079162589,anti-toxic
GSCFYVGVD,0.4916475079162589,anti-toxic
GLNSFDDLY,0.4916475079162589,anti-toxic
GCVHGVGFV,0.4916327608243916,anti-toxic
GCGSYVGSS,0.49162930880540057,anti-toxic
GDDGRYCVD,0.4916259436032426,anti-toxic
GLCLRCDDG,0.49162325256543615,anti-toxic
GNFGRLHCY,0.4916210515498955,anti-toxic
GINYDYSVG,0.4916083664190576,anti-toxic
GYFLSVGID,0.4915990780882853,anti-toxic
GRCCYGGYS,0.4915863870264383,anti-toxic
GLFCLFVDS,0.4915863870264383,anti-toxic
GGVCDVGYS,0.4915805371152467,anti-toxic
GCCGGSSFG,0.49156468261193553,anti-toxic
GCICRIGCD,0.49155856987775187,anti-toxic
GGYINGVDS,0.4915553303754473,anti-toxic
GHCGFGYCG,0.49153899307409105,anti-toxic
GRCLILRGG,0.49153280583791154,anti-toxic
GHILVDGVH,0.49151907542030493,anti-toxic
GRGFGCHFY,0.49150913721776435,anti-toxic
GGYCGDCIG,0.49150718833991813,anti-toxic
GSVFYNGHG,0.4915031808796366,anti-toxic
GYDSFICDG,0.4914887455376299,anti-toxic
GLFRCDVYY,0.491481076567027,anti-toxic
GIDVCFHHL,0.4914794047665296,anti-toxic
GGRFVFGYV,0.4914794047665296,anti-toxic
GFFSIFVYD,0.4914794047665296,anti-toxic
GYSNRFRDG,0.49147028102871343,anti-toxic
GRFLRIGLD,0.49146494568289545,anti-toxic
GYCHLFVHD,0.4914557071438515,anti-toxic
GVVFSDNFV,0.49144979495677854,anti-toxic
GFSFDYDVY,0.4914471092110655,anti-toxic
GFSHLRGGG,0.4914399521427831,anti-toxic
GFFSSDLIY,0.49142871975953933,anti-toxic
GFYFVYRLD,0.4914147568781292,anti-toxic
GYSGDSGHR,0.4914137706353307,anti-toxic
GFFFDDDFF,0.4914080292876911,anti-toxic
GLSNYGDVG,0.49140183381137076,anti-toxic
GFYVSCGDR,0.4913616938342727,anti-toxic
GFYVGSCVS,0.4913616938342727,anti-toxic
GHRFCYDYD,0.4913616938342727,anti-toxic
GYLGCDYFS,0.4913616938342727,anti-toxic
GFYYSYVDG,0.4913616938342727,anti-toxic
GCDVFSGGG,0.4913616938342727,anti-toxic
GYYGGIGGS,0.4913616938342727,anti-toxic
GCVNIFGFN,0.4913616938342727,anti-toxic
GCHCFDHYY,0.49135216993690484,anti-toxic
GCGVRDVIF,0.49133427711876193,anti-toxic
GGSVFVDCS,0.49133062953170203,anti-toxic
GCDVDCDFG,0.49132992509998374,anti-toxic
GRSRVDGGD,0.4913010424157112,anti-toxic
GCGYYFYVD,0.49128833947519224,anti-toxic
GRCVRFFVN,0.49127975920863526,anti-toxic
GHRCRGGFC,0.49127466959154026,anti-toxic
GLRRSGCVD,0.4912623243150419,anti-toxic
GDIGRCGFY,0.4912547379214299,anti-toxic
GLCFDCGIR,0.49123255482591605,anti-toxic
GYIYYYRGG,0.4912229637638059,anti-toxic
GHCDNIGCS,0.49122016067939345,anti-toxic
GGRVFVNSG,0.4912146427107393,anti-toxic
GDYVRSIDH,0.49119388298137207,anti-toxic
GVSVLVVYD,0.4911925011739211,anti-toxic
GLCIVCGFR,0.4911887026023884,anti-toxic
GIGYLLFGD,0.49118319219513695,anti-toxic
GFFIHFGVS,0.4911697404689806,anti-toxic
GLCVSGDYD,0.49115254647559375,anti-toxic
GHGVSYSYG,0.49114937680149195,anti-toxic
GFGCFDGCV,0.49114004590425087,anti-toxic
GFVFVNHFV,0.49113808043437673,anti-toxic
GLGLRDVLF,0.49113196916247714,anti-toxic
GVVIGYGFG,0.4911284928181529,anti-toxic
GRNFGCGLG,0.49111584356905835,anti-toxic
GSCVCSSFG,0.49111391099214413,anti-toxic
GHHISYDFG,0.49111145212069207,anti-toxic
GCYRCLVGN,0.49111145212069207,anti-toxic
GLNINRYRV,0.49108691085648626,anti-toxic
GVCFVNGID,0.491073883650429,anti-toxic
GGDGGSVYV,0.49105955975392324,anti-toxic
GDYDHCGSG,0.4910437354237229,anti-toxic
GFIVGDGFF,0.4910437354237229,anti-toxic
GIGVYVGIG,0.4910357692546957,anti-toxic
GDSICCGCG,0.4910357692546957,anti-toxic
GYDGRLDGH,0.49100976178019956,anti-toxic
GFGCNLGGG,0.4909976582036509,anti-toxic
GFCLDNDFG,0.4909976582036509,anti-toxic
GYCDVIGHS,0.4909782860564521,anti-toxic
GFCDVDVGS,0.49096448189395187,anti-toxic
GNYDDYNCG,0.4909583555355785,anti-toxic
GVSFCCGCD,0.4909359630559402,anti-toxic
GCNGDDDLD,0.4909145159653976,anti-toxic
GCHYVGVCV,0.49090953920529573,anti-toxic
GCFFSNCDS,0.49090953920529573,anti-toxic
GSFFRHVSN,0.4908783387683483,anti-toxic
GSDGFCFYD,0.4908783387683483,anti-toxic
GLDCVVDGG,0.4908746042029117,anti-toxic
GGVDSSGFI,0.49086985405135,anti-toxic
GFHCVFHCR,0.49084251328002904,anti-toxic
GSCFHDHLR,0.49084251328002904,anti-toxic
GFFVIVVDS,0.49082253239705054,anti-toxic
GVCCRLNSG,0.4908072921225625,anti-toxic
GCYVCYDGH,0.49078557902694503,anti-toxic
GLCCGDSFY,0.4907589255461121,anti-toxic
GICSFCGGG,0.4907488244689866,anti-toxic
GCRFLNGDN,0.49074078284727446,anti-toxic
GYFVCLDYV,0.4907386026486198,anti-toxic
GHCVCGIIV,0.4907366168530597,anti-toxic
GGIVVDHGS,0.4907366168530597,anti-toxic
GRVGCDGCG,0.49072763575471884,anti-toxic
GVVCRLVGN,0.490713372039079,anti-toxic
GGSYDYCYD,0.49069406190893633,anti-toxic
GIIFRCHDD,0.49069406190893633,anti-toxic
GGRVSIVDH,0.4906836382993424,anti-toxic
GSYFGLSYD,0.49065440755519224,anti-toxic
GNHLYCGYD,0.4906452894363259,anti-toxic
GLCNIDNDG,0.49063331717397424,anti-toxic
GNFSDIGGD,0.4906237251233095,anti-toxic
GYICCGGYD,0.4906237251233095,anti-toxic
GLNNYIDYR,0.4906237251233095,anti-toxic
GCDSCYGVS,0.4906149842536007,anti-toxic
GSRYHDVYR,0.4906115669933301,anti-toxic
GHYGCVGCG,0.4905983285277698,anti-toxic
GYDVYGCVD,0.4905888294194698,anti-toxic
GVRHYLDGF,0.4905781830942043,anti-toxic
GFCYLNGLD,0.49057723756878246,anti-toxic
GSVYCCHSC,0.49056797844690886,anti-toxic
GCFSRDVFC,0.49054878862378737,anti-toxic
GHDYGNGFR,0.49054878862378737,anti-toxic
GFIVGIDDY,0.4905430423535927,anti-toxic
GCYDCYGFY,0.4905264696124556,anti-toxic
GYNDVCGFV,0.4905203093633487,anti-toxic
GLINVNYHY,0.4905169270207418,anti-toxic
GVRCCYGVF,0.49048521627764397,anti-toxic
GFFVLCCLG,0.49048521627764397,anti-toxic
GICCYFCDS,0.49047494258950336,anti-toxic
GNNGFYVDI,0.4904595616430319,anti-toxic
GFCSCYGGG,0.49045691333639096,anti-toxic
GIFFGCGDG,0.49042672149919964,anti-toxic
GFCLRGVFS,0.4904243608887819,anti-toxic
GNGFHSGIG,0.49040346672786783,anti-toxic
GFCFFDHDV,0.49040107746849315,anti-toxic
GHGHRCGGD,0.49039444514513597,anti-toxic
GRCYYIGLG,0.4903831853874993,anti-toxic
GRHLLCDGG,0.4903727193253498,anti-toxic
GCYGRCGVS,0.49036873659828045,anti-toxic
GFCDSFVYS,0.49035986067512743,anti-toxic
GGHLYCGLD,0.49035986067512743,anti-toxic
GISYVDYFN,0.4903522622028559,anti-toxic
GGNYYCSVS,0.4903495204534176,anti-toxic
GFHVFGSFG,0.4903436831227647,anti-toxic
GICDFLCLR,0.49031247275605405,anti-toxic
GFVCLLFYN,0.49030085728098693,anti-toxic
GVCGLLFDG,0.49029867585582504,anti-toxic
GCHVHNGYV,0.49029760168796066,anti-toxic
GIILFNYSG,0.4902969623854732,anti-toxic
GCSYCFGFV,0.49026278632046255,anti-toxic
GLYYCSVYD,0.49026057732270356,anti-toxic
GHYGGNGFG,0.4902584229185609,anti-toxic
GCGHVRSRY,0.49024954346490507,anti-toxic
GYLFYLHLF,0.49023302738378943,anti-toxic
GILIVDDSN,0.4902243003900104,anti-toxic
GFLFDNVHR,0.49021655280981014,anti-toxic
GFYVFDGLY,0.49020340293071496,anti-toxic
GFNLFRVHF,0.49018653470180606,anti-toxic
GRVSRFFLD,0.4901837275589043,anti-toxic
GCCVNDDGD,0.490174467252457,anti-toxic
GIFSCYDDR,0.4901734728963367,anti-toxic
GDILGCVVD,0.49015490047171417,anti-toxic
GLNFYGDGG,0.49014873978567614,anti-toxic
GGNIRGRGG,0.4900997484642868,anti-toxic
GFRNVDRYD,0.49008623188403005,anti-toxic
GSVILYCCC,0.49008623188403005,anti-toxic
GYVFCCYGY,0.49008623188403005,anti-toxic
GVVHCIGYS,0.49008623188403005,anti-toxic
GNYFCCSGG,0.49008623188403005,anti-toxic
GGYDNSGGG,0.49008623188403005,anti-toxic
GDFFRIGCG,0.49008623188403005,anti-toxic
GFCNVIHDG,0.49008623188403005,anti-toxic
GHCNCLVFG,0.49008623188403005,anti-toxic
GYCDYHSCG,0.49008623188403005,anti-toxic
GVIDGHGVG,0.49008623188403005,anti-toxic
GCGYGCYDD,0.49008623188403005,anti-toxic
GHCVRLGGS,0.49008623188403005,anti-toxic
GRDFCYFHV,0.4900038152442717,anti-toxic
GNNVFDVYY,0.489978274519617,anti-toxic
GYFGLLDSV,0.4899651404342275,anti-toxic
GSLVDYGDD,0.4899564395306968,anti-toxic
GFCLGDGVR,0.4899426871853499,anti-toxic
GVFIGNFGV,0.48993323047962806,anti-toxic
GLFCGVDFR,0.489922439884388,anti-toxic
GFSLYLGGG,0.489922439884388,anti-toxic
GFYDVFGHG,0.4899114850240831,anti-toxic
GYYYRYYDR,0.4898955427560913,anti-toxic
GDDVIFDRY,0.4898955427560913,anti-toxic
GVLRFLGLG,0.4898955427560913,anti-toxic
GCCGNRIVC,0.4898955427560913,anti-toxic
GFRFFCDGD,0.4898784851774122,anti-toxic
GSVGGDGCS,0.489858076122595,anti-toxic
GLCGSNGVS,0.489858076122595,anti-toxic
GFHHCDSSG,0.48982368609352345,anti-toxic
GSNIRSGYC,0.4898179083014506,anti-toxic
GLSFCDGLS,0.4898022864787514,anti-toxic
GGFLLDVFY,0.4898022864787514,anti-toxic
GVCVSFNSG,0.48979387611270475,anti-toxic
GSGVLGRYG,0.48979200865735717,anti-toxic
GSYFHGHYR,0.4897837983885886,anti-toxic
GVRCYLLYG,0.48976508940092445,anti-toxic
GGCLCYGDD,0.4897385181089278,anti-toxic
GLVVGCDFG,0.48972699270569475,anti-toxic
GRYFCSGVI,0.48971038202768297,anti-toxic
GNCGGCGFC,0.48971038202768297,anti-toxic
GLYNDSDSS,0.48971038202768297,anti-toxic
GLVGCIDFG,0.4897026218496788,anti-toxic
GRNCSDGFH,0.48969453446680966,anti-toxic
GLFYNFCVY,0.48967729166369856,anti-toxic
GGYLFIDDC,0.48966492758398633,anti-toxic
GFVVSNSFF,0.4896455474404306,anti-toxic
GCCFDSGYF,0.4896378121416584,anti-toxic
GRCGRDCFG,0.4896378121416584,anti-toxic
GFNVHIGIS,0.4896378121416584,anti-toxic
GSSCCCDFG,0.4896310515896318,anti-toxic
GCDNCLFDS,0.48962509245908536,anti-toxic
GSVVIIGFR,0.48960696626772215,anti-toxic
GRYDNDSFH,0.48960696626772215,anti-toxic
GCYIFGGYD,0.48958989527926045,anti-toxic
GGLCVHGFV,0.4895660741739202,anti-toxic
GCVVSDSDG,0.4895618798953066,anti-toxic
GNYDCGGCG,0.4895558929710103,anti-toxic
GYYYFDFFG,0.48954416611116663,anti-toxic
GIHHIVDIY,0.4895305127014824,anti-toxic
GLYDIFGGN,0.4895305127014824,anti-toxic
GIVVRVFDD,0.48948234606450036,anti-toxic
GCVRGVGYI,0.48947169310609173,anti-toxic
GHYGFDCDG,0.48946437984283425,anti-toxic
GFGHCVDFR,0.48945999604098195,anti-toxic
GFINGCVVG,0.48945498979338786,anti-toxic
GSVCLYGGG,0.48944249193062916,anti-toxic
GLCIYGGVS,0.4894338814076682,anti-toxic
GCGCLRGFS,0.48943278886904484,anti-toxic
GVGNNGHGV,0.48941870257661385,anti-toxic
GFCFYDFHR,0.4894115581735804,anti-toxic
GHVCGSSVG,0.4893989481800572,anti-toxic
GDYFVNLFG,0.4893952301759573,anti-toxic
GFDCVSNDR,0.48938712597859185,anti-toxic
GFDVDCRYR,0.48938228242867066,anti-toxic
GDFCYFGFG,0.4893803806519696,anti-toxic
GCDGINHDY,0.489379123869201,anti-toxic
GIYNCVGFG,0.48937798893205214,anti-toxic
GFCDCYNYD,0.48936898237021276,anti-toxic
GLSVVDVFS,0.4893557111366741,anti-toxic
GLVFYSCVD,0.4893557111366741,anti-toxic
GGICFIDGG,0.4893375970417869,anti-toxic
GRVHFCSVC,0.4893066687921012,anti-toxic
GFNFIYDVY,0.4893066687921012,anti-toxic
GCLLGFHVF,0.48927743166964466,anti-toxic
GYNFDCGVR,0.48927014429925747,anti-toxic
GYGHCIRDG,0.48925801807993474,anti-toxic
GVNFFVDGG,0.48924591604522766,anti-toxic
GFYVRYGCG,0.48924188739551583,anti-toxic
GHVSDFVDR,0.4892193763429306,anti-toxic
GCVHGGVVN,0.4892193763429306,anti-toxic
GLCCGHGFG,0.4892193763429306,anti-toxic
GRFYVNSYD,0.48920102031334556,anti-toxic
GGNVGLGLD,0.489195632077765,anti-toxic
GVHCFDSFD,0.48918576612104303,anti-toxic
GHYCGSSLG,0.48916903094775654,anti-toxic
GGCGFDDCD,0.48916447486482173,anti-toxic
GLRGIGGGG,0.4891618729357757,anti-toxic
GRLLFRLCG,0.4891440150652617,anti-toxic
GLSVSLLYD,0.4890961984418274,anti-toxic
GFCCDGDYG,0.48908192753937413,anti-toxic
GRHGSLGGG,0.48906723920185446,anti-toxic
GRCCVVDYG,0.48904627437124754,anti-toxic
GGDGLYGGG,0.48902772792099386,anti-toxic
GRFYICHFH,0.4890204780193702,anti-toxic
GLCGISIVG,0.4890204780193702,anti-toxic
GFSGVNNGG,0.4890204780193702,anti-toxic
GGYFFIYDR,0.4890204780193702,anti-toxic
GFVIRCVDH,0.4890204780193702,anti-toxic
GVFRRIGCD,0.4890204780193702,anti-toxic
GCYDHVGHR,0.4890204780193702,anti-toxic
GVFVGNGHR,0.4889972344494589,anti-toxic
GCDLGSGYC,0.4889879624290504,anti-toxic
GYYDYGFGC,0.48898297579734407,anti-toxic
GRFVDSDCG,0.48896921871191573,anti-toxic
GDISSYGDG,0.4889484616885687,anti-toxic
GYLRSVCDD,0.4889419579537245,anti-toxic
GFCVSNVYG,0.48893952089696163,anti-toxic
GFCGRCGVS,0.48893221575264967,anti-toxic
GCDFCFGFR,0.4889253485681534,anti-toxic
GCSVCFGYV,0.48891277944922046,anti-toxic
GIYFHDVLG,0.48888857384769463,anti-toxic
GVVVRDGSG,0.488886567391277,anti-toxic
GCNYSNHYS,0.48888449894966773,anti-toxic
GFVYYNCFD,0.48885033326424454,anti-toxic
GFRSGNGFS,0.4888280142529128,anti-toxic
GNRFYSCDD,0.4888224477665612,anti-toxic
GCCCFDSGG,0.4888145048203928,anti-toxic
GVLDDLCLF,0.48880701304485713,anti-toxic
GRDLYDGVG,0.48879469455605584,anti-toxic
GFCVNDRFY,0.4887808672646558,anti-toxic
GCFSIFSGR,0.4887808672646558,anti-toxic
GLFIIDDGY,0.4887721779861988,anti-toxic
GGLRRIGLR,0.4887595621317366,anti-toxic
GCRYVRDGH,0.48875483822767446,anti-toxic
GSGCICSVY,0.48873409852867444,anti-toxic
GHGYYNNYG,0.4886679332271647,anti-toxic
GFYDSLRVD,0.48866464474923593,anti-toxic
GFYVYGGGD,0.4886309013451629,anti-toxic
GGDVCCGFS,0.4886155414101703,anti-toxic
GSFFFCYDG,0.4885918838052671,anti-toxic
GLRRSGVLG,0.4885918838052671,anti-toxic
GSVDVFVVN,0.4885874189934083,anti-toxic
GVHHVVHDG,0.488585531080759,anti-toxic
GRDYSNGGG,0.4885789871997059,anti-toxic
GSYGGLYYD,0.4885507165004443,anti-toxic
GLIHLIVYG,0.4885507165004443,anti-toxic
GFSHFLVSS,0.4885507165004443,anti-toxic
GHRVIDVIY,0.48852423593692257,anti-toxic
GDGVDDFFY,0.48851520494530687,anti-toxic
GIYSRDYNR,0.4885116146495701,anti-toxic
GCCHDNGGD,0.4885034167501425,anti-toxic
GFRDGDDLG,0.488495953940394,anti-toxic
GSNYFGHGD,0.4884945915996291,anti-toxic
GIIRVCGVD,0.488490425269702,anti-toxic
GCFVHRGYG,0.4884866187242371,anti-toxic
GSSYIFVVD,0.48847344677656757,anti-toxic
GLCDCLGFN,0.4884567031908655,anti-toxic
GVCVVIDNY,0.4884513185525587,anti-toxic
GFYCGYCYD,0.4884390152441949,anti-toxic
GNFRFFVDG,0.4884390152441949,anti-toxic
GCHYDYCFD,0.4884390152441949,anti-toxic
GRFHGDGGN,0.48842323591483583,anti-toxic
GHDLSCGCG,0.4884206103035745,anti-toxic
GGSCYFYDG,0.4884135474103061,anti-toxic
GRYRHDGYH,0.4884022651293515,anti-toxic
GGNGRDVGS,0.4884022651293515,anti-toxic
GRYGIGFVD,0.48839589815532386,anti-toxic
GFNVYYDSC,0.488394350518537,anti-toxic
GHCVSSCVG,0.4883918088946087,anti-toxic
GCFYVFYDD,0.4883898088478717,anti-toxic
GCFGSFGDN,0.4883839794308623,anti-toxic
GLDRDFFVD,0.4883730364399099,anti-toxic
GCGDLLVDR,0.4883678941521737,anti-toxic
GYIVFCGDS,0.4883605561754752,anti-toxic
GYYVLVYDG,0.4883492344824936,anti-toxic
GIFRHCDFR,0.4883492344824936,anti-toxic
GCVDGVFCS,0.4883439588284109,anti-toxic
GIYGSYCCD,0.4883294763112974,anti-toxic
GGFFFFLDG,0.4883191545211363,anti-toxic
GGFCFNCYG,0.4882953242661492,anti-toxic
GCRHVNRDG,0.48828625217770577,anti-toxic
GFHCDNGCD,0.48828250930840705,anti-toxic
GFRRSIGYV,0.4882775384914081,anti-toxic
GCGHGYGFG,0.48827061685713075,anti-toxic
GGVCRCGYR,0.4882660265643872,anti-toxic
GCFGIDDGN,0.4882660265643872,anti-toxic
GNCFDCGFV,0.488257620837622,anti-toxic
GFCDCSYLD,0.488257620837622,anti-toxic
GLLGFRNGG,0.4882372596251237,anti-toxic
GNYVYNRDN,0.48823387332657586,anti-toxic
GFCRLLHGY,0.4882220375125793,anti-toxic
GVCLYGFLY,0.4882007964638661,anti-toxic
GHDVIIDFH,0.488196759763333,anti-toxic
GCGHDNSLH,0.4881930925873654,anti-toxic
GFILRSGGG,0.4881866808698225,anti-toxic
GHSLHSFRH,0.4881476589477059,anti-toxic
GGNVGVDGG,0.4881420059486118,anti-toxic
GRDRRFYVD,0.4881166390211256,anti-toxic
GGRSVGIYR,0.4881166390211256,anti-toxic
GSRISLNDG,0.4881166390211256,anti-toxic
GCVYICGYV,0.4881166390211256,anti-toxic
GHRCFYGVR,0.4881166390211256,anti-toxic
GFRCHHRFR,0.4881166390211256,anti-toxic
GNGDGGLFD,0.4881166390211256,anti-toxic
GFFYFDDHC,0.4881166390211256,anti-toxic
GCCLCYGYD,0.488088869943978,anti-toxic
GVFDVCGVD,0.4880846102234487,anti-toxic
GGRVGFGSG,0.48807701180435437,anti-toxic
GCNGSVDDS,0.4880573051209168,anti-toxic
GNFGIGFFH,0.4880412341278199,anti-toxic
GCVVYDGFY,0.4880412341278199,anti-toxic
GGCLNNGCG,0.4880412341278199,anti-toxic
GGYCRNGYV,0.4880337504853452,anti-toxic
GFDVCFSVF,0.48801925265859103,anti-toxic
GCLCYYCVD,0.4880063980046933,anti-toxic
GGGDCFDFG,0.4880063980046933,anti-toxic
GFYDYGDCD,0.48799860817873497,anti-toxic
GLYYGSGIG,0.487983562727177,anti-toxic
GCRDYSVRV,0.48797918230787074,anti-toxic
GLNCFIGFN,0.487966856477167,anti-toxic
GCDRSIGYI,0.48794794821228366,anti-toxic
GSRRFLDFD,0.4879473375753081,anti-toxic
GVICCCDSG,0.48793229282989425,anti-toxic
GRLGVSGFF,0.4879229178001091,anti-toxic
GNCGDGVFS,0.48791173480316874,anti-toxic
GFHDCDVYY,0.48791173480316874,anti-toxic
GSCVFSGYR,0.48791173480316874,anti-toxic
GLDFYVGVR,0.48791173480316874,anti-toxic
GIYGNCGCD,0.48791173480316874,anti-toxic
GCYVSLGID,0.48789834573585456,anti-toxic
GFDYYVGFL,0.48787166704025603,anti-toxic
GFYYCCNYI,0.48787166704025603,anti-toxic
GFLRYGGFN,0.48786819694567696,anti-toxic
GYYGYLDGI,0.48786723342806765,anti-toxic
GLDFCYGVV,0.4878602737073443,anti-toxic
GGFRYCCCG,0.48784512011143555,anti-toxic
GCVCCIISC,0.48784512011143555,anti-toxic
GYRGIVGCG,0.48784512011143555,anti-toxic
GLVGIGGHS,0.48784512011143555,anti-toxic
GRCHVYGHG,0.4878262381531315,anti-toxic
GHCSNVGSG,0.4878262381531315,anti-toxic
GFIIYGGID,0.48781731725736227,anti-toxic
GGIVIRGFC,0.48780582430171393,anti-toxic
GFYGRDCVS,0.487792417668327,anti-toxic
GSLVDDIFR,0.48778527108193226,anti-toxic
GRDHHCFFY,0.48777932290171905,anti-toxic
GVSDRFVGN,0.48776998915684916,anti-toxic
GDFYNDYGR,0.48776998915684916,anti-toxic
GNGCHVGVR,0.48776299957003494,anti-toxic
GHCRYFGCG,0.4877575695654474,anti-toxic
GISILIGCD,0.4877575695654474,anti-toxic
GCCYVGGSG,0.487734767047215,anti-toxic
GHLGYCRDS,0.48772113240778675,anti-toxic
GRFFCYVVN,0.4877143282170866,anti-toxic
GNCDLVSDG,0.48769590365853205,anti-toxic
GFFFGDNYD,0.4876592461595705,anti-toxic
GFYCHHRGG,0.4876592461595705,anti-toxic
GDNVSSVVD,0.48765348135437364,anti-toxic
GLVSRYGGR,0.4876373734048177,anti-toxic
GCVYCYGFD,0.48763191939674383,anti-toxic
GLYGCDSYG,0.4876183090962216,anti-toxic
GFDRFDGFG,0.4876183090962216,anti-toxic
GVYFIIGVD,0.4876160968014427,anti-toxic
GCRSFLVFS,0.4875899647938359,anti-toxic
GLRFCCCSG,0.48758668839782743,anti-toxic
GLCRLFDGG,0.48758668839782743,anti-toxic
GDYYDFSSG,0.4875673240245368,anti-toxic
GCYDSGVLD,0.48754742942978285,anti-toxic
GCDVFNVFD,0.48754338496259764,anti-toxic
GGYDDFCIS,0.4875240151194297,anti-toxic
GRHRYYRDG,0.4875240151194297,anti-toxic
GHIHNCGGG,0.4875240151194297,anti-toxic
GCYCCFVVN,0.4875165447358961,anti-toxic
GLCVVISDG,0.48750329051338426,anti-toxic
GSYCFIDDF,0.48750329051338426,anti-toxic
GRCNFNFYD,0.487499694660864,anti-toxic
GCFDCSGFY,0.4874945890481231,anti-toxic
GCYNSFCVS,0.4874867701914961,anti-toxic
GFDCRFDDR,0.487477500595391,anti-toxic
GGIGDDLYG,0.4874757858226835,anti-toxic
GLDCVYSHR,0.4874693352979029,anti-toxic
GGDDVDIFR,0.4874674437343404,anti-toxic
GFYYHDYID,0.48746208805788127,anti-toxic
GYIFYRDDG,0.48745811807326683,anti-toxic
GFHLRYVCN,0.48744979102013936,anti-toxic
GYYDFGGYG,0.48744979102013936,anti-toxic
GDLVCDDFN,0.48744979102013936,anti-toxic
GFYVRLGCD,0.4874291619033131,anti-toxic
GFVFFDVFY,0.4874212113594744,anti-toxic
GGSGGSGRR,0.4874212113594744,anti-toxic
GSSDCDDVH,0.4874212113594744,anti-toxic
GFSLIVGCD,0.4874212113594744,anti-toxic
GYDCFIGDS,0.48741495130395174,anti-toxic
GCNICVNSS,0.4873984612621971,anti-toxic
GFCLCCGGG,0.487396216712873,anti-toxic
GSFDGDSGG,0.48738874195779924,anti-toxic
GFCVYDGDS,0.4873594399588067,anti-toxic
GYFYSCVGG,0.4873404199013485,anti-toxic
GIFYYYGFR,0.4873404199013485,anti-toxic
GLGCNFVLS,0.4873404199013485,anti-toxic
GFINCDYVD,0.4873404199013485,anti-toxic
GCNFVFVDH,0.4873404199013485,anti-toxic
GLRYVDHDD,0.4873404199013485,anti-toxic
GFCSVLGSG,0.4873404199013485,anti-toxic
GGFHNNGID,0.4873209592116357,anti-toxic
GRIVRSDDG,0.48732041969494355,anti-toxic
GLHCNVGDD,0.4873061816986501,anti-toxic
GFDYLCGSG,0.4873061816986501,anti-toxic
GNFLVYVDH,0.48728914849087596,anti-toxic
GCRYCFRDD,0.4872806532347843,anti-toxic
GYYVCCSSG,0.48727525455020165,anti-toxic
GFLVFDDFG,0.48727217216302887,anti-toxic
GLRDHSGLS,0.4872537170697762,anti-toxic
GCVFCYGVG,0.487251031307454,anti-toxic
GICCIIGFD,0.48723062480990204,anti-toxic
GCYGRCGDS,0.48721091506010167,anti-toxic
GYYLGDHGD,0.4871907663912862,anti-toxic
GSDCLYLDG,0.48716689976834077,anti-toxic
GFRFFDCLY,0.48716319301380306,anti-toxic
GFYDSLLYG,0.48716319301380306,anti-toxic
GRVDFGRFG,0.48715562684193897,anti-toxic
GFLVYDFDR,0.48715159621058995,anti-toxic
GYFCCNFYD,0.4871112174900713,anti-toxic
GNCNYGRGG,0.4871054756262634,anti-toxic
GNCISYGHS,0.4871054756262634,anti-toxic
GYCFHSHYR,0.4871054756262634,anti-toxic
GSSGDDVGN,0.4871054756262634,anti-toxic
GLFRCDHYF,0.4871054756262634,anti-toxic
GRCHRYVIY,0.48705977725384225,anti-toxic
GIHCLDVDS,0.48705472546764256,anti-toxic
GICHCINDS,0.48705439329334027,anti-toxic
GRYCCGCVD,0.4870527838402318,anti-toxic
GYCGCFNSS,0.4870403200516301,anti-toxic
GRNGLVLDG,0.4870403200516301,anti-toxic
GLCFISVFD,0.4870295433799115,anti-toxic
GRCVSNCVG,0.4870257770751786,anti-toxic
GFCVSHGFR,0.48701796389205154,anti-toxic
GFFHSFCCD,0.48701527254850957,anti-toxic
GGCDVNVFN,0.4870016333203342,anti-toxic
GHGSYVGYH,0.4869920087459567,anti-toxic
GIDVDFRCG,0.4869920087459567,anti-toxic
GLRICVVDS,0.4869920087459567,anti-toxic
GIVGRVLHL,0.4869547574287058,anti-toxic
GNVCGGSVD,0.48695012077506167,anti-toxic
GYGVVFLLG,0.4869441657845309,anti-toxic
GLYCDGDFG,0.48693148589166746,anti-toxic
GNDDFIGVG,0.48692798446493546,anti-toxic
GFYFYSYVD,0.48692515821370685,anti-toxic
GVYCGIGFC,0.4869108229334857,anti-toxic
GDYHHVGCG,0.48690858683215754,anti-toxic
GCCVVYGSS,0.4868674024476928,anti-toxic
GGGCHFVVD,0.48686343524944387,anti-toxic
GGDRSGCCD,0.4868592071297844,anti-toxic
GGDNCSVCD,0.4868592071297844,anti-toxic
GFCHVRGFG,0.4868498579132316,anti-toxic
GRCICLGFD,0.4868498579132316,anti-toxic
GVRCFDGNV,0.4868498579132316,anti-toxic
GFLYCCCYD,0.4868265632270403,anti-toxic
GYFVFNCDD,0.4868265632270403,anti-toxic
GCFGVLDGS,0.4868265632270403,anti-toxic
GRFVCRDSG,0.4867879856772576,anti-toxic
GDCFCFSSG,0.4867839427161125,anti-toxic
GDHVYCGHG,0.4867726403958433,anti-toxic
GGYGYGVCD,0.4867726403958433,anti-toxic
GYCVHFVVN,0.4867726403958433,anti-toxic
GICGFCVDN,0.48676835244400646,anti-toxic
GRVFIIGYS,0.4867669991454531,anti-toxic
GCHHCIDGH,0.486764397715146,anti-toxic
GFSNIFHDN,0.4867573437584008,anti-toxic
GLVLRCCDN,0.486745903063944,anti-toxic
GVRRYNGGG,0.486745903063944,anti-toxic
GYHCLGGIS,0.4867340044219919,anti-toxic
GFRVDCGLS,0.4867299316575762,anti-toxic
GFFVLDDCS,0.48668273873663204,anti-toxic
GNYHIFYGY,0.48666657262589286,anti-toxic
GYCDIIDYY,0.48666657262589286,anti-toxic
GGGLGDGLG,0.48666657262589286,anti-toxic
GFCVGIYDG,0.4866366944323615,anti-toxic
GVNFRIDHR,0.48663173290970524,anti-toxic
GLFSNFSLD,0.486628192131687,anti-toxic
GLNCSLYYG,0.4866184006462635,anti-toxic
GRYGGVGDH,0.48658338241743937,anti-toxic
GFCILCGVD,0.48657749571410414,anti-toxic
GLCVGDGFV,0.486562810952504,anti-toxic
GLVVIFGID,0.486562810952504,anti-toxic
GVCYNFHDD,0.48652872324149365,anti-toxic
GFFHCLCDG,0.48652872324149365,anti-toxic
GFCNRSRVD,0.4865183975247847,anti-toxic
GFRSFGGFG,0.48651177152573194,anti-toxic
GICVRDIVN,0.4865037630712576,anti-toxic
GYFDCNGGG,0.4865021427689743,anti-toxic
GRNDFYGHR,0.48649488079447967,anti-toxic
GYYICNGYD,0.48647675860106043,anti-toxic
GYRGVRGFD,0.4864667132197411,anti-toxic
GIHDYCNVY,0.4864612809738058,anti-toxic
GVFCDFVFY,0.4864612809738058,anti-toxic
GFLGHFRCG,0.48644695467840454,anti-toxic
GHLLLIGCG,0.4864430551315595,anti-toxic
GLSIRSGYC,0.4864362387663949,anti-toxic
GVCFFCGCG,0.48638880192125056,anti-toxic
GIHRYVFHG,0.48638880192125056,anti-toxic
GLVNCDSFR,0.4863747526154667,anti-toxic
GIYDCDDFF,0.48637209289616934,anti-toxic
GLYIFVGSG,0.4863199688709408,anti-toxic
GLFDSFVCY,0.486313015430891,anti-toxic
GYGFCVDGG,0.4862982365799059,anti-toxic
GVVDNLVYR,0.48629024224889733,anti-toxic
GSNCCYRFR,0.4862646341595322,anti-toxic
GYYHYCVSD,0.4862646341595322,anti-toxic
GCCDFDYFR,0.486245423964598,anti-toxic
GFYVRGSFD,0.48623721571311357,anti-toxic
GYCVNDDLD,0.48623266195192005,anti-toxic
GFNLVDGSD,0.4862297664719936,anti-toxic
GCHGILDVF,0.4862277629868082,anti-toxic
GCIGRSGSG,0.4862167595541921,anti-toxic
GCCCRDNSG,0.4862167595541921,anti-toxic
GGGDDDGDS,0.4862057826814418,anti-toxic
GGYHNDYDS,0.4861882746899898,anti-toxic
GIIVDSRFR,0.48617348373512353,anti-toxic
GYHCCINDG,0.48615892267691224,anti-toxic
GRHICSGSD,0.48615593825559766,anti-toxic
GFGVNIGSG,0.4861489390939298,anti-toxic
GFDSFFGCG,0.48614047385543574,anti-toxic
GGVLGSGLS,0.4861318368941828,anti-toxic
GDVVHRGCS,0.4861224988344529,anti-toxic
GYSNGVLHI,0.48611584063337193,anti-toxic
GGVVDDLVD,0.48609460042871944,anti-toxic
GVSHDDSFC,0.48609195245471115,anti-toxic
GFCSLCGFN,0.48608870480366323,anti-toxic
GYDYVCFVI,0.4860760973725889,anti-toxic
GDDYGFVSD,0.4860760973725889,anti-toxic
GFVGFDVGS,0.4860760973725889,anti-toxic
GGCVSFGLG,0.4860760973725889,anti-toxic
GFCFRNRDG,0.4860760973725889,anti-toxic
GCSFNLGFD,0.4860760973725889,anti-toxic
GVVHRCDFR,0.4860760973725889,anti-toxic
GFFVYSFFD,0.4860760973725889,anti-toxic
GDVNDVGDN,0.4860593425074452,anti-toxic
GHCCNVGCG,0.48604625408229,anti-toxic
GYFIGLGGG,0.48604160902777,anti-toxic
GGRRVYDVY,0.48604160902777,anti-toxic
GNIFCSGVF,0.48600738532721127,anti-toxic
GGLVFVDCG,0.48600738532721127,anti-toxic
GCGIRYGLS,0.48599765530935685,anti-toxic
GCIHICGGG,0.48599167819030276,anti-toxic
GVYINDCFD,0.48598763374571646,anti-toxic
GCGRSSGVR,0.48598159719119827,anti-toxic
GFDIGNFFN,0.48598078419720286,anti-toxic
GFDCNVHFY,0.48597342323635195,anti-toxic
GVHGVYGFR,0.4859685926901623,anti-toxic
GGCVGGRNG,0.4859666619475665,anti-toxic
GYLFYLVDV,0.4859565393589217,anti-toxic
GCCHFGGFR,0.48595466734749937,anti-toxic
GHRIVYGYN,0.4859500626973914,anti-toxic
GYCYFVGSS,0.485939719766851,anti-toxic
GGCSLRGSG,0.4859326569769581,anti-toxic
GSHVYNCYG,0.4859248226899826,anti-toxic
GFLCDSVRV,0.48587307696441806,anti-toxic
GFLFCNSFC,0.4858657343353428,anti-toxic
GCCGYGFVG,0.4858448231245193,anti-toxic
GDYGDSFCD,0.4858448231245193,anti-toxic
GYCNILSSG,0.48584013187811065,anti-toxic
GCVIVNSVG,0.4858311898592452,anti-toxic
GLGNCSRFR,0.4858074339047551,anti-toxic
GLCHDGILR,0.4857900950692641,anti-toxic
GRVSVDFDS,0.48576851862857284,anti-toxic
GSHLGDDCG,0.48575562424386415,anti-toxic
GIFSFCDCG,0.4857499057420186,anti-toxic
GLCGGCGGD,0.48572995050010653,anti-toxic
GHYVCCCGC,0.48572142648158,anti-toxic
GYFGDNSCG,0.48572142648158,anti-toxic
GHCFLFYDG,0.48572142648158,anti-toxic
GCFDGLDSS,0.48570143640162877,anti-toxic
GYIHVIGGN,0.4856790583549279,anti-toxic
GSDYGHGLS,0.48566934031194414,anti-toxic
GFVYGGVCD,0.4856650282629561,anti-toxic
GFDHCCSVD,0.48565383726941286,anti-toxic
GHRLDGVHR,0.48565383726941286,anti-toxic
GGFVCLNFD,0.4856490500991271,anti-toxic
GIIGVSGDV,0.4856475552098619,anti-toxic
GRRHNNSFI,0.4856447027852576,anti-toxic
GSCVYGSVG,0.4856447027852576,anti-toxic
GIGLSCFVD,0.4856251945995325,anti-toxic
GFFLGNHHF,0.48560383848026895,anti-toxic
GSDFCGDYG,0.48558523967586786,anti-toxic
GGLFGIGHY,0.4855544222565252,anti-toxic
GRCHGDLGG,0.4855544222565252,anti-toxic
GLVFNLFNV,0.4855544222565252,anti-toxic
GGDRSDVCG,0.4855544222565252,anti-toxic
GYNRDFDND,0.4855544222565252,anti-toxic
GLFVYNCLG,0.4855544222565252,anti-toxic
GLGDRHVYR,0.4855544222565252,anti-toxic
GGSCYIGGG,0.4855544222565252,anti-toxic
GCGGCGGGG,0.4855544222565252,anti-toxic
GRCDGDFFR,0.4855451629372437,anti-toxic
GSRCGDGLD,0.48553311607839145,anti-toxic
GVRCGCGFR,0.4855286442786632,anti-toxic
GRVHFRGFG,0.48551191729129406,anti-toxic
GVFDVLHYS,0.4854934558098885,anti-toxic
GHCSVLGFG,0.4854934558098885,anti-toxic
GICRFVHDG,0.4854660342472849,anti-toxic
GFCCCCGGG,0.4854609914358858,anti-toxic
GFFIRDRYN,0.48540956890639037,anti-toxic
GCSHSLSSG,0.48540956890639037,anti-toxic
GGIFGVYVS,0.48539886708386637,anti-toxic
GFYIRFCVN,0.48538148792916036,anti-toxic
GIVSDFHGY,0.48536238401244847,anti-toxic
GFFVYDVGG,0.48535552393296477,anti-toxic
GNLCLDNFG,0.4853312247644922,anti-toxic
GSFYLDCGD,0.485315733334934,anti-toxic
GGVVRCSDN,0.4852696078522393,anti-toxic
GYHNFDVGG,0.48525815750535173,anti-toxic
GNLRYFGCG,0.4852529634340365,anti-toxic
GFFHYDYVY,0.4852443809066365,anti-toxic
GHDIFDNYG,0.48522748900223106,anti-toxic
GVSGYCGVG,0.4852013851294542,anti-toxic
GHCFGFGFN,0.48517889738928593,anti-toxic
GFYDFVFGS,0.48514539950536,anti-toxic
GGYRIFGGN,0.48514539950536,anti-toxic
GCDVFGGCG,0.485142130384888,anti-toxic
GDSGCRGFR,0.4851366305149223,anti-toxic
GNLCRVGIR,0.48512690964417543,anti-toxic
GDCFFIYDY,0.48512690964417543,anti-toxic
GHGDVLHIY,0.485107424798312,anti-toxic
GNVYDVRFD,0.48509018439093776,anti-toxic
GVDVGDGVS,0.48509018439093776,anti-toxic
GYSDFSHYV,0.48509018439093776,anti-toxic
GGRGLGFVD,0.48509018439093776,anti-toxic
GRFCLILHG,0.48509018439093776,anti-toxic
GDFRYVYGD,0.48509018439093776,anti-toxic
GYCHLFDFN,0.48509018439093776,anti-toxic
GVCHFCDGG,0.48507508611069833,anti-toxic
GFGGDHGLR,0.48507508611069833,anti-toxic
GRHIDNSGG,0.4850371861015434,anti-toxic
GDNISFGYV,0.4850357239880947,anti-toxic
GNDCSCHFR,0.4850321197499123,anti-toxic
GSYDHFCCG,0.4850232617493225,anti-toxic
GCCFCYGFR,0.4850177355656963,anti-toxic
GLCGDDVGH,0.48500877198430636,anti-toxic
GGIYRSGYC,0.48500705787486365,anti-toxic
GVICDLYDG,0.48500340359698263,anti-toxic
GLLCLVGCG,0.48500340359698263,anti-toxic
GIYVGCGVS,0.484996257104668,anti-toxic
GFRCIRDRF,0.4849923435597523,anti-toxic
GYHHSGCCD,0.4849820029277048,anti-toxic
GLVVHDYGR,0.484977365977028,anti-toxic
GIYSLIIDH,0.48496678774799845,anti-toxic
GFFHFVGCN,0.484946592231619,anti-toxic
GSVLGNDYG,0.4849337945866179,anti-toxic
GICYYYRDF,0.4849184925595246,anti-toxic
GHSCGNGCG,0.4849184925595246,anti-toxic
GLCYVFHVD,0.4849184925595246,anti-toxic
GSGSGLHYD,0.48491467641445213,anti-toxic
GFSNYGGVG,0.48491467641445213,anti-toxic
GLCVNGHFD,0.48489687618990673,anti-toxic
GVHCDYHDR,0.48489565158504094,anti-toxic
GIFCSSGVS,0.4848844213801918,anti-toxic
GRGILDFDS,0.4848676974588673,anti-toxic
GFLLRSYFY,0.4848560002483514,anti-toxic
GVVVVIGDG,0.4848384377093558,anti-toxic
GYFNCSGGG,0.48483539149310256,anti-toxic
GRYSVSDGN,0.4848334799814931,anti-toxic
GFDIRDRCS,0.48483290092257,anti-toxic
GHDHFDGGY,0.4848290724143945,anti-toxic
GCGGVDLVD,0.48482512824483837,anti-toxic
GVSNYCGID,0.4848080833859534,anti-toxic
GVHFVYRDD,0.4848080833859534,anti-toxic
GCGYSGGVG,0.4847976316807149,anti-toxic
GLLFRDSYD,0.4847945017093491,anti-toxic
GFFDFNVDR,0.48477421894818795,anti-toxic
GFYCHCFDS,0.48472614876031594,anti-toxic
GLHYCVSDG,0.48472397809647866,anti-toxic
GVGYICGCG,0.4847184364701839,anti-toxic
GHFFIYRSG,0.48471039032921415,anti-toxic
GGRYRGDSG,0.484707377418684,anti-toxic
GSSNLDRRR,0.48467439261010836,anti-toxic
GVLIHGCVF,0.48467439261010836,anti-toxic
GCVHDFCCG,0.48467439261010836,anti-toxic
GGHLSFLSG,0.48467439261010836,anti-toxic
GLGGYLGGG,0.48467439261010836,anti-toxic
GLYHCCFYD,0.48467439261010836,anti-toxic
GVHCIFDVD,0.484614245185055,anti-toxic
GCHDGCGFR,0.48460341206211943,anti-toxic
GFIYSFVDS,0.4845963873145411,anti-toxic
GDCDDFGID,0.4845963873145411,anti-toxic
GICIHGFVD,0.4845908771170328,anti-toxic
GYYDDGSDH,0.4845771370992544,anti-toxic
GYCCSLGVG,0.4845672189450809,anti-toxic
GFGSVFSHF,0.48456023376763957,anti-toxic
GGCCGFGCG,0.4845452727988694,anti-toxic
GRDDIGDFG,0.4845294425675201,anti-toxic
GVFCYYSDG,0.4845278088097282,anti-toxic
GCSYIVDVY,0.4845199767926937,anti-toxic
GFYGFLCSG,0.4845091883418752,anti-toxic
GCCFNSGYL,0.4845091883418752,anti-toxic
GLLLGNSFF,0.4845091883418752,anti-toxic
GRYSGICDG,0.4845091883418752,anti-toxic
GIVCGGVLG,0.48449677915991823,anti-toxic
GFLDCRGFD,0.48449221785797286,anti-toxic
GSLCGCVLG,0.48448235436603154,anti-toxic
GRRHILSDG,0.48447136165624416,anti-toxic
GVFDDDDVF,0.4844358610053295,anti-toxic
GCCGVLDVN,0.48442049346116184,anti-toxic
GCCIRRGGS,0.4844140422177345,anti-toxic
GIFDHDFDG,0.484413684149676,anti-toxic
GGNIGIRSG,0.48440519035568264,anti-toxic
GLGFRLCGR,0.48440300943443176,anti-toxic
GLCDHCGFD,0.484368291467962,anti-toxic
GRCVIRGFG,0.4843550263958344,anti-toxic
GRVDYVIDR,0.48429983934678583,anti-toxic
GLFSDGYVC,0.48429983934678583,anti-toxic
GVHYIDFVD,0.48429983934678583,anti-toxic
GCSYFDCGS,0.48429983934678583,anti-toxic
GRYCFDGFY,0.48427356703306057,anti-toxic
GGFYDCGCG,0.4842725603993881,anti-toxic
GLHGGFCVG,0.4842702965093265,anti-toxic
GILIHNGCG,0.48424548799424594,anti-toxic
GRIFRFVVC,0.4842264353946288,anti-toxic
GIGCCYHHS,0.4842220024838862,anti-toxic
GSSRHYLSG,0.484207367403095,anti-toxic
GGNCRDDLD,0.4842040496580756,anti-toxic
GRSHFCGVY,0.48418310920714924,anti-toxic
GSCIDNCYR,0.484139217580089,anti-toxic
GRYIDCGGG,0.4841350877025361,anti-toxic
GGCLDLGLD,0.48412961678833416,anti-toxic
GCIFLHRFR,0.48410737558032846,anti-toxic
GLRIVYSGY,0.4840924233680427,anti-toxic
GFYVVSGVN,0.4840924233680427,anti-toxic
GYIDLVDGY,0.4840701146749903,anti-toxic
GDLRHFGYG,0.48406752990419205,anti-toxic
GRFRGDCFG,0.48406245509277324,anti-toxic
GHIICDSVD,0.484054267114117,anti-toxic
GFGHCYVDI,0.48404995758966013,anti-toxic
GFIVDLNLY,0.484042428799744,anti-toxic
GFFGCVGVG,0.484042428799744,anti-toxic
GRFVVVGGD,0.48404019366511236,anti-toxic
GNNDLLSYG,0.48403324913599244,anti-toxic
GFGHRISDH,0.48401075644597646,anti-toxic
GFFGLSVYD,0.4840055420651416,anti-toxic
GFCLHYRGH,0.4839989077154565,anti-toxic
GFGYYVGVG,0.4839606792499679,anti-toxic
GYCGSDGHV,0.4839606792499679,anti-toxic
GIILGSVVH,0.4839606792499679,anti-toxic
GFYCYFCDN,0.4839606792499679,anti-toxic
GFGVRNDGY,0.48394724171281733,anti-toxic
GLYVGIGDD,0.48393142890599977,anti-toxic
GFCHCFGFV,0.4839285176265294,anti-toxic
GNYDHDNGD,0.48391482648300316,anti-toxic
GGGRYIGGG,0.48390724406295454,anti-toxic
GGSCLDGIS,0.48389665706633267,anti-toxic
GDSNVVDDI,0.48388961740216097,anti-toxic
GLCYYYNCY,0.48388961740216097,anti-toxic
GVIYFDGDN,0.48388083836695905,anti-toxic
GVIGFCGVG,0.48386958444482986,anti-toxic
GCGGFGGVD,0.48386958444482986,anti-toxic
GFICFVDGG,0.48385800673195895,anti-toxic
GCDRCSLLR,0.4838546373786308,anti-toxic
GCCFYCGYD,0.48384161290737066,anti-toxic
GVFHYGGFG,0.48382001706836475,anti-toxic
GDSDRCHDS,0.48380284007617774,anti-toxic
GFSVCFSLD,0.48380284007617774,anti-toxic
GVSVIYDGN,0.48380284007617774,anti-toxic
GCIGRDNFR,0.48379614260018655,anti-toxic
GCDFGCFSI,0.48378885155953527,anti-toxic
GFIFCGGGS,0.48378088438840466,anti-toxic
GCNYNCSYG,0.4837721424630246,anti-toxic
GLGCRVGCF,0.4837518336186755,anti-toxic
GLFCRVDCG,0.48374723525790764,anti-toxic
GINGDGHFG,0.4837417256371107,anti-toxic
GFLSDGGRV,0.4837338052460665,anti-toxic
GVYFFFGDG,0.4837334783648995,anti-toxic
GISCNYGGG,0.4837324225081217,anti-toxic
GHVIDCSFR,0.48371825977289307,anti-toxic
GGSCVNSFS,0.4836905402049963,anti-toxic
GYHHSYGFG,0.48365212187862017,anti-toxic
GSLGYYVDV,0.48365212187862017,anti-toxic
GYFIGDGCS,0.4836432947251017,anti-toxic
GSVDGDHYD,0.48363812163742675,anti-toxic
GGCGNFRVD,0.483625446132664,anti-toxic
GVCGSCGFV,0.48360127963062216,anti-toxic
GFRNLIRDR,0.48359898742184587,anti-toxic
GLHHFDRCS,0.4835968515525968,anti-toxic
GCICYCGSS,0.4835937214909973,anti-toxic
GCLRYGGGG,0.4835937214909973,anti-toxic
GSNYYFSSD,0.4835937214909973,anti-toxic
GYYRRDRVH,0.4835665988516403,anti-toxic
GFGDGYIVY,0.4835553647250723,anti-toxic
GYCVHIGIS,0.4835553647250723,anti-toxic
GHGRGSCCG,0.48355333720174987,anti-toxic
GVVDGIGCG,0.4835363563223161,anti-toxic
GFCGNCGCD,0.48353085877303426,anti-toxic
GVIFYVGCD,0.4835208873319765,anti-toxic
GDICNIFDG,0.48350805338106306,anti-toxic
GFYCVFDGH,0.48348253928985463,anti-toxic
GCINCFFVD,0.48347999908811035,anti-toxic
GCNGFVDDV,0.48347999908811035,anti-toxic
GCNINVNDG,0.48346143275068143,anti-toxic
GFCIFDYFS,0.48346143275068143,anti-toxic
GDGDFSGCS,0.48343837674335494,anti-toxic
GYYYYLFDG,0.4834307286266697,anti-toxic
GCICFNSSG,0.4834246234544011,anti-toxic
GDFGLYNDG,0.4834041054432994,anti-toxic
GSGVDDGFR,0.48337020399666397,anti-toxic
GFCRVFIYI,0.48337020399666397,anti-toxic
GGYGCYIDN,0.4833543766498846,anti-toxic
GCDHYFGSS,0.48335339010239736,anti-toxic
GYHVFDDYH,0.4833478055602938,anti-toxic
GHYFLYCDG,0.4833433451276797,anti-toxic
GLDSVFCFF,0.48333666644833245,anti-toxic
GLCSVDRCR,0.48332556712094726,anti-toxic
GCFHRSNVD,0.48332296127327457,anti-toxic
GVYCVNYVD,0.48332064680120845,anti-toxic
GGYFFNGGG,0.4833108295373599,anti-toxic
GNYGGDVVN,0.48330348697035513,anti-toxic
GCSFDYGLD,0.4832940720862397,anti-toxic
GFGCYGGCG,0.48328156342448086,anti-toxic
GFYHSFRYD,0.48327719736135755,anti-toxic
GLYYFVGFY,0.4832706598585722,anti-toxic
GRSVSLLYN,0.48326703390901804,anti-toxic
GFNGIGCVD,0.4832641362267135,anti-toxic
GLYFYDYGN,0.4832641362267135,anti-toxic
GVCCYFGHS,0.4832525727711606,anti-toxic
GFFGVFRFD,0.4832525727711606,anti-toxic
GNVVFDDGF,0.483247209240276,anti-toxic
GYFGVNGHG,0.48324579105249055,anti-toxic
GYFVFIHGH,0.48322271053900473,anti-toxic
GDGLDVGIS,0.4831954024318556,anti-toxic
GVYHVFDHG,0.4831742374677001,anti-toxic
GNGVFDCDN,0.4831742374677001,anti-toxic
GYFSDRGFG,0.48316160914063494,anti-toxic
GVFCCRGYD,0.4831532194895755,anti-toxic
GNCVCSGFF,0.48314724113633595,anti-toxic
GFLLGHVDN,0.4831427651426032,anti-toxic
GVNRRYVVD,0.4831342385021857,anti-toxic
GDFHCCNFG,0.48311161840884986,anti-toxic
GIDGVDRGS,0.48311161840884986,anti-toxic
GSCVSVGYV,0.48311161840884986,anti-toxic
GFYICCGYR,0.48311161840884986,anti-toxic
GLYFCYSGG,0.48309261083802585,anti-toxic
GLIFRDCCG,0.48306630083633084,anti-toxic
GDSYHCCYG,0.48304162171566856,anti-toxic
GILVGDNFR,0.4830301143301827,anti-toxic
GCLYCFHDD,0.4830301143301827,anti-toxic
GSCLYVIDG,0.4830301143301827,anti-toxic
GFICVVGDD,0.4830253889869637,anti-toxic
GHFSDGGVG,0.48302008200174457,anti-toxic
GVFLDCGFY,0.48301407894029763,anti-toxic
GGYVCFSCG,0.483009033199467,anti-toxic
GYDNCGSVD,0.48300343694561687,anti-toxic
GDRLCFGGN,0.482999354098569,anti-toxic
GFCGILCVV,0.48297324195972535,anti-toxic
GLRCFSVYV,0.48297324195972535,anti-toxic
GFVYHVRDH,0.4829664907610822,anti-toxic
GCLVRCDCG,0.48295079838038624,anti-toxic
GSLILCGGS,0.48295079838038624,anti-toxic
GSIGGGVLG,0.48295079838038624,anti-toxic
GRCFVFDFD,0.48295079838038624,anti-toxic
GGLCSSGDG,0.48295079838038624,anti-toxic
GCIYNCDSS,0.4829313009962934,anti-toxic
GFGYLGSDG,0.4829313009962934,anti-toxic
GRFVGSSLG,0.4829196650435578,anti-toxic
GLCLDCSFD,0.4829064237525861,anti-toxic
GYRLRNVVC,0.48289443858639963,anti-toxic
GSYLGFDSG,0.48289122029099957,anti-toxic
GRYGGLGDG,0.48287358360875376,anti-toxic
GCHGDLNFH,0.48287358360875376,anti-toxic
GCCVCRGCG,0.48287358360875376,anti-toxic
GFNFVFRDG,0.48287358360875376,anti-toxic
GCNGDGNFD,0.48286666539254025,anti-toxic
GCGVGDHVD,0.48285838546762067,anti-toxic
GLYCVCGVS,0.48285348560182845,anti-toxic
GIFDVHHFY,0.4828432674255783,anti-toxic
GFFFYDGGD,0.4828232335441326,anti-toxic
GSNGHIGGG,0.4828170016945439,anti-toxic
GSHLCNYFY,0.48277726279767547,anti-toxic
GRYFVFRVN,0.4827615220723551,anti-toxic
GCFVCNLCL,0.4827615220723551,anti-toxic
GCCYCDCYS,0.4827615220723551,anti-toxic
GCGHYGCYG,0.4827615220723551,anti-toxic
GHRRYLCYN,0.4827469095715957,anti-toxic
GVCINYGGG,0.48273340845456264,anti-toxic
GNGFRFGCD,0.48272513223766095,anti-toxic
GLHIGCGGG,0.48272513223766095,anti-toxic
GRFHGDGCS,0.48272513223766095,anti-toxic
GYYFDSSLD,0.48270113210049903,anti-toxic
GYYFSNYFR,0.48269130933840876,anti-toxic
GIYGFSGSD,0.4826749682778127,anti-toxic
GIVVVNDFI,0.48266489408621766,anti-toxic
GVFLFVDGY,0.48265374331962346,anti-toxic
GGILYRNSG,0.48265374331962346,anti-toxic
GFNFDSRFR,0.48265374331962346,anti-toxic
GFFFLSDGY,0.48265374331962346,anti-toxic
GVVGCYNSG,0.4826345881985749,anti-toxic
GYRIGCDFG,0.48262506029330043,anti-toxic
GDFDFRGVG,0.4825983348730497,anti-toxic
GIDHDCSSG,0.4825983348730497,anti-toxic
GFCHGLGFN,0.4825877695267675,anti-toxic
GVFHRCDGN,0.48258415042116465,anti-toxic
GCCNCSRYG,0.48257557422112474,anti-toxic
GLCYRDCGY,0.48255000643106066,anti-toxic
GNYNVHSFD,0.48255000643106066,anti-toxic
GGRVFSGYH,0.48255000643106066,anti-toxic
GFFSCCGGD,0.48255000643106066,anti-toxic
GHYVCGGFV,0.48255000643106066,anti-toxic
GSDLVDGRR,0.48253871975195606,anti-toxic
GCYCVVGGG,0.4825297241435192,anti-toxic
GRGCYVDDH,0.4825246772299627,anti-toxic
GCYCNDDLG,0.4825188655598804,anti-toxic
GIYCVLDYL,0.48251628660636864,anti-toxic
GCVSGFSYG,0.4824995832936647,anti-toxic
GLYFFVLDG,0.4824896108604124,anti-toxic
GRSYLDVFY,0.4824500882247294,anti-toxic
GNSINLHCY,0.4824500882247294,anti-toxic
GYGLSRGFR,0.4824500882247294,anti-toxic
GCSFIIDGS,0.482441927479074,anti-toxic
GIHVCNLYD,0.4824323151289481,anti-toxic
GFCRGSGYN,0.48240149583509506,anti-toxic
GRNGCIGLR,0.48238549471201964,anti-toxic
GFYFDRFRC,0.4823673260554645,anti-toxic
GIGVICIGR,0.48236239271287046,anti-toxic
GYGGSFCVG,0.48236009366028537,anti-toxic
GIDLNVCDD,0.4823537816533394,anti-toxic
GGVCRGGFR,0.48233911262210993,anti-toxic
GDDGHYGYG,0.48233024648388134,anti-toxic
GCNLYYGFS,0.48231622673346364,anti-toxic
GGIVGFGDG,0.4823151303361657,anti-toxic
GYNGDGSFD,0.48231250086989474,anti-toxic
GRVYRLVFG,0.4823111473351485,anti-toxic
GIICHCYCD,0.4823069220846812,anti-toxic
GLGVCDHYS,0.4823002962878071,anti-toxic
GRYRVHDCG,0.4822938566491872,anti-toxic
GIFYYCCYD,0.48228709536040176,anti-toxic
GGFVCFGYG,0.48228709536040176,anti-toxic
GLCDNCSVD,0.48227920705710936,anti-toxic
GFCRRFGYN,0.48227614588589934,anti-toxic
GIDNFHGLR,0.4822608943720735,anti-toxic
GGHHRVLYG,0.48223818557017006,anti-toxic
GCNGSGSFD,0.4822227632440888,anti-toxic
GCLNGDDVD,0.4822092817412084,anti-toxic
GCRFNFDVG,0.4822007802489374,anti-toxic
GVDCYSLYC,0.482171247456304,anti-toxic
GDFIYDNGD,0.482171247456304,anti-toxic
GFSGGLVID,0.482171247456304,anti-toxic
GFHVFGGHG,0.482171247456304,anti-toxic
GRFFRDGCS,0.48215869541127643,anti-toxic
GNIFYIGGD,0.4821536920474489,anti-toxic
GYCLRFCGG,0.48214428959706684,anti-toxic
GNLDFCFGR,0.4821420560947132,anti-toxic
GCDVGFGDG,0.4821420560947132,anti-toxic
GVIVLVSDG,0.4821132002771614,anti-toxic
GSNSCYGCG,0.48211099433133353,anti-toxic
GCSYVVGDD,0.48209889639461284,anti-toxic
GYDFCDRGG,0.48208467425121254,anti-toxic
GLIVSNNFS,0.48208467425121254,anti-toxic
GNCGFCGGS,0.48208467425121254,anti-toxic
GGFCCSVFD,0.48205723039301196,anti-toxic
GYDVIFDDS,0.48205647239517463,anti-toxic
GVHLFVFYD,0.48204249130893245,anti-toxic
GFGSFGSCG,0.4820365236350644,anti-toxic
GSCFCIYDD,0.48201896442673037,anti-toxic
GYHYSRGCG,0.48201752396396574,anti-toxic
GYFGHFGGD,0.48201279697492183,anti-toxic
GVCYRNYVD,0.4820092577185426,anti-toxic
GIDCFVGVR,0.48200101933774897,anti-toxic
GINYCDDVY,0.4819737575140745,anti-toxic
GSCGSDCDN,0.48195447053807916,anti-toxic
GFHHCDRLD,0.48192013760143115,anti-toxic
GRIIFDGLF,0.48192013760143115,anti-toxic
GFNCYYGCG,0.48192013760143115,anti-toxic
GCCCRDLSG,0.48192013760143115,anti-toxic
GLCDRSFFD,0.48192013760143115,anti-toxic
GSHVVFGFV,0.48192013760143115,anti-toxic
GSHNHCGLR,0.48192013760143115,anti-toxic
GGNVGVGDG,0.48190033438299207,anti-toxic
GCCCGLDDR,0.4818937695809074,anti-toxic
GGCFLICDG,0.48189049393861616,anti-toxic
GLYFVHGYN,0.4818862889998861,anti-toxic
GFIGCFFVD,0.4818850445157264,anti-toxic
GCGICFFDG,0.4818850445157264,anti-toxic
GFVSCFGGN,0.4818573374448756,anti-toxic
GCVFVIGYS,0.481850460963723,anti-toxic
GIVLRLYDD,0.4818309234511784,anti-toxic
GVNIVGNYG,0.48182737657349745,anti-toxic
GNVNCDSSG,0.4818227293960428,anti-toxic
GLFYCYVFG,0.4818037203692897,anti-toxic
GVRCNSGLS,0.4818037203692897,anti-toxic
GHFRRCGVS,0.48178611677583333,anti-toxic
GCFNGIGLR,0.48178486443980073,anti-toxic
GYGVDSGCD,0.48176615976542597,anti-toxic
GICCDGGVD,0.48176615976542597,anti-toxic
GCFGCSGVR,0.48176615976542597,anti-toxic
GGHGDDVIF,0.4817555385917279,anti-toxic
GFCGINGGG,0.48174965890173344,anti-toxic
GLVGNGHIR,0.48173654238334995,anti-toxic
GSGCLVGVG,0.48171700640881154,anti-toxic
GRFVHSCFY,0.48170730031125947,anti-toxic
GNCCYCHFR,0.48170185862687726,anti-toxic
GFGGFYDGH,0.48167842646014064,anti-toxic
GDCCYICDD,0.4816688824703831,anti-toxic
GFRYYVDCS,0.4816688824703831,anti-toxic
GFLVHRFGS,0.4816688824703831,anti-toxic
GRVGRLGSG,0.48164519647970866,anti-toxic
GFFCNGGDD,0.4816217559463389,anti-toxic
GFVGNSHFC,0.48158704709661787,anti-toxic
GNRDFCGLF,0.48158704709661787,anti-toxic
GLHYIFSVG,0.48156647758033755,anti-toxic
GVHDIDGFR,0.4815285838156649,anti-toxic
GCYHCSHFR,0.4815259018249893,anti-toxic
GRDFDYSCY,0.4815192111073508,anti-toxic
GFFVCLGYG,0.4815192111073508,anti-toxic
GSDRCSGCG,0.4815172471159073,anti-toxic
GRYVCGGCD,0.481496207070908,anti-toxic
GRFCNGCFG,0.48148606012211254,anti-toxic
GNYDCGGGG,0.4814773040967107,anti-toxic
GVLLYDCVD,0.4814487800257848,anti-toxic
GRNRFYSGR,0.48144262850230496,anti-toxic
GHFIYYDFY,0.4814212352123865,anti-toxic
GRLLNFCVG,0.48139403883097404,anti-toxic
GVRLNCDGG,0.48135830766291704,anti-toxic
GFCYCDGCD,0.48135830766291704,anti-toxic
GGVCGCDSS,0.48135830766291704,anti-toxic
GGVYFCGVS,0.48135830766291704,anti-toxic
GVCVGGGFS,0.4813377391208259,anti-toxic
GGCGFYVDV,0.48132316914743184,anti-toxic
GDGFCYFDG,0.48131736931327057,anti-toxic
GRCCSRGGS,0.4812971953737987,anti-toxic
GYGDGYDVD,0.4812484903609176,anti-toxic
GRNLRLDGF,0.4812378209144946,anti-toxic
GLFVFLHGS,0.4812046446047957,anti-toxic
GCVLIVHDD,0.48120195383005154,anti-toxic
GVCYGSGYG,0.48119610617385955,anti-toxic
GLCCFSCVD,0.4811915233309634,anti-toxic
GCCFGFLLD,0.48116876287784477,anti-toxic
GFHLYDFDN,0.481167954711442,anti-toxic
GVCVVYGFR,0.4811462555584937,anti-toxic
GRNYFDHYF,0.48112399717333637,anti-toxic
GYVFIGGFS,0.48112399717333637,anti-toxic
GNYCCNHYG,0.48112399717333637,anti-toxic
GDIRGLDIR,0.48111173745246716,anti-toxic
GGNCHFGFG,0.481108248456786,anti-toxic
GGCLYSGLS,0.48110198361518464,anti-toxic
GHHRCDNGD,0.48110198361518464,anti-toxic
GFYHRFCGN,0.4810694135646548,anti-toxic
GNYVNLVYG,0.4810515483480948,anti-toxic
GDFFGNCCD,0.48104562915057114,anti-toxic
GFIVCDGFY,0.4810426762327555,anti-toxic
GLYRFDCYG,0.4810397277555082,anti-toxic
GSDYLLFGD,0.4810392154294062,anti-toxic
GHSGRGGVD,0.48103544696772765,anti-toxic
GIRYHCRFS,0.4810162986031866,anti-toxic
GDCCCLGFR,0.4810162986031866,anti-toxic
GHSIVYDSC,0.48099890978286425,anti-toxic
GVFGDFVFD,0.48099890978286425,anti-toxic
GFHYVISGD,0.4809902734656865,anti-toxic
GCLDDDDDG,0.4809879247789943,anti-toxic
GDYYGDVHS,0.4809544171313913,anti-toxic
GCYDLVGLD,0.48094766257271526,anti-toxic
GGSLCLVYR,0.4809437004114086,anti-toxic
GSYGDLGLR,0.4809392527766808,anti-toxic
GFCSFDGVD,0.4809142437368015,anti-toxic
GLFYCCGIG,0.4809142437368015,anti-toxic
GIRRIRGFR,0.4809142437368015,anti-toxic
GYIVVDGFH,0.4809142437368015,anti-toxic
GCYIRDCGG,0.4809043316190797,anti-toxic
GCFGVDFGV,0.48090323346966857,anti-toxic
GFIFRVDDS,0.48088956020035434,anti-toxic
GYYCIVGSS,0.48088956020035434,anti-toxic
GSLLVHGCG,0.4808814035929692,anti-toxic
GCCVYLDGS,0.48087948952027104,anti-toxic
GFRFVCSDG,0.48087733851645525,anti-toxic
GCRVGSSDG,0.48087212488679326,anti-toxic
GIFLCVGYS,0.4808651958535371,anti-toxic
GCSVVSVVG,0.4808491272389056,anti-toxic
GVLYYDHVF,0.4808491272389056,anti-toxic
GSYIYYCDG,0.48084114454479177,anti-toxic
GFLSRGSSG,0.48084114454479177,anti-toxic
GCLVDGHYG,0.48083319596537977,anti-toxic
GFVCDGGFC,0.48081740027962616,anti-toxic
GRIIGCGCD,0.48081740027962616,anti-toxic
GHRLGGVCD,0.48080173845803,anti-toxic
GIGYVVYDS,0.4807862088060678,anti-toxic
GLRLGFGGR,0.4807862088060678,anti-toxic
GHDCLLYCD,0.4807862088060678,anti-toxic
GDDVRDYDG,0.4807800335786435,anti-toxic
GVYFSYSYG,0.4807800335786435,anti-toxic
GLLVFDVSD,0.4807773934183844,anti-toxic
GFVYRFFGN,0.48077080965769625,anti-toxic
GFSFLYDCN,0.48077080965769625,anti-toxic
GCCFSGGVS,0.48077080965769625,anti-toxic
GVFIIDDGG,0.4807616321277802,anti-toxic
GRIFINGHS,0.4807392367233571,anti-toxic
GFLDCYGFS,0.48072537898848766,anti-toxic
GYFGSDHDD,0.48072537898848766,anti-toxic
GCGVGFSCG,0.48072537898848766,anti-toxic
GNVLYNSDG,0.4806762089367054,anti-toxic
GFLYNYDGN,0.48066653548431215,anti-toxic
GGHVSFYDD,0.4806593148732722,anti-toxic
GCCGLCGRS,0.4806378284424996,anti-toxic
GFYYHVGVN,0.4806378284424996,anti-toxic
GLHHNFVHN,0.4806378284424996,anti-toxic
GLSHYSGGD,0.48060398775351193,anti-toxic
GFSYCYCFY,0.4805873104825074,anti-toxic
GLVHYVYDR,0.48057490697107813,anti-toxic
GDLCFDGVV,0.48057490697107813,anti-toxic
GVILDCFVD,0.4805544305580564,anti-toxic
GFDLFGGDV,0.4805544305580564,anti-toxic
GVIYRNHDY,0.4805141976170018,anti-toxic
GGFCCYHFF,0.4805141976170018,anti-toxic
GGNISCDCG,0.4805141976170018,anti-toxic
GCLDCLGVF,0.480500995371043,anti-toxic
GRCSRGVIN,0.48049050731950954,anti-toxic
GCSVIHSGF,0.4804890821719414,anti-toxic
GHCFRFCVG,0.48048789546961973,anti-toxic
GVDDDFFSG,0.48047489672725024,anti-toxic
GSYLSCFVD,0.48047489672725024,anti-toxic
GCNIFGGGG,0.480468692919182,anti-toxic
GVRRYYDDY,0.48045943012414305,anti-toxic
GRCVIFDSC,0.4804113801667124,anti-toxic
GFNRLFIVR,0.4803989644808984,anti-toxic
GFSGVYDCY,0.4803989644808984,anti-toxic
GSNGRYSVG,0.4803897140366473,anti-toxic
GSCCRGIDH,0.480384188790435,anti-toxic
GIDVVFGCS,0.48037441211738424,anti-toxic
GHGNVFGGD,0.4803622733574952,anti-toxic
GICFCLIDI,0.4803622733574952,anti-toxic
GHYLFIDVF,0.4803622733574952,anti-toxic
GNCGSHGID,0.48035503348715913,anti-toxic
GFDDCIDIF,0.48033975565201786,anti-toxic
GHYNYDNGF,0.4803263945948738,anti-toxic
GVYHSDIGY,0.4803263945948738,anti-toxic
GCSHLDFGR,0.4803263945948738,anti-toxic
GFICCNDHD,0.48031696069099705,anti-toxic
GCSCDFHGY,0.48028635084564963,anti-toxic
GVRCGSVCD,0.4802797739644922,anti-toxic
GNCVGICYG,0.4802706121168698,anti-toxic
GFCRCGFRH,0.48025696857252104,anti-toxic
GDCHRLDSS,0.48025696857252104,anti-toxic
GFHNYWRDD,0.48023449014380537,anti-toxic
GFYYHHSCG,0.4802209990776448,anti-toxic
GVIHSFVYR,0.48021233169680433,anti-toxic
GIVDRDVCS,0.48021233169680433,anti-toxic
GRYLRGVVG,0.48020684128293956,anti-toxic
GIIGLHDCG,0.48020355638675655,anti-toxic
GCGSILSRH,0.480190486447339,anti-toxic
GSDHGSGDG,0.4801674208888031,anti-toxic
GIFLCGVYD,0.48016467629775167,anti-toxic
GFDYCFCFY,0.48015829144514455,anti-toxic
GFFGHCDVD,0.48015829144514455,anti-toxic
GGCGSSGGG,0.48014244590800387,anti-toxic
GGYDSVCYD,0.48010610826912464,anti-toxic
GGSLYVCDD,0.4800958860878646,anti-toxic
GFSDLSGGG,0.4800958860878646,anti-toxic
GGIVCCGLD,0.48009207079767835,anti-toxic
GGYVLFDCY,0.4800915265550231,anti-toxic
GSIFDRGFY,0.4800857336834014,anti-toxic
GVYIYVDGF,0.4800656353664437,anti-toxic
GINVIFGFN,0.4800656353664437,anti-toxic
GNLSCLSLN,0.4800656353664437,anti-toxic
GVDSVYRHS,0.4800656353664437,anti-toxic
GCYFYNSYS,0.4800656353664437,anti-toxic
GCLIIGGID,0.4800656353664437,anti-toxic
GCFVCFCVD,0.4800656353664437,anti-toxic
GSRLYCGVF,0.4800656353664437,anti-toxic
GDHRGFGLD,0.4800556880587118,anti-toxic
GYYRHDRHD,0.4800537066571962,anti-toxic
GRDHGLGLD,0.48004862389023156,anti-toxic
GLNYGDRGS,0.4800477784749461,anti-toxic
GSYVRDFFY,0.4800359937268798,anti-toxic
GVCHYIVDV,0.4800359937268798,anti-toxic
GGRCFVRSG,0.4800359937268798,anti-toxic
GGVSSSGCS,0.48002624536306965,anti-toxic
GCCFCDSFF,0.48000694295715063,anti-toxic
GCGVGCGFI,0.48000694295715063,anti-toxic
GIVGCGSYG,0.47998249930273085,anti-toxic
GLCVRVDDD,0.47997079628816447,anti-toxic
GCLHGGGFG,0.4799231643216653,anti-toxic
GCLYRDVHC,0.4799231643216653,anti-toxic
GGFCGSGVR,0.47991235996847503,anti-toxic
GVLLCNSSG,0.4799069889785962,anti-toxic
GCVCRLDFF,0.47990631905794967,anti-toxic
GYVNHRGFG,0.47989630877443457,anti-toxic
GLIFDDDSH,0.47987650254554143,anti-toxic
GFYFVCDSS,0.47986475393733835,anti-toxic
GLFCCDDCG,0.47985052988837296,anti-toxic
GGRYRDHRC,0.47984411305513575,anti-toxic
GIFDFSGVH,0.47984411305513575,anti-toxic
GLICFNDSR,0.47984411305513575,anti-toxic
GCNYFLGFV,0.47984411305513575,anti-toxic
GYGFLCFDG,0.4798295587066398,anti-toxic
GCRFICGGG,0.4798151591245338,anti-toxic
GILHDDSCH,0.47981372758348345,anti-toxic
GHYYLFSVD,0.4798000264008547,anti-toxic
GSHGGGGFI,0.47979384458098934,anti-toxic
GHLVGVGLD,0.4797840127969173,anti-toxic
GCCCLNGLD,0.4797840127969173,anti-toxic
GSFHILSSG,0.47976940000935064,anti-toxic
GIYDNLGLS,0.4797667115203409,anti-toxic
GILNYVCCF,0.4797613508858708,anti-toxic
GRLDRNVVH,0.4797549467321587,anti-toxic
GHCYFCSFD,0.4797453985458112,anti-toxic
GFFCDYIFR,0.4797453985458112,anti-toxic
GLFCHNDFR,0.4797218282501878,anti-toxic
GIDYVCGVR,0.4797197064750563,anti-toxic
GDCHRDVDS,0.4796834714842628,anti-toxic
GFRHFGVVD,0.47966844373354234,anti-toxic
GCSHCFGLD,0.47963163443726203,anti-toxic
GFNFHVDFG,0.4796262046023983,anti-toxic
GHVCGVGYV,0.4796207982058651,anti-toxic
GYSCLLLSG,0.47958884364166093,anti-toxic
GNCHGSRFR,0.47958584290938516,anti-toxic
GGLICVDGG,0.47958267360794893,anti-toxic
GCFRSGRLR,0.47956799066674977,anti-toxic
GIFLHRDGG,0.47955428339066164,anti-toxic
GYFCSCGGS,0.4795474871857884,anti-toxic
GFSHDDDLR,0.4795439867841446,anti-toxic
GRYYCSVDN,0.47952732448554086,anti-toxic
GRCYGYGVD,0.47952732448554086,anti-toxic
GIDGLYGFR,0.4795140678355527,anti-toxic
GLSRFDYFR,0.47950749414002464,anti-toxic
GCFVDFYDD,0.4794879879987694,anti-toxic
GVCVFVGVG,0.4794726112047478,anti-toxic
GLSRGRGFG,0.4794499170382451,anti-toxic
GVYGHNGLD,0.4794499170382451,anti-toxic
GLYHGIHFR,0.4794499170382451,anti-toxic
GYRSLNRDR,0.47943749744684333,anti-toxic
GGFDFDGGN,0.47941305149924723,anti-toxic
GYYCLYGHS,0.4794040167790625,anti-toxic
GNIFCVGFD,0.4793950530126659,anti-toxic
GLSVCDGYD,0.4793891161754845,anti-toxic
GLYDDHVLS,0.47937032490352155,anti-toxic
GYNVYCHYS,0.47936567564211474,anti-toxic
GNRHFDNDG,0.47936181591573923,anti-toxic
GGFRGCGSS,0.4793532534117829,anti-toxic
GSYSSDVVG,0.47934271471362044,anti-toxic
GCCFVCGVG,0.47934271471362044,anti-toxic
GLCCVGVVY,0.47934271471362044,anti-toxic
GFYCLCGLG,0.47932579997069596,anti-toxic
GGSGISGFN,0.479309140867838,anti-toxic
GGVSCCGLG,0.4792873164761701,anti-toxic
GGGGLYDGY,0.47927656674579733,anti-toxic
GCVLIFDNS,0.47927656674579733,anti-toxic
GDLCLFVFS,0.4792712317932215,anti-toxic
GYVHCFSYF,0.47926380707656185,anti-toxic
GVGISIDDS,0.4792606407302139,anti-toxic
GFHRYIGVD,0.4792606407302139,anti-toxic
GCFFFDFVN,0.47925538423234826,anti-toxic
GCFCHSGFC,0.479244948349518,anti-toxic
GIHLNCDFY,0.479244948349518,anti-toxic
GVDYGVGFV,0.4792294844999943,anti-toxic
GRDFCLGFI,0.4792279504921955,anti-toxic
GCVRGYGGD,0.47921424422550624,anti-toxic
GDDSCGGFN,0.47921424422550624,anti-toxic
GGNHGDNFS,0.4792126527940539,anti-toxic
GGHYHIDDR,0.4791844152834358,anti-toxic
GGGFVGGVD,0.4791844152834358,anti-toxic
GCSVYGCCG,0.479177090425627,anti-toxic
GFGCFSSLG,0.479177090425627,anti-toxic
GRIYRDGFR,0.4791649972296487,anti-toxic
GCRNFISYG,0.4791346773426024,anti-toxic
GRYCGGVFS,0.479123768846981,anti-toxic
GFFGDIDFY,0.4791203122511154,anti-toxic
GVYCLFFDG,0.47911343473544693,anti-toxic
GFSDCGLGC,0.47909982070175033,anti-toxic
GCDVVCGLD,0.4790908475825669,anti-toxic
GFVLSVGFG,0.4790803473593606,anti-toxic
GSCGGDNSG,0.4790731433171845,anti-toxic
GFYFGFCVD,0.4790731433171845,anti-toxic
GDFNRDDHN,0.4790731433171845,anti-toxic
GCCHLHSYD,0.4790731433171845,anti-toxic
GFCHGNVVN,0.4790731433171845,anti-toxic
GGCYFLHYG,0.47906876687066735,anti-toxic
GFCNHCFDD,0.4790644100056645,anti-toxic
GFRLCGGGG,0.4790644100056645,anti-toxic
GYCCFDYYR,0.47906007259104916,anti-toxic
GYFRGDRDG,0.4790471757557008,anti-toxic
GSCVCVGGG,0.4790471757557008,anti-toxic
GCNYFCFHD,0.4790407914662519,anti-toxic
GSCHCYHYS,0.4790386727653842,anti-toxic
GRNFLGHFD,0.4790295992689399,anti-toxic
GCFLRCVDD,0.4790218900590966,anti-toxic
GDHLFFSCG,0.47901636092053657,anti-toxic
GFCCFNDFF,0.4790112554478434,anti-toxic
GFLSHCGFI,0.47900949457204933,anti-toxic
GFDYCGGVD,0.47899725971841783,anti-toxic
GRRHHFGGV,0.4789811911037863,anti-toxic
GVHHCYGLG,0.47897325958125586,anti-toxic
GLFNRDFSD,0.47897325958125586,anti-toxic
GGCGGCDFD,0.47896343980166844,anti-toxic
GRRVFRRSD,0.4789614883285778,anti-toxic
GCLVSDVVG,0.4789432899803213,anti-toxic
GRFLVSGCN,0.4789327046113642,anti-toxic
GRFVGIGYV,0.47892893467353337,anti-toxic
GYDIVFGHC,0.47891216233754336,anti-toxic
GCIDVYDCG,0.4788902774585091,anti-toxic
GCCCYDNFR,0.47888310087594904,anti-toxic
GSDLDGHLR,0.47886191629596375,anti-toxic
GSFYYLCYS,0.47886191629596375,anti-toxic
GIYSGFSVG,0.4788412351139363,anti-toxic
GDFVYYRDG,0.47883445016378257,anti-toxic
GRHCHCHYD,0.4788310777230852,anti-toxic
GFYVRGVDH,0.4788310777230852,anti-toxic
GVYGFDNGN,0.47882103959755684,anti-toxic
GCVFCCGVD,0.47880783735159804,anti-toxic
GYHVFGVVN,0.4788013128376841,anti-toxic
GYLRFSSCN,0.47879162017072907,anti-toxic
GFIRFGVVR,0.4787736136510393,anti-toxic
GFCLRYSCG,0.47876943309973563,anti-toxic
GLYLVSVVD,0.4787539426647657,anti-toxic
GLCRIFDDR,0.4787493521536839,anti-toxic
GRFCCNVFG,0.4787327388762418,anti-toxic
GCCVRDLGY,0.47872086787945545,anti-toxic
GGCSFDGVG,0.47870917049929435,anti-toxic
GFCRYVSDD,0.47869194171889323,anti-toxic
GGLRNNIYD,0.47865858192459154,anti-toxic
GIFDSSVFG,0.47862140986207063,anti-toxic
GHYGLDVVY,0.47861624580661366,anti-toxic
GCYSICGFV,0.4786111171821734,anti-toxic
GFYFSSCGS,0.4786111171821734,anti-toxic
GVFSGVGCG,0.47860602362535365,anti-toxic
GLVCGCCYD,0.47856649559384334,anti-toxic
GFVLCYGGG,0.47856649559384334,anti-toxic
GGGDVHGFY,0.4785522098261112,anti-toxic
GFGYIYVFS,0.4785522098261112,anti-toxic
GLRCLRGLR,0.47853009217159215,anti-toxic
GFDFCFVLD,0.47851099824766813,anti-toxic
GYCSFLCFR,0.4784869617630372,anti-toxic
GFRVCCGGS,0.4784720940106213,anti-toxic
GRCVRCGGS,0.4784689500816961,anti-toxic
GDYRRGYVD,0.4784679053549344,anti-toxic
GFFVRYCCG,0.4784596054919247,anti-toxic
GVYDFLVLR,0.4784554938087271,anti-toxic
GLRFHHCVG,0.47845344742654444,anti-toxic
GCFVCGGFG,0.47841187820115705,anti-toxic
GYYFYLCGS,0.4784090080187074,anti-toxic
GRYVYHGFR,0.478396716669905,anti-toxic
GYFCDDDFL,0.478385577248422,anti-toxic
GGGFIDFFF,0.4783837395677378,anti-toxic
GVGSGYGDG,0.4783782584391649,anti-toxic
GLNFHCSYD,0.47837282469796955,anti-toxic
GCCSVFVFR,0.47837282469796955,anti-toxic
GRSGFRGFR,0.47837012540601037,anti-toxic
GRFSHGGCG,0.4783610342710076,anti-toxic
GVCFISHFR,0.4783463457489687,anti-toxic
GFDYNFVHY,0.47834289963744353,anti-toxic
GLNLVHGFR,0.4783360652513436,anti-toxic
GCFFDSFCR,0.4783293069086305,anti-toxic
GDFCYCCDS,0.4783293069086305,anti-toxic
GYLLYDNRF,0.4783259558580331,anti-toxic
GHYCCDVLG,0.4783219590562338,anti-toxic
GLYGGHGGS,0.4783160133326059,anti-toxic
GFCCYIVDV,0.4783160133326059,anti-toxic
GFLGFSCYG,0.47830381360390983,anti-toxic
GVFIRLGDN,0.4782966126275971,anti-toxic
GFVDDYRCR,0.47828714664645255,anti-toxic
GFSCCCDFD,0.47828714664645255,anti-toxic
GLGNFFGCD,0.4782656413684002,anti-toxic
GSIGCRGSG,0.4782596419557519,anti-toxic
GSDLLLVDS,0.4782551835150258,anti-toxic
GLRCRGGGD,0.4782529673650324,anti-toxic
GLRFIDGFS,0.4782420152949583,anti-toxic
GGNNVLYHF,0.4782420152949583,anti-toxic
GRNDINHFG,0.4782165755572652,anti-toxic
GFYCRSGGY,0.47820835036087656,anti-toxic
GCYRRDFFS,0.47819544394378466,anti-toxic
GLYGCFCVN,0.47819226508218804,anti-toxic
GSCIFDGHR,0.47819226508218804,anti-toxic
GIFGGVHDG,0.47818831786557087,anti-toxic
GGIIFDGDN,0.4781614815209401,anti-toxic
GLCYYHGDS,0.4781614815209401,anti-toxic
GSVILLDRY,0.4781395306419674,anti-toxic
GCCVSCGFG,0.4781324181145247,anti-toxic
GSYCSCGLS,0.47811166445768427,anti-toxic
GLVGFLVGD,0.4780950095713341,anti-toxic
GCCLLDSSG,0.4780950095713341,anti-toxic
GFFSRYGNG,0.4780885034087991,anti-toxic
GCSFCRGVD,0.47806332554872555,anti-toxic
GSYCRLGYG,0.47806027018149005,anti-toxic
GSLCFLGCG,0.47804824436062165,anti-toxic
GVNFLFRDD,0.4780336384205749,anti-toxic
GLCDFCCLY,0.47798466351677277,anti-toxic
GFFGHFNDG,0.47796209618639357,anti-toxic
GGYRDGNVD,0.47795966131576684,anti-toxic
GDVNRLDNR,0.47794769546744464,anti-toxic
GRCHLSSFS,0.4779383659332415,anti-toxic
GVGDRFFDD,0.47792476000326334,anti-toxic
GFCRRDSYF,0.4779030631790437,anti-toxic
GIDVYCHDH,0.47789608896962343,anti-toxic
GFVCYDGFG,0.4778805110002875,anti-toxic
GIFNRFFDV,0.47786682482878806,anti-toxic
GCSFFVGYR,0.47786047954818645,anti-toxic
GSYDLSSCG,0.4778592234306256,anti-toxic
GVICHCDDG,0.4778499369072268,anti-toxic
GFCHLFRFD,0.47784628741210045,anti-toxic
GYCVVNVFR,0.4778444763387583,anti-toxic
GCICLFDDS,0.47784088120064294,anti-toxic
GFVDHRGYG,0.4778234286509646,anti-toxic
GFGIFDDHG,0.47780842967616843,anti-toxic
GVFCHFGGG,0.4778003705451494,anti-toxic
GYIHLDSGD,0.4777878618833907,anti-toxic
GFLSCSDGG,0.477767045889814,anti-toxic
GLSCGLIYG,0.4777529558956233,anti-toxic
GSHDHCGYI,0.47775021135660556,anti-toxic
GDCGSLDFD,0.47774749056271065,anti-toxic
GCFYCSGCG,0.4777447932071098,anti-toxic
GVGLSLVFD,0.47773423221296,anti-toxic
GGHVCVDYG,0.477724023007823,anti-toxic
GCNIRGGRR,0.4777215236222785,anti-toxic
GHCLCSSGF,0.47771904487860656,anti-toxic
GDRCSLGYD,0.47771904487860656,anti-toxic
GHFYGICDG,0.4777105281912133,anti-toxic
GDNFFGGFR,0.477702250768725,anti-toxic
GIVCRCYDD,0.4776435572262754,anti-toxic
GDIVSYGVD,0.47762890466864305,anti-toxic
GRNIHVDGD,0.47760193488152,anti-toxic
GICCVFVVN,0.47755103652802094,anti-toxic
GYVCVIHDY,0.4774625470609227,anti-toxic
GLCILCGLG,0.47745089001586966,anti-toxic
GRLGFSHDR,0.47744644715859524,anti-toxic
GVCGYYGGG,0.4774428352466869,anti-toxic
GVSYCCGCS,0.47740725702298725,anti-toxic
GSIILSDGY,0.4773843837685498,anti-toxic
GCLHYVSVY,0.4773517108046155,anti-toxic
GIFCNGLVD,0.47733759070515863,anti-toxic
GSCFLNGFH,0.4773344053899059,anti-toxic
GRICYVSYG,0.47726909965109987,anti-toxic
GVGLYNCVD,0.47712125471966244,anti-toxic
GIFLSGVDH,0.47712125471966244,anti-toxic
GIYVRLNSD,0.47712125471966244,anti-toxic
GYGFGFGGR,0.47712125471966244,anti-toxic
GGYGCDDLF,0.47712125471966244,anti-toxic
GDCNCGGLG,0.47712125471966244,anti-toxic
GYIFRFVGD,0.47712125471966244,anti-toxic
GVFVRDHCG,0.47712125471966244,anti-toxic
GYSYCYSFD,0.47712125471966244,anti-toxic
GGGSVDCCD,0.47712125471966244,anti-toxic
GIVRGLNFH,0.47712125471966244,anti-toxic
GIVGLFGFV,0.47712125471966244,anti-toxic
GFCIFIGFD,0.47712125471966244,anti-toxic
GCFCLNGFI,0.47712125471966244,anti-toxic
GNLRYVCVG,0.47712125471966244,anti-toxic
GNYSGFCYG,0.47712125471966244,anti-toxic
GCFNRVCVF,0.47712125471966244,anti-toxic
GFYVSRSVG,0.47712125471966244,anti-toxic
GCDHCYVDG,0.47712125471966244,anti-toxic
GCFCYDVFY,0.47712125471966244,anti-toxic
GFCGGFYFD,0.47712125471966244,anti-toxic
GSGFLLGYY,0.47712125471966244,anti-toxic
GLDDDGVYD,0.47712125471966244,anti-toxic
GFSNFYVFR,0.47712125471966244,anti-toxic
GHCGGHGYR,0.47712125471966244,anti-toxic
GYSCSGGGG,0.47712125471966244,anti-toxic
GVSRRHYRD,0.47712125471966244,anti-toxic
GYFHLFRDH,0.47712125471966244,anti-toxic
GVFRFIGNG,0.47712125471966244,anti-toxic
GGSDRLVFG,0.47712125471966244,anti-toxic
GCGFVLGDG,0.47712125471966244,anti-toxic
GCSIYDGFR,0.47712125471966244,anti-toxic
GIDFCHVFV,0.47712125471966244,anti-toxic
GLDNDFHCY,0.47712125471966244,anti-toxic
GYGVVCGFI,0.47712125471966244,anti-toxic
GRFCYGGSS,0.47712125471966244,anti-toxic
GICLRLDLR,0.47712125471966244,anti-toxic
GFGFFDDCV,0.47712125471966244,anti-toxic
GFFSCGGVS,0.47712125471966244,anti-toxic
GRCRSHDLY,0.47712125471966244,anti-toxic
GFCGCDCFG,0.47712125471966244,anti-toxic
GLSFHNGLR,0.47712125471966244,anti-toxic
GLFRCSVVD,0.47712125471966244,anti-toxic
GVSYCFHFS,0.47712125471966244,anti-toxic
GNCGYGFVD,0.47712125471966244,anti-toxic
GVYHGLSDS,0.47712125471966244,anti-toxic
GNCFIYNSC,0.47712125471966244,anti-toxic
GGNLYNGFC,0.47712125471966244,anti-toxic
GYYRLVLYH,0.47712125471966244,anti-toxic
GCYDGCGVS,0.47712125471966244,anti-toxic
GHRRRIVDH,0.47712125471966244,anti-toxic
GLYNVCGCG,0.47712125471966244,anti-toxic
GFVHGCVVY,0.47712125471966244,anti-toxic
GSRHCCSDG,0.47712125471966244,anti-toxic
GLRCGLVDS,0.47712125471966244,anti-toxic
GGHVGFDYG,0.47712125471966244,anti-toxic
GLNVHLCCG,0.47712125471966244,anti-toxic
GVCNDDDCS,0.47712125471966244,anti-toxic
GGFGCFGCG,0.47712125471966244,anti-toxic
GHCLRCGCD,0.47712125471966244,anti-toxic
GFFCFDDHY,0.47712125471966244,anti-toxic
GVSLFVGHR,0.47712125471966244,anti-toxic
GVFCDGSYG,0.47712125471966244,anti-toxic
GYCCNNSVD,0.47712125471966244,anti-toxic
GYDCDFYFS,0.47712125471966244,anti-toxic
GYNHFCVVD,0.47712125471966244,anti-toxic
GLILRCCDG,0.47712125471966244,anti-toxic
GVRFDDCCD,0.47712125471966244,anti-toxic
GYCVRDCGG,0.47712125471966244,anti-toxic
GFNGCIRDS,0.47712125471966244,anti-toxic
GYYVRCVID,0.47712125471966244,anti-toxic
GLLLHSSFR,0.47712125471966244,anti-toxic
GRSSSCCVD,0.47712125471966244,anti-toxic
GRSCIDGHV,0.47712125471966244,anti-toxic
GFYYSHGRF,0.47712125471966244,anti-toxic
GNCCVCGFV,0.47699750646924455,anti-toxic
GNGCLLGYS,0.4769712134392261,anti-toxic
GFCGLLDVR,0.47695425049460766,anti-toxic
GLICYFCVD,0.4769458530686905,anti-toxic
GFGRNVCYG,0.4769268960312974,anti-toxic
GFVVLDVLD,0.4768932187564799,anti-toxic
GNYSINGCD,0.47688308938224133,anti-toxic
GGVVYIDVD,0.47687287353937013,anti-toxic
GGNLRLCYG,0.4768715884397752,anti-toxic
GGHIGCHFR,0.4768560367072042,anti-toxic
GIFVCDYGS,0.47683046496530784,anti-toxic
GFCFVCDDN,0.47678209462284454,anti-toxic
GFFRFCVGN,0.47677312285179985,anti-toxic
GYRCFVGCG,0.47674798913424116,anti-toxic
GFVLFCGVG,0.476743114093332,anti-toxic
GDCHVLGYI,0.47673087763099276,anti-toxic
GCVGNDVYR,0.4767222703260486,anti-toxic
GVYVGSGGH,0.4767062575720755,anti-toxic
GFGIGDVHS,0.47668761066775417,anti-toxic
GVFCVVGGG,0.47665850083261596,anti-toxic
GDGFVNCFY,0.47665850083261596,anti-toxic
GHRDCVGVY,0.4766540201593691,anti-toxic
GRRVRGVGS,0.4766509845254678,anti-toxic
GLYDRRCLY,0.4766509845254678,anti-toxic
GCCDNLVFR,0.4766112200375502,anti-toxic
GFDVSIDGN,0.47660760063033125,anti-toxic
GCCYDCGFV,0.4766048521833096,anti-toxic
GLSVGYDGY,0.4766008298737991,anti-toxic
GSRLIYHDI,0.47658075124989213,anti-toxic
GLYGICGCD,0.4765553986371314,anti-toxic
GFSLGDCVN,0.47655317814173476,anti-toxic
GCYGIYGGG,0.47654754990452536,anti-toxic
GVCLGFDGH,0.476536870937516,anti-toxic
GFVCCHNYG,0.47651680857908013,anti-toxic
GDFCVSGFL,0.4765151213597179,anti-toxic
GFLCYGDFD,0.47650479687037595,anti-toxic
GLYVIGVLN,0.47650216055651584,anti-toxic
GNFDFGHLS,0.4764886333668637,anti-toxic
GVCFCIGVD,0.47645052951776945,anti-toxic
GFCHGNVHR,0.47644740744420677,anti-toxic
GRRVVDGFC,0.4764213440413361,anti-toxic
GYYSRDDLG,0.47641794366408824,anti-toxic
GSGHGSVIG,0.47641794366408824,anti-toxic
GSRSYDDGY,0.47641451008541336,anti-toxic
GNFFVNYYY,0.47641451008541336,anti-toxic
GLLFSYGSG,0.4764110428166555,anti-toxic
GGFYDHRFD,0.476383912468008,anti-toxic
GSNDHSCVD,0.47637052941275526,anti-toxic
GNNFLLCFS,0.4763566515610692,anti-toxic
GGSNSGFVD,0.4763519108835662,anti-toxic
GHFFFGGLS,0.47632729749322805,anti-toxic
GIDVYYRSG,0.47632511429156765,anti-toxic
GGHNVDRCR,0.4762955995624181,anti-toxic
GRNNVDSGH,0.4762688609584848,anti-toxic
GISFVNFSC,0.4762430047097407,anti-toxic
GGCRSSGDD,0.4762430047097407,anti-toxic
GCRFNVGYD,0.4762303939315861,anti-toxic
GLLFDHNSS,0.47621173714765747,anti-toxic
GHGISSNFG,0.4762040537833889,anti-toxic
GIYNFDCDS,0.4761862823845894,anti-toxic
GYIDNVVDD,0.4761709381875131,anti-toxic
GFGRGDCGH,0.4761646585577903,anti-toxic
GFCFGDRFG,0.4761550819476419,anti-toxic
GFGVCCGFI,0.4761420108281122,anti-toxic
GVIRSDDCD,0.4761420108281122,anti-toxic
GCNYLCSYS,0.4761386875994056,anti-toxic
GLFYCDVCS,0.4761285811859848,anti-toxic
GYLISSFFY,0.47611126709725,anti-toxic
GFCCNVGGS,0.4761077315481102,anti-toxic
GFCRGGVLS,0.47609333830629397,anti-toxic
GNCVSSDFN,0.47609333830629397,anti-toxic
GGVYGYGFD,0.47608227221000454,anti-toxic
GSYLVFDCD,0.4760709652551645,anti-toxic
GFYVGDCVF,0.4760594094916595,anti-toxic
GDYVCIGYR,0.47603957425537463,anti-toxic
GLSSDHFFD,0.4760133600323533,anti-toxic
GGYIGCGIG,0.47600624901887095,anti-toxic
GRSIYLLHG,0.47600624901887095,anti-toxic
GLFFYGCCG,0.4760010723036745,anti-toxic
GYDDRRVVF,0.47599883896722495,anti-toxic
GFCNVYDNG,0.475997594372506,anti-toxic
GYICYCVDD,0.4759938439721856,anti-toxic
GHCDRLRDD,0.4759813735353548,anti-toxic
GFCISFGIS,0.4759798756608533,anti-toxic
GGYRGSCVD,0.47597080508823,anti-toxic
GCYGGFGYI,0.47596851487393477,anti-toxic
GRFDVDGHG,0.47596774944153064,anti-toxic
GFFCYYGFG,0.47596158919242376,anti-toxic
GGYRYFRSD,0.4759427072341197,anti-toxic
GIYGDSGLR,0.4759427072341197,anti-toxic
GDSDLDDCS,0.4759395002982341,anti-toxic
GNYGDIGVG,0.47591822214456064,anti-toxic
GCFCHIGVG,0.4759132025306943,anti-toxic
GNRDNFGIR,0.4759081408529429,anti-toxic
GLHFHDHFG,0.47587507170706345,anti-toxic
GGYRGICDG,0.4758714855639552,anti-toxic
GYRNFYVHR,0.4758714855639552,anti-toxic
GFCDRFVLG,0.47586373103926,anti-toxic
GRNVIDDYY,0.4758550891525376,anti-toxic
GHGDGVGLG,0.47584391708737894,anti-toxic
GCLFCCGYD,0.47583540779394373,anti-toxic
GHLYCGGCS,0.47580321279174925,anti-toxic
GLHDVFGYD,0.47579110212731535,anti-toxic
GCNFVCHDD,0.47579110212731535,anti-toxic
GCSYRCGYN,0.4757709404351039,anti-toxic
GCHFDNCFG,0.4757403490032769,anti-toxic
GRCYCDDID,0.4757270497280572,anti-toxic
GFFYRGGFC,0.4757243590737118,anti-toxic
GFRHHDCGG,0.4757225595270976,anti-toxic
GGVYGLGDG,0.47571349179527206,anti-toxic
GCICHFHDR,0.4756889115467675,anti-toxic
GVCIVNDGG,0.47568556917450805,anti-toxic
GFCGIRGCS,0.47568556917450805,anti-toxic
GFVYHFDCF,0.4756711883244297,anti-toxic
GFCYGLDVR,0.47566388931884296,anti-toxic
GSHDNDVVR,0.47566143996061955,anti-toxic
GFIRFDVLD,0.4756565164613887,anti-toxic
GIGVFVGCS,0.47563901955422844,anti-toxic
GNYLGFSFG,0.4756293450357282,anti-toxic
GSVCRGGFR,0.47562316947462496,anti-toxic
GSIVVYDCG,0.47561850414795764,anti-toxic
GFCHRCGVD,0.47560274099812055,anti-toxic
GFGVVYSCG,0.47558664364619435,anti-toxic
GSLGRFVLS,0.47556184736414114,anti-toxic
GRNFRFGLG,0.4755448664847074,anti-toxic
GLGDVGVVR,0.4755379701301208,anti-toxic
GCSILCGDN,0.4755362366030013,anti-toxic
GSGGLRGYG,0.4755333389400305,anti-toxic
GCNICCHFR,0.4755275117131051,anti-toxic
GLDSLRGVG,0.4755216415598694,anti-toxic
GHCYSSDSD,0.47550977056308313,anti-toxic
GRDSVYDHC,0.47550977056308313,anti-toxic
GRVNFDHVF,0.4755037687460433,anti-toxic
GVCHRVCFL,0.47549162998615424,anti-toxic
GCNSGDDGY,0.47549162998615424,anti-toxic
GYFGCIDDR,0.47549162998615424,anti-toxic
GIGGSGGLG,0.4754768207901525,anti-toxic
GFVGRNLGG,0.4754476708300963,anti-toxic
GCNDYFCFS,0.47544249545150824,anti-toxic
GYLHVGGSG,0.47543467208772683,anti-toxic
GGFSCNSFV,0.47543467208772683,anti-toxic
GFCGYGGIG,0.47543467208772683,anti-toxic
GRCRYVCGD,0.47543073299807437,anti-toxic
GYSGFLVFD,0.4754302941853573,anti-toxic
GDSHCCDSG,0.47542279936011966,anti-toxic
GLSLYINSC,0.4754147909056453,anti-toxic
GLICVCGFI,0.4754147909056453,anti-toxic
GFRNSFGDG,0.47540212538174054,anti-toxic
GGSLGCGDS,0.47539956968227937,anti-toxic
GSHVDGGSG,0.47539956968227937,anti-toxic
GFCLRDCVG,0.4753944354191565,anti-toxic
GHFNYLVID,0.4753944354191565,anti-toxic
GDIFVCGYI,0.4753944354191565,anti-toxic
GFFDDGYFY,0.4753914877824072,anti-toxic
GVFVFDCDG,0.4753805931433612,anti-toxic
GFFGGGCVD,0.4753608368981817,anti-toxic
GHCVYDNFD,0.47535761988216135,anti-toxic
GVHFDVVDH,0.475355314805593,anti-toxic
GRCYGDDGS,0.4753522319808158,anti-toxic
GGCHRIGFG,0.475346811058487,anti-toxic
GDYVGCDHR,0.47533770197924524,anti-toxic
GFHFGSNFD,0.4753303471017815,anti-toxic
GYCCYRGGS,0.4752987825450037,anti-toxic
GCGHGDHVD,0.4752907167855219,anti-toxic
GYRVSVGCD,0.4752790696376564,anti-toxic
GLHGGIGID,0.4752731903058495,anti-toxic
GRHLGDGYH,0.4752731903058495,anti-toxic
GGYVLLGFS,0.4752672733260693,anti-toxic
GHLLHCGGG,0.47525171036938874,anti-toxic
GCIFSIGSS,0.47524929284766165,anti-toxic
GRCVRISDD,0.47522476925225143,anti-toxic
GRVGSSDFD,0.47522363926724637,anti-toxic
GSIVRFVGG,0.47521784269444334,anti-toxic
GLCGFRGYG,0.4752122649123314,anti-toxic
GFYYFCGNG,0.4751995945847911,anti-toxic
GLVIFGGLG,0.47518675494246276,anti-toxic
GCICDFGID,0.4751737425686575,anti-toxic
GDVVSFCFY,0.47516936612214045,anti-toxic
GFCCGCGYS,0.475151661856758,anti-toxic
GFHYRCGDD,0.47514268873757454,anti-toxic
GCDGFVDCG,0.47513363348414894,anti-toxic
GGFNCLDGF,0.47511989411839056,anti-toxic
GCRCIGGYG,0.47510596348433687,anti-toxic
GSHCRDGLY,0.47510596348433687,anti-toxic
GLYIVNGFG,0.47510596348433687,anti-toxic
GGYYRVGFG,0.47510596348433687,anti-toxic
GCDHGHDVD,0.47507751220967614,anti-toxic
GLFGCYHDD,0.47507751220967614,anti-toxic
GIRVRFGGD,0.47507751220967614,anti-toxic
GCNRRDGGD,0.4750717252816385,anti-toxic
GFIFRDVSG,0.47506298318028845,anti-toxic
GNRGGHGID,0.47506298318028845,anti-toxic
GVVYCLDGN,0.47505318185028944,anti-toxic
GHCNHDGGS,0.47503830357137,anti-toxic
GIYVRSGLD,0.47502422272684397,anti-toxic
GLLYRCYVD,0.4750181296318981,anti-toxic
GVCDDFCYG,0.4750181296318981,anti-toxic
GGDGFSGFC,0.47501430343420803,anti-toxic
GDVHFNGDN,0.47500583659704143,anti-toxic
GCHGRDGID,0.47497127764610336,anti-toxic
GFSNYCGDV,0.4749551929631548,anti-toxic
GHGYCSGVF,0.4749443354653879,anti-toxic
GNFICLDGL,0.47494215089099345,anti-toxic
GLFGCFDGF,0.4749317928455865,anti-toxic
GIFLSYCDD,0.47492507061147893,anti-toxic
GHFVFSGYH,0.47492229061972424,anti-toxic
GCLDDYCYR,0.47490546174010256,anti-toxic
GGYDRIVFD,0.4748940986495034,anti-toxic
GVCFGSGFC,0.4748883732873705,anti-toxic
GFVGNFGGD,0.47486400181124944,anti-toxic
GSFSDYHDG,0.47486047667367237,anti-toxic
GRLVHGRIV,0.47485339326384035,anti-toxic
GYVNGLGGD,0.47482643045337036,anti-toxic
GFIHCFSFR,0.47482643045337036,anti-toxic
GFLHRVHDS,0.4747863325260207,anti-toxic
GRLYFRGGN,0.47476095281269143,anti-toxic
GFSCGHRDH,0.4747448083965091,anti-toxic
GFVGNYGGD,0.4747317329726815,anti-toxic
GIVCCDCVD,0.4747258019730583,anti-toxic
GLYRDGDYY,0.47472183158920783,anti-toxic
GCGVLDDVD,0.47472183158920783,anti-toxic
GHRRRGGDS,0.47471184780801423,anti-toxic
GCVFGYRSD,0.47470178059624957,anti-toxic
GFIDRYSGS,0.4746702700225442,anti-toxic
GVHFFVGYN,0.47466587301653623,anti-toxic
GIYSISGGD,0.47466065617200565,anti-toxic
GCHYYGVYD,0.47463956521301826,anti-toxic
GSICLDVSD,0.47462888356409494,anti-toxic
GGDGGIGSG,0.47461087500206284,anti-toxic
GCDFGVGLR,0.47460724201548155,anti-toxic
GLDGRDFVS,0.47460359849841594,anti-toxic
GGSCYVGVR,0.47457406570578253,anti-toxic
GHRHCNGYR,0.47457406570578253,anti-toxic
GIYVCFDVD,0.47453954171976304,anti-toxic
GFIFCVGCG,0.47453616088516903,anti-toxic
GRSYYGGCG,0.47453506130664513,anti-toxic
GFVRFGSFD,0.4745284441413829,anti-toxic
GCDCHGGLS,0.4745284441413829,anti-toxic
GCDSHDGLS,0.4745284441413829,anti-toxic
GCLSHDNDN,0.4745128716121343,anti-toxic
GSCHSDDFH,0.47450501498906134,anti-toxic
GFIVCDDFV,0.4745021750059203,anti-toxic
GCGVFDVCD,0.47447744966214817,anti-toxic
GGYVIDSDG,0.4744751263086344,anti-toxic
GVCNVDRYD,0.474474262308376,anti-toxic
GFFCDDVYG,0.47446906643495557,anti-toxic
GFVGSYCVD,0.47445497561788735,anti-toxic
GYFNVSGGG,0.47445463216321626,anti-toxic
GRFFFSVFD,0.4744453714427335,anti-toxic
GFSIGGSFG,0.4744296162190591,anti-toxic
GVRYDYGVD,0.47442496102724946,anti-toxic
GNDGYNRDR,0.47442376479343157,anti-toxic
GDDRCFGGG,0.4744069053719715,anti-toxic
GCDLDCCLY,0.47438121735363353,anti-toxic
GFCCGVGDG,0.4743603141946806,anti-toxic
GLFFGIGVG,0.4743603141946806,anti-toxic
GLLLDVGCD,0.4743283545354923,anti-toxic
GLYCYRGFN,0.47432235470843115,anti-toxic
GSCHCFRFR,0.4743011507720143,anti-toxic
GDSFNSGSD,0.47428734918679993,anti-toxic
GCDLFCGID,0.4742702960226396,anti-toxic
GVFSYSGSG,0.47424512181120076,anti-toxic
GIGLFRGCG,0.4742120942020645,anti-toxic
GVLDYGSFS,0.47420651571244515,anti-toxic
GLHRRDYDS,0.4741901222305901,anti-toxic
GIDGFVDLY,0.4741868213806131,anti-toxic
GYLFCNHYD,0.4741688675377488,anti-toxic
GCSVFFGGN,0.4741677723625024,anti-toxic
GFFYCLGLC,0.47415677575592347,anti-toxic
GGDYIICDS,0.47415677575592347,anti-toxic
GCDHFCGDG,0.47415677575592347,anti-toxic
GFRDCVGCG,0.47415677575592347,anti-toxic
GVCRRLFCG,0.47415677575592347,anti-toxic
GCYHFNGFV,0.47415677575592347,anti-toxic
GDYVFVGFN,0.4741415210278127,anti-toxic
GFNFIHDGD,0.474126108490303,anti-toxic
GGFGCCGCG,0.47411053568185674,anti-toxic
GDYFVIGCS,0.47410321281782347,anti-toxic
GLISSGVLD,0.4740948000894746,anti-toxic
GCCLHSGVG,0.4740948000894746,anti-toxic
GYDHGDRGG,0.4740948000894746,anti-toxic
GCLSDCGDG,0.4740948000894746,anti-toxic
GGSDHFVCD,0.4740842179941803,anti-toxic
GLGVGDVVR,0.47407661393416095,anti-toxic
GNFVFDHCD,0.4740674386478588,anti-toxic
GFYRYFVFD,0.47406067487970543,anti-toxic
GFVIRNRLG,0.47403017774252054,anti-toxic
GIYVCCHGD,0.47403017774252054,anti-toxic
GDCVGNGVD,0.47402190538789024,anti-toxic
GLIGCGGVG,0.4740099587205703,anti-toxic
GCFGHSGSG,0.47400354942883594,anti-toxic
GLVGLGGHS,0.47399682051051345,anti-toxic
GDIFRFRDD,0.4739900624832987,anti-toxic
GCGVCCDDD,0.4739855408668039,anti-toxic
GFVNCVFFC,0.473945412546213,anti-toxic
GRDSGFGGD,0.4739395959334732,anti-toxic
GFYLHYDVY,0.4739395959334732,anti-toxic
GYGSGNVFG,0.4739395959334732,anti-toxic
GCIYYNGHG,0.4739395959334732,anti-toxic
GFCYVLNGY,0.47393292223166666,anti-toxic
GGGLHFSDG,0.47392789855331213,anti-toxic
GFCYCYGGS,0.47392789855331213,anti-toxic
GRHVDSNFR,0.47390126234596625,anti-toxic
GRNCSNGCG,0.473892284589464,anti-toxic
GCHYNGVYD,0.4738778155823862,anti-toxic
GHCCDLGGG,0.4738663557866918,anti-toxic
GNVRVGDYG,0.47385586729189505,anti-toxic
GIDGGFYDG,0.47383734885074,anti-toxic
GCCVRSFCL,0.4738186191695768,anti-toxic
GVGVCGGSG,0.4738186191695768,anti-toxic
GVIGSDNFG,0.4738060135681855,anti-toxic
GCVLGFDGG,0.4737996746132301,anti-toxic
GINCSYCDG,0.47378600917429925,anti-toxic
GCLYNDDVF,0.4737805114626333,anti-toxic
GYNYCCLYD,0.47377407451408043,anti-toxic
GLFGCDSYD,0.4737513485240041,anti-toxic
GFDGGCGHS,0.47374151406828185,anti-toxic
GVCCIDCYD,0.47374151406828185,anti-toxic
GGLRRDGHS,0.47373020416888395,anti-toxic
GLVCFLVFN,0.47371500602775096,anti-toxic
GFGHLDVVY,0.4737130966759324,anti-toxic
GCYVGDVGD,0.47371166325673403,anti-toxic
GIFDFVDCS,0.4737015954615252,anti-toxic
GCYIISRYG,0.4737015954615252,anti-toxic
GNVRGLRDD,0.4736934983153829,anti-toxic
GCSFFGFVD,0.4736812804422538,anti-toxic
GFGYSNGGS,0.47367718843950346,anti-toxic
GFRVFLIDR,0.4736710321490795,anti-toxic
GFCVDDRYY,0.47366072261015596,anti-toxic
GCYLGVGLS,0.47366072261015596,anti-toxic
GFVYGDVFV,0.47361886088359184,anti-toxic
GCFCCFSLG,0.4736127978162535,anti-toxic
GGCRGLSGG,0.47359754790906217,anti-toxic
GVYFGLYDD,0.47358559490475677,anti-toxic
GHFFHFSVY,0.4735541341983059,anti-toxic
GYVFYDRGS,0.4735409007079189,anti-toxic
GHVCDYGCD,0.4735320236962186,anti-toxic
GRDCVFFFN,0.473505126567922,anti-toxic
GSIGFCGVR,0.4735021130929318,anti-toxic
GRCLIYGDN,0.47349995753393653,anti-toxic
GFNDDSDFV,0.47348697006456836,anti-toxic
GFVRSVYDG,0.473457705923733,anti-toxic
GGYHNYNGN,0.47345630063325705,anti-toxic
GHFGGGGFR,0.47345010452557057,anti-toxic
GDCFGGVVD,0.4734459621346098,anti-toxic
GCYYCYSLD,0.4734198588894217,anti-toxic
GFYHVNLYS,0.47341248340253805,anti-toxic
GCYFRFDGC,0.47339338220041927,anti-toxic
GVIGYCGIS,0.47336435861088044,anti-toxic
GCCYDFNFF,0.4733570319612766,anti-toxic
GGGLCSGGD,0.4733568313785114,anti-toxic
GYGCHHSYG,0.47335458339019976,anti-toxic
GFCVFCYDD,0.47333487954229847,anti-toxic
GFCCRFYDS,0.47333377883788963,anti-toxic
GGVHGFGYR,0.47333021334678516,anti-toxic
GHNGFIDGD,0.47332826570252334,anti-toxic
GRVRCFGGG,0.47332826570252334,anti-toxic
GCRRGYRVD,0.47332571576149096,anti-toxic
GRCRGSDDH,0.47332436440418296,anti-toxic
GSNLCCDFG,0.47330924106252104,anti-toxic
GYNILVGGR,0.4732948468666096,anti-toxic
GSDHHCFHC,0.4732948468666096,anti-toxic
GLYCGCGYG,0.4732948468666096,anti-toxic
GVGHRFVCG,0.4732948468666096,anti-toxic
GCYRGGGFG,0.4732948468666096,anti-toxic
GYFDCYDSY,0.4732948468666096,anti-toxic
GRYDSDRFN,0.473282162476758,anti-toxic
GYRSIDHCS,0.47327451139581694,anti-toxic
GIISVHGFR,0.4732693937101537,anti-toxic
GDRFCIDSC,0.4732693937101537,anti-toxic
GCLDVSLGV,0.4732693937101537,anti-toxic
GCNIRYRGY,0.4732693937101537,anti-toxic
GLCDDNRFF,0.473212187086782,anti-toxic
GFRYFGVFD,0.47316950332389435,anti-toxic
GDRDFVGCI,0.47316410222224575,anti-toxic
GFFCVHDCG,0.47315506750206104,anti-toxic
GRIVGDVVR,0.4731510388149779,anti-toxic
GVFRCDGHS,0.4731446914587233,anti-toxic
GRDCFFRSG,0.4731423493626641,anti-toxic
GRDVNRGLD,0.4731368737280736,anti-toxic
GIFFNDGLD,0.4731231184789069,anti-toxic
GNYCRFDNS,0.47311112020822127,anti-toxic
GCRCLSDYG,0.4731092679257567,anti-toxic
GDFYCDDYS,0.47309731941582434,anti-toxic
GVFSVIDSC,0.4730812769179224,anti-toxic
GGYYRYGVG,0.4730812769179224,anti-toxic
GCSDLYVYD,0.47301964176675865,anti-toxic
GSVRSLNYD,0.4730046885248303,anti-toxic
GFGYYIVDV,0.47299910665640477,anti-toxic
GIYCGCGFI,0.47296529494850476,anti-toxic
GHFLFFSCG,0.47296529494850476,anti-toxic
GYDVGFHHR,0.47296529494850476,anti-toxic
GCCVRDVDR,0.472950327276676,anti-toxic
GLHFGIDDN,0.47293525140230597,anti-toxic
GFNYYFSFF,0.47293525140230597,anti-toxic
GHFVRGVYG,0.4729135244024513,anti-toxic
GCCVSSCFD,0.472904770318499,anti-toxic
GCFCGDVVD,0.47289793636257627,anti-toxic
GYHVCLNGG,0.4728879564242324,anti-toxic
GVFVNDNYF,0.4728842017764078,anti-toxic
GIDFFGHFD,0.4728782881402595,anti-toxic
GIFHGIIYD,0.4728572838850912,anti-toxic
GHGLFSGNG,0.4728529699269892,anti-toxic
GYYRSRCVY,0.47284245674038744,anti-toxic
GRGNCCDGY,0.4728170125313458,anti-toxic
GFFDRDSGG,0.47281478568277957,anti-toxic
GCFSCYDGG,0.47281416670475207,anti-toxic
GYDVCFVFR,0.47279126389752707,anti-toxic
GYRCVYGYI,0.4727782737088802,anti-toxic
GSNIFGVCD,0.4727564493172124,anti-toxic
GRNLDFGFV,0.4727454546593744,anti-toxic
GCLIGNGGG,0.47272819195383703,anti-toxic
GISGGLVYG,0.4727255240564169,anti-toxic
GLYGSHFVG,0.47271213581460736,anti-toxic
GFYCRSGVR,0.47271213581460736,anti-toxic
GCCFRDVCV,0.47271213581460736,anti-toxic
GLGYGHGVS,0.47271213581460736,anti-toxic
GVYHRFLDD,0.47271213581460736,anti-toxic
GCGHFNGHS,0.47271213581460736,anti-toxic
GLVIHRDSG,0.47269716401483336,anti-toxic
GFINSFLDG,0.4726928676639397,anti-toxic
GSYYRGVDS,0.4726820901899177,anti-toxic
GFSCCLDGS,0.47267830566994345,anti-toxic
GCCFYVDFD,0.47266119516802935,anti-toxic
GCCNVVNFL,0.4726090636693738,anti-toxic
GNLRDFSGH,0.4726020205802692,anti-toxic
GGCYFHGFR,0.4726020205802692,anti-toxic
GVYVFSGYC,0.4725736269689418,anti-toxic
GCFGGGSFR,0.4725736269689418,anti-toxic
GYGVNCYYD,0.4725736269689418,anti-toxic
GFHGFGFVD,0.4725736269689418,anti-toxic
GFDVVGDGD,0.47255095767881666,anti-toxic
GCGHDSGFV,0.472549691645179,anti-toxic
GYCRFDSDD,0.4725448743136363,anti-toxic
GCLRGVGGD,0.47254165711490964,anti-toxic
GLCCSSGIG,0.4725303612095054,anti-toxic
GCFGHDVFR,0.4725115656905496,anti-toxic
GRHSLVGFV,0.4725010570829173,anti-toxic
GYVSLDNIR,0.4724862642807664,anti-toxic
GFVIIFGHV,0.4724825512672547,anti-toxic
GVYFCLDHN,0.4724763496738989,anti-toxic
GSIVCFDGH,0.47246389660698945,anti-toxic
GYFIYDYDS,0.47245639266349154,anti-toxic
GNSHSGGFR,0.47244944445205217,anti-toxic
GSRCCCDGG,0.4724429924418918,anti-toxic
GYFNRDDFV,0.4724261335112826,anti-toxic
GCFCRIGGD,0.47240915263184885,anti-toxic
GICFNYDSC,0.4724057417055785,anti-toxic
GGCHHVGGG,0.4724006160470781,anti-toxic
GYCHFHDSC,0.4724006160470781,anti-toxic
GYFGYCGVR,0.4723969480348492,anti-toxic
GIIYDGGLD,0.4723954792333872,anti-toxic
GVGFSDGCD,0.47238775301707675,anti-toxic
GFIVCCDFG,0.47238423274276337,anti-toxic
GYHRYLVHC,0.47238221880555703,anti-toxic
GFCNFYGNG,0.4723748196952008,anti-toxic
GDYGIGDGG,0.4723748196952008,anti-toxic
GFCGYGDGG,0.4723748196952008,anti-toxic
GVRGGFGSS,0.47234873985841747,anti-toxic
GCVCFDDVG,0.4723296748324776,anti-toxic
GCCLRSSSG,0.4723223718378937,anti-toxic
GCSFGCVVS,0.4723090782618691,anti-toxic
GINNDGGCD,0.47229953766864624,anti-toxic
GFFLCFSGG,0.47228496329470304,anti-toxic
GFYVYDSYV,0.47226875192525036,anti-toxic
GCYLRSGVV,0.47226875192525036,anti-toxic
GRVDDYVCN,0.4722414901015759,anti-toxic
GFYRCCDGD,0.4722218290704801,anti-toxic
GVHRGDYGN,0.4722206732711657,anti-toxic
GLGYGFDCD,0.4722139202249183,anti-toxic
GDYGSLGFG,0.4721947242947912,anti-toxic
GLFFRLHYF,0.47217197629101976,anti-toxic
GVYYRNGGG,0.47216298674744156,anti-toxic
GFCCDGFLF,0.47215783518811233,anti-toxic
GGCSFVGVR,0.47215783518811233,anti-toxic
GYYGYDCFD,0.47215484781063455,anti-toxic
GVFFSIGCD,0.4721515242818339,anti-toxic
GCYGCHGYD,0.47213504056892835,anti-toxic
GLLYCVFYD,0.47212520722657014,anti-toxic
GFVFGIGCG,0.47212212634817946,anti-toxic
GCFGISGDR,0.4721197274811688,anti-toxic
GIYISGDYG,0.4721106757664813,anti-toxic
GSYFSCRYG,0.47210045334461165,anti-toxic
GVGYDFYFN,0.47210045334461165,anti-toxic
GLFLCFCVD,0.47210045334461165,anti-toxic
GCCGRSCYG,0.47210045334461165,anti-toxic
GGDVLDGFY,0.4720838140280485,anti-toxic
GLHLGIFFR,0.47207126198302085,anti-toxic
GCDGCSGCG,0.47207126198302085,anti-toxic
GGVDRNVFY,0.4720565386388861,anti-toxic
GVGYYVLYD,0.4720565386388861,anti-toxic
GLFDFCFVR,0.4720525082693744,anti-toxic
GYVHHSGYC,0.4720512171960222,anti-toxic
GVVHCSVFV,0.47204172919038745,anti-toxic
GVFCGCGSG,0.47202981912767084,anti-toxic
GNCDFDNVF,0.47202981912767084,anti-toxic
GCGRDGRVG,0.47201184894118214,anti-toxic
GCHGVRDVI,0.47201184894118214,anti-toxic
GFNYCCRGG,0.47201184894118214,anti-toxic
GCNICFVDR,0.4719892070308542,anti-toxic
GVYDNFRGR,0.47198713872058984,anti-toxic
GIYFDVGHY,0.4719816150672514,anti-toxic
GVCGCVVHI,0.4719816150672514,anti-toxic
GRCFFCDGG,0.4719816150672514,anti-toxic
GCCYGHGVF,0.47197291098608335,anti-toxic
GHHSSVGDD,0.4719571691196553,anti-toxic
GGNVIGFIV,0.47195102125357213,anti-toxic
GYNLLLDDV,0.47194406249739407,anti-toxic
GYYVHCDDD,0.4719396578337995,anti-toxic
GCFHFRLCC,0.4719200610338547,anti-toxic
GGYHCDVHD,0.4719200610338547,anti-toxic
GVHSRLDCG,0.4719200610338547,anti-toxic
GGSCCCGGG,0.4719200610338547,anti-toxic
GRRDLDDCV,0.4719200610338547,anti-toxic
GLSCGFGLR,0.4719115528795596,anti-toxic
GCCRRIGFV,0.4719030168439071,anti-toxic
GCLFCLDSG,0.47187291916331686,anti-toxic
GVCCFFSVD,0.47185701472730524,anti-toxic
GLYVDCSFS,0.47184902630667236,anti-toxic
GCCCCDGGD,0.471824914909714,anti-toxic
GLLGYCGLG,0.471824914909714,anti-toxic
GRFFNYIDD,0.4718141277987261,anti-toxic
GCYHCIHDI,0.47181103769152155,anti-toxic
GCYYGLRGG,0.47180546642078736,anti-toxic
GGFSDYDCS,0.4717830639405439,anti-toxic
GFIGDYGFV,0.4717776155886997,anti-toxic
GCCSVIGVG,0.47176613777089194,anti-toxic
GCCDVNGYV,0.4717462544042752,anti-toxic
GIIHCNGDG,0.47174586305825766,anti-toxic
GLDSSHHFD,0.47172622283295623,anti-toxic
GSNGGLGVG,0.47170159109532644,anti-toxic
GGIVCCSYG,0.4716445808584883,anti-toxic
GGFFVLVHS,0.47163180072541977,anti-toxic
GYLLYYFDD,0.47162991626156636,anti-toxic
GYSVGSNFH,0.4716237828084447,anti-toxic
GCNDDIGGN,0.4716237828084447,anti-toxic
GLCYCGGSG,0.4716237828084447,anti-toxic
GDGNLFGGS,0.4716168149770046,anti-toxic
GCRYDLGYN,0.47159756204638253,anti-toxic
GLYHHDSFF,0.4715887661197014,anti-toxic
GCYDDDRVS,0.47157108995689945,anti-toxic
GFGDDFHLR,0.47157108995689945,anti-toxic
GINSHVFDD,0.47156699479014486,anti-toxic
GGRSGIGFI,0.4715565434082922,anti-toxic
GSGVDGVYS,0.4715565434082922,anti-toxic
GCGVCFDVD,0.4715565434082922,anti-toxic
GYYHNSGDI,0.4715318019955506,anti-toxic
GVSVYCGYC,0.4715173772016639,anti-toxic
GVLLFVDDF,0.4715173772016639,anti-toxic
GFRGIFRGN,0.4715173772016639,anti-toxic
GFFYVYGHD,0.47147365261245977,anti-toxic
GCNHRVGLG,0.47146261464161365,anti-toxic
GSVFLVGVG,0.47146261464161365,anti-toxic
GFRVFGSCG,0.4714441218279719,anti-toxic
GCFNCVGVR,0.4714441218279719,anti-toxic
GFVFDDRFH,0.4714441218279719,anti-toxic
GYFDRRGFG,0.4714420006642626,anti-toxic
GGFGNIDDD,0.4714228386208959,anti-toxic
GDFCIDVFY,0.4714067711952331,anti-toxic
GYRGGCDDY,0.4714067711952331,anti-toxic
GHCNFLGFV,0.4714067711952331,anti-toxic
GLFVSSSSG,0.4714001288294332,anti-toxic
GVICSYNYG,0.4713815965277728,anti-toxic
GYDCSGGCG,0.47136892583057116,anti-toxic
GHYIDSSYR,0.47135802062192,anti-toxic
GGRLGYDVD,0.4713498145417871,anti-toxic
GCVDLFHYG,0.4713434158607025,anti-toxic
GVYVHCDGD,0.4713382866911247,anti-toxic
GLVFRDGRR,0.4713340833192681,anti-toxic
GVSNSYVFR,0.4712995256948222,anti-toxic
GNFGFDCCY,0.4712917110589386,anti-toxic
GCCFGLVCG,0.4712770019267666,anti-toxic
GVHIICGFV,0.47127359696405147,anti-toxic
GCYVGLVHS,0.4712655100706103,anti-toxic
GDYRCDDDF,0.4712655100706103,anti-toxic
GHCSHYDGN,0.47125798075859127,anti-toxic
GDGVRYCDD,0.471239072493708,anti-toxic
GNGSVLHDY,0.4712378651123191,anti-toxic
GYFVYDGFL,0.4712238578470353,anti-toxic
GGVHCVLIF,0.4712123951091422,anti-toxic
GGSRGGGCD,0.4712123951091422,anti-toxic
GVICDSGSG,0.4712023285974211,anti-toxic
GNYVRIGDG,0.4711962722096581,anti-toxic
GFSVHVGGN,0.4711854746391566,anti-toxic
GFCVCDDCG,0.47118209232289154,anti-toxic
GFSHRCFDG,0.4711719222064612,anti-toxic
GVRCSFSYR,0.4711719222064612,anti-toxic
GCRRIVGSG,0.4711719222064612,anti-toxic
GHCRYIGCD,0.4711637610007388,anti-toxic
GDCCYLCVD,0.4711583077459857,anti-toxic
GIYCVDSFV,0.471138393288815,anti-toxic
GSNDCSGCD,0.47113089103047495,anti-toxic
GFGGCCYLS,0.4711190636776535,anti-toxic
GICSFLVCD,0.4711190636776535,anti-toxic
GFLSGLGSS,0.47110535856438085,anti-toxic
GHDVGSCVG,0.47110322103066293,anti-toxic
GGNDRSGCS,0.47110029352176064,anti-toxic
GDFYSFYDN,0.4710976563274243,anti-toxic
GDRFVHDYD,0.47108928994974936,anti-toxic
GLFSFCDVG,0.47104710700746927,anti-toxic
GLGYFVIDY,0.47104710700746927,anti-toxic
GRYYGGNVD,0.47103728855990423,anti-toxic
GGLDHVGYN,0.47103366323084567,anti-toxic
GSVSCSGFY,0.47103006816713117,anti-toxic
GGFCLGDCG,0.47102384849993106,anti-toxic
GCCNCNIFR,0.4710215128487617,anti-toxic
GHDYVDVNS,0.47101047777606364,anti-toxic
GNCYFRGHG,0.47100432990998053,anti-toxic
GGGLRRDDG,0.47099570208560027,anti-toxic
GLSVNRGFG,0.47099570208560027,anti-toxic
GFVFHFGDS,0.47099199699129185,anti-toxic
GVYILGCVG,0.470960946014844,anti-toxic
GFRFFDNFV,0.47095000371317913,anti-toxic
GFSYCYNVD,0.47094341965305453,anti-toxic
GFNFGDCHN,0.47093167990196505,anti-toxic
GLYGYGDSS,0.47092431987255756,anti-toxic
GVSDVRDHC,0.47091694231837766,anti-toxic
GCCHSCGYV,0.4709074310400017,anti-toxic
GVRDVIHDG,0.470890237046615,anti-toxic
GCYVFDDYC,0.4708835247681993,anti-toxic
GVLLRLHGY,0.47087759014848063,anti-toxic
GHGYCFRVS,0.47087230544266095,anti-toxic
GLRSDGCFR,0.4708653811598202,anti-toxic
GVCVGSDGY,0.47084974527632756,anti-toxic
GDNYHFGFG,0.4708457471499205,anti-toxic
GFYYVRGVF,0.470840026689671,anti-toxic
GFYISNGCS,0.4708270216219741,anti-toxic
GYSIYGDID,0.4707810766886434,anti-toxic
GRDDGFDFY,0.4707810766886434,anti-toxic
GSSVGCGFC,0.4707810766886434,anti-toxic
GNHHHFYDS,0.4707810766886434,anti-toxic
GCHIRHGCD,0.47077356287828326,anti-toxic
GFYHIRGVD,0.4707625103512145,anti-toxic
GFVGCFGYR,0.47074298346602683,anti-toxic
GHYRRFFCY,0.4707187631105319,anti-toxic
GGSRGGCYD,0.47070073361526593,anti-toxic
GHSVDCGVR,0.47070073361526593,anti-toxic
GFYVRCVCG,0.47068714471425255,anti-toxic
GRCYDDRGG,0.47068714471425255,anti-toxic
GVNCIDHCR,0.47068032867002674,anti-toxic
GFCCYFGNG,0.4706680233281448,anti-toxic
GVYYRFFVR,0.4706680233281448,anti-toxic
GYSCGYCDN,0.4706391271917421,anti-toxic
GDCCFIGDD,0.4706391271917421,anti-toxic
GRCDFDHSG,0.4706391271917421,anti-toxic
GDLYICGFV,0.470632523760257,anti-toxic
GFCGISDSG,0.4706229616827453,anti-toxic
GCSCLSGCD,0.4706167226890144,anti-toxic
GLCDCYGCS,0.4706054622576605,anti-toxic
GDFVCVGGG,0.47059739519258414,anti-toxic
GYDRSRCFS,0.4705903875607047,anti-toxic
GLNFRCRYD,0.47058055154584916,anti-toxic
GYFYRCFGD,0.4705763270351866,anti-toxic
GRDLDNVIH,0.4705600279324572,anti-toxic
GRYHFNSSG,0.4705600279324572,anti-toxic
GVHYRNCDG,0.4705574852172742,anti-toxic
GFICSYCDN,0.47055086492502163,anti-toxic
GFYLVSGHF,0.4705409094083409,anti-toxic
GGFFFYDGN,0.4705242496664318,anti-toxic
GGYFISGVR,0.47052090758996323,anti-toxic
GGDSLVGVG,0.47051179686732836,anti-toxic
GLDFYGGVR,0.470493029267449,anti-toxic
GCRFRNRVG,0.47049067582064935,anti-toxic
GFDYFDDVV,0.47049067582064935,anti-toxic
GHCFVDGYR,0.47049067582064935,anti-toxic
GFYNVNNVF,0.47049067582064935,anti-toxic
GDFVVDGYC,0.47049067582064935,anti-toxic
GNGLCGGDG,0.47049067582064935,anti-toxic
GHHVLNGGD,0.47046416130665086,anti-toxic
GLGGIFDFG,0.4704508243686291,anti-toxic
GCDGSIGYV,0.4704359959991225,anti-toxic
GGCCYNGLG,0.4704349934714605,anti-toxic
GDFCGFDVG,0.47041928690261187,anti-toxic
GGCGGDSGY,0.47041843788270776,anti-toxic
GCVSVGFGI,0.47041387071267604,anti-toxic
GGSVVDYFR,0.4704058236771853,anti-toxic
GRDHDGDGG,0.4703982956702879,anti-toxic
GFVCGGGVS,0.47038787206069405,anti-toxic
GYCSLFGCG,0.47038787206069405,anti-toxic
GIHDNFGFV,0.47038787206069405,anti-toxic
GVYGLGGFG,0.470378367963312,anti-toxic
GIVCHSNYG,0.470378367963312,anti-toxic
GVFVFCGLS,0.47037479700591733,anti-toxic
GGSFCFSDN,0.4703669275702314,anti-toxic
GYYHLHGCS,0.4703669275702314,anti-toxic
GGLDVDYCR,0.4703669275702314,anti-toxic
GFRYGLDFF,0.4703616710723658,anti-toxic
GCRDDDFGS,0.4703616710723658,anti-toxic
GFCFDDIFF,0.4703352653763703,anti-toxic
GLSCGLVGN,0.47032688382100724,anti-toxic
GVRFVLDFG,0.4703230084235182,anti-toxic
GDFDFSGCD,0.47032198501180744,anti-toxic
GIYYSFRFN,0.47030330493319417,anti-toxic
GFLGSVYVC,0.47030330493319417,anti-toxic
GCNFGICDS,0.4702983612013645,anti-toxic
GRYCRRGDG,0.4702887722921857,anti-toxic
GLGFFSVDS,0.4702756696780988,anti-toxic
GFHDNFGSG,0.4702664080739134,anti-toxic
GSDFDFGCG,0.4702621899640556,anti-toxic
GRYNCLFRR,0.47025479576674545,anti-toxic
GFCVYGRGG,0.47025479576674545,anti-toxic
GCRVRDYYN,0.47024950442900676,anti-toxic
GYSNVVHIF,0.47023847228167825,anti-toxic
GGNCNSGDN,0.4702253575060958,anti-toxic
GSYDICGGG,0.47021067039842307,anti-toxic
GCISYVGIS,0.47020926030333243,anti-toxic
GFYNNCDGG,0.470205591361477,anti-toxic
GLCGVRGYS,0.47020008063958085,anti-toxic
GRGNVCGCG,0.47019456112809616,anti-toxic
GDSGDFRGG,0.47017239476433464,anti-toxic
GFDNYCGFS,0.47017239476433464,anti-toxic
GFGYDSVFR,0.47017239476433464,anti-toxic
GIYCSVGIS,0.47017239476433464,anti-toxic
GHCVGGSVD,0.4701514845603342,anti-toxic
GHFYGIRFG,0.47013513385899636,anti-toxic
GFYCGLRGD,0.4701244143762945,anti-toxic
GFFIYDDIF,0.470116353151004,anti-toxic
GIVLGGSYG,0.47010503617840615,anti-toxic
GCSDIVDDN,0.47010503617840615,anti-toxic
GIRLFLHGG,0.47010503617840615,anti-toxic
GNHYSIDHG,0.4700974711926999,anti-toxic
GVVVFGGVG,0.4700757667781972,anti-toxic
GVRLCRSDH,0.4700654388514918,anti-toxic
GDGYSYYYD,0.4700536539619809,anti-toxic
GCYNLLGHR,0.47003818342116593,anti-toxic
GDFRFSRFR,0.47003635890358153,anti-toxic
GCFDVFGSS,0.4700264379550619,anti-toxic
GCCCLLVDR,0.4700149561249801,anti-toxic
GFCCYDDFR,0.4700139976280453,anti-toxic
GRFRSFGFF,0.4700131667215232,anti-toxic
GCCVGDVVS,0.4700117977459923,anti-toxic
GDVIFIFDD,0.4700015135967146,anti-toxic
GSYFHYCGH,0.46999864221874704,anti-toxic
GRCHFNYFR,0.46997641349661207,anti-toxic
GVCGVDDFF,0.46997221292999836,anti-toxic
GCSLLYGVG,0.46996087912304013,anti-toxic
GICLCCGYS,0.4699574719698739,anti-toxic
GNVFIDVFN,0.4699534411514774,anti-toxic
GSCYFGDCG,0.4699256785832388,anti-toxic
GVIFYRGVG,0.4699128820694879,anti-toxic
GYHDLFVFR,0.4699128820694879,anti-toxic
GYLVFYDCC,0.46990115848077896,anti-toxic
GIFINFSYG,0.46990003995931184,anti-toxic
GNFLGGDCG,0.46988284579574313,anti-toxic
GFDGGLRYN,0.46987820259857943,anti-toxic
GDCHRDHGS,0.4698768084775821,anti-toxic
GGCIFDHYD,0.46984821064519366,anti-toxic
GFFHFNYDR,0.4698464701847576,anti-toxic
GYCLCLGGG,0.4698403720077481,anti-toxic
GRYFCFIDR,0.46982201597816303,anti-toxic
GSFVICDGF,0.46982201597816303,anti-toxic
GLLHIFYDD,0.46982201597816303,anti-toxic
GGNFVDDFG,0.46982201597816303,anti-toxic
GYLYGVRYR,0.46982201597816303,anti-toxic
GYNFYNFCL,0.46982201597816303,anti-toxic
GFDVICSRH,0.46982201597816303,anti-toxic
GLRLYCGIG,0.46982201597816303,anti-toxic
GCCVFFDCS,0.46982201597816303,anti-toxic
GFGVVGHIY,0.46980092399487033,anti-toxic
GHNGICGYD,0.46972882973557756,anti-toxic
GGFHYVVVN,0.46971832862374824,anti-toxic
GRDLGSGHR,0.46971532282398354,anti-toxic
GFCYFNSYF,0.4697099062287378,anti-toxic
GYVSVLDGN,0.46970758240447297,anti-toxic
GLGDFCSSG,0.46970132833478434,anti-toxic
GVRLGHGGR,0.46969723664045554,anti-toxic
GGCGDGVVR,0.46969723664045554,anti-toxic
GHHHCDRDG,0.46969723664045554,anti-toxic
GLCVDIDDY,0.4696856811844195,anti-toxic
GSYRLCDDD,0.469671767064053,anti-toxic
GFVGGHGCG,0.469671767064053,anti-toxic
GVNYHFHYG,0.46965079796612735,anti-toxic
GRCIDVSYG,0.4696481010795284,anti-toxic
GSILVDGYR,0.4696332333271125,anti-toxic
GFVCDFSGY,0.4696332333271125,anti-toxic
GICHGSGVR,0.4696155858949435,anti-toxic
GRFDCDVFG,0.4696054642499648,anti-toxic
GIRFSLDFY,0.469589947803253,anti-toxic
GCHCIFGCS,0.4695845018995587,anti-toxic
GFLDLDVVN,0.4695845018995587,anti-toxic
GFHGYGNGV,0.4695681168292165,anti-toxic
GHFLGVDSC,0.46955799824993805,anti-toxic
GNVFCNLFD,0.4695549573872974,anti-toxic
GVFVYFDGY,0.4695549573872974,anti-toxic
GCCFCFDFR,0.46954930357868174,anti-toxic
GLFYCDRYV,0.46954930357868174,anti-toxic
GGFFVNGYL,0.46954415641532377,anti-toxic
GFCGFNCVC,0.46954415641532377,anti-toxic
GRCDHCGCS,0.46953513202064084,anti-toxic
GSLDDNIHR,0.46953270718300927,anti-toxic
GNVVIFGVN,0.46952928124254467,anti-toxic
GCFDCYRDD,0.4695260861035003,anti-toxic
GFHDYNVHS,0.46951020372801683,anti-toxic
GCHYFDCCG,0.46951020372801683,anti-toxic
GSIHVDRGG,0.4694997011022526,anti-toxic
GCCLSFSYN,0.4694922972616526,anti-toxic
GCDDVFSVY,0.46948729959789265,anti-toxic
GLVDCLVVR,0.46943442605337143,anti-toxic
GLYGHDNCD,0.46943442605337143,anti-toxic
GLFGGFSVS,0.46943442605337143,anti-toxic
GGYSVISDN,0.46942079621101457,anti-toxic
GCYFIFGHD,0.4694051599404925,anti-toxic
GHRYGCGCD,0.4694028994676146,anti-toxic
GSGIIDDGL,0.4693947215493682,anti-toxic
GNCCCDCLF,0.46938306368776217,anti-toxic
GNNVRFHYG,0.4693783603241928,anti-toxic
GRYYHNGCN,0.46935191546474986,anti-toxic
GGFRGRGDD,0.469342638146044,anti-toxic
GRLYGDVVF,0.469342638146044,anti-toxic
GFHCLLYHG,0.46932484028599586,anti-toxic
GCGNRVGFC,0.4693124709033456,anti-toxic
GFGHLLYFR,0.46926761426645286,anti-toxic
GHFLCLNSG,0.469255421661786,anti-toxic
GRVGHDVGS,0.46924863161977703,anti-toxic
GICYGDHVN,0.4692443045768408,anti-toxic
GCFICNGFR,0.46922477387362865,anti-toxic
GVLRVDGFH,0.4691887148830813,anti-toxic
GDYCICRYL,0.4691814635288505,anti-toxic
GFVRCVGHR,0.4691814635288505,anti-toxic
GFFLDGCVY,0.4691814635288505,anti-toxic
GDFDVSDFD,0.46916692097444684,anti-toxic
GYSGSLSGG,0.4691476052513756,anti-toxic
GYFDCFFVD,0.4691256493024309,anti-toxic
GYRIYDNDH,0.4691204092312202,anti-toxic
GFRVFCGVF,0.469081101709623,anti-toxic
GYCHGNGDG,0.4690785344642484,anti-toxic
GFIVNYSDG,0.4690785344642484,anti-toxic
GFFFFHHDY,0.46906231183139135,anti-toxic
GLFCFDRGG,0.469061311377618,anti-toxic
GDYFRFNYG,0.4690427580738085,anti-toxic
GLVVRGCVD,0.4690336004763237,anti-toxic
GHRSGDRGF,0.4690300549981768,anti-toxic
GRYVGSNFY,0.469003364497483,anti-toxic
GGHNGGSVD,0.469003364497483,anti-toxic
GGYVCFRYG,0.469003364497483,anti-toxic
GYHHGYSSG,0.469003364497483,anti-toxic
GRIVGNRDN,0.46898911341930477,anti-toxic
GYCSLLRDS,0.468973887829884,anti-toxic
GIVCYDDFG,0.4689652501017498,anti-toxic
GLSSHFSGG,0.4689652501017498,anti-toxic
GHFVVYGCG,0.4689652501017498,anti-toxic
GGFDCVGYV,0.4689617674013443,anti-toxic
GRFRCLGSG,0.4689460583706065,anti-toxic
GFYYFFVGN,0.4689378056654612,anti-toxic
GHSFGDFGH,0.4689358614303867,anti-toxic
GFDVRGVYD,0.4689142875856943,anti-toxic
GVVGCDNYD,0.4688879373919787,anti-toxic
GCLVLNSVD,0.4688711792942396,anti-toxic
GFDCHVGLG,0.4688672262932074,anti-toxic
GGCYFDDLD,0.46886445693771783,anti-toxic
GSGVHDDFR,0.46885856588249736,anti-toxic
GFSCHYGGG,0.4688374575993721,anti-toxic
GRYSIDFYF,0.46880914487888753,anti-toxic
GSYCSGFII,0.46878921054039513,anti-toxic
GCCLRFGVD,0.4687691803548966,anti-toxic
GDVFFCSDG,0.4687691803548966,anti-toxic
GLLCVYSLG,0.4687691803548966,anti-toxic
GVRHVLDGV,0.4687691803548966,anti-toxic
GSLGRYVDH,0.4687644533658526,anti-toxic
GCYLHGGCD,0.46875060528242296,anti-toxic
GRGLCYVDS,0.46872882966436274,anti-toxic
GGFRGFNYN,0.4687085077532467,anti-toxic
GFHFCDRRR,0.4687029483213335,anti-toxic
GDCISSGYG,0.4686880871827997,anti-toxic
GVRHYCSVF,0.4686880871827997,anti-toxic
GGLCCVVDS,0.4686815316459662,anti-toxic
GSHFCCGYI,0.46866242163216054,anti-toxic
GGSRCFRGG,0.46865975765578693,anti-toxic
GHLSIGVGG,0.4686469471759576,anti-toxic
GCYVYDSFR,0.4686469471759576,anti-toxic
GCCGYHLHF,0.4686469471759576,anti-toxic
GVRCDFGCD,0.46860540379713284,anti-toxic
GVRSFVGVR,0.46860540379713284,anti-toxic
GFVYFVCDN,0.46859345934019775,anti-toxic
GYDVSDCYS,0.46858931690972566,anti-toxic
GFCGFVNDN,0.468588672169912,anti-toxic
GISDYVGCG,0.46857748117636877,anti-toxic
GCFCFVHDD,0.46854789043171424,anti-toxic
GFYVIINYN,0.4685453445416121,anti-toxic
GFVFVIDGS,0.4685375331947463,anti-toxic
GNIGCFRYI,0.4685210829577449,anti-toxic
GFSVCYVLG,0.4685210829577449,anti-toxic
GLHLGSCDN,0.4685210829577449,anti-toxic
GYSVCNDCG,0.4685210829577449,anti-toxic
GIRGHCGGD,0.4685210829577449,anti-toxic
GYLRVIDFY,0.4684815998464941,anti-toxic
GGHDDFIFR,0.46847602932609467,anti-toxic
GSRRDLHYC,0.46846393518716395,anti-toxic
GFFYFFGIF,0.46845673826810896,anti-toxic
GDSCGGVIN,0.46844746748474836,anti-toxic
GNYHIIGFV,0.46843684798062907,anti-toxic
GCCYGLSVG,0.46843507553456976,anti-toxic
GFCGYGRVG,0.46843507553456976,anti-toxic
GFFGRVVDG,0.46843072998241947,anti-toxic
GRILCGGFN,0.46842717129516614,anti-toxic
GRLCRYSYD,0.4684176671977841,anti-toxic
GCNVGCRYG,0.468400188940965,anti-toxic
GVSYVCGIS,0.4683991586217663,anti-toxic
GVIFRDFGL,0.4683991586217663,anti-toxic
GVIGGVVDS,0.46839768631480555,anti-toxic
GFFFDNSYC,0.46839142346076645,anti-toxic
GSFGNCSCG,0.46839142346076645,anti-toxic
GSFVHGYLR,0.46839142346076645,anti-toxic
GRSGLDVGR,0.4683876614299379,anti-toxic
GGHVGISDD,0.46836502097538524,anti-toxic
GGLGHIGFD,0.4683553804308213,anti-toxic
GYCCYGHHR,0.46835145087270885,anti-toxic
GCGRFICDG,0.46834733041215726,anti-toxic
GLHRYDSDS,0.46833118593595974,anti-toxic
GNYGHCDGD,0.46833118593595974,anti-toxic
GLFLNSGDV,0.468325116428781,anti-toxic
GIYLDVGDR,0.4682737274153023,anti-toxic
GVDCSNGGG,0.46827205295269714,anti-toxic
GLFDGNGFV,0.4682660094715764,anti-toxic
GVFDYLCFR,0.4682638202721243,anti-toxic
GCCGCFCVD,0.4682577943883574,anti-toxic
GSLIDGGGS,0.46824485412996797,anti-toxic
GINLILDGF,0.4682305761330274,anti-toxic
GICVCNVLY,0.46821885992404305,anti-toxic
GICDFCGGS,0.4682031901911517,anti-toxic
GCRGCGGFV,0.46819348423821255,anti-toxic
GHFGRCCLL,0.46816641206673604,anti-toxic
GRSNCISYD,0.46816641206673604,anti-toxic
GYFSIDGDG,0.46816641206673604,anti-toxic
GYLFGYDSD,0.46816641206673604,anti-toxic
GFVGDSGCS,0.46815801105539234,anti-toxic
GCGCHCHYD,0.4681479090106054,anti-toxic
GSVGDSDSG,0.4681251900571276,anti-toxic
GYYICGNGG,0.468120010604872,anti-toxic
GDCDISGVN,0.4681117721459383,anti-toxic
GYGFDLGVD,0.4680919381778622,anti-toxic
GYSFDVFFY,0.4680731257422654,anti-toxic
GCGYGSVCG,0.4680731257422654,anti-toxic
GRHYCSGSR,0.4680645486953523,anti-toxic
GNNVVDNYF,0.4680596402206166,anti-toxic
GILHSGGGD,0.4680596402206166,anti-toxic
GFRGFSFDN,0.4680596402206166,anti-toxic
GGCVSYDVD,0.4680596402206166,anti-toxic
GFRCGDVGG,0.46805821835317013,anti-toxic
GNHSGDSLG,0.4680559553714368,anti-toxic
GYISVGGFD,0.46804159686774405,anti-toxic
GSFCFGVID,0.46804159686774405,anti-toxic
GLCNGGGGS,0.46803526470596185,anti-toxic
GFCDCYRVD,0.46803007727299256,anti-toxic
GFYFVSGYV,0.46802855042991376,anti-toxic
GRCVFVGVG,0.46802711036518163,anti-toxic
GFFYDSCVD,0.4680238445290447,anti-toxic
GRCRGSCVG,0.46801498336559333,anti-toxic
GYSVGFGGG,0.46801382829789373,anti-toxic
GLNIDFGYF,0.4679778752797927,anti-toxic
GSFGCSDFD,0.4679778752797927,anti-toxic
GHVCIDVFG,0.4679778752797927,anti-toxic
GCNFRVGGG,0.4679778752797927,anti-toxic
GDVCGFGDS,0.4679778752797927,anti-toxic
GNSIYDGGD,0.4679778752797927,anti-toxic
GCVNVIGFG,0.4679778752797927,anti-toxic
GCFFYFGFD,0.46790511085273073,anti-toxic
GDYRVHDDY,0.4679002186891694,anti-toxic
GGDCVDVGG,0.4679002186891694,anti-toxic
GIFYVLIDN,0.4678915086727857,anti-toxic
GYFCLSHVD,0.46787165185211305,anti-toxic
GVGVFLDDC,0.46786089360045824,anti-toxic
GGVHINGGG,0.46785057965444093,anti-toxic
GSGHINGFL,0.467847710590701,anti-toxic
GFYCRIVYD,0.4678447092155527,anti-toxic
GHFFRCVGD,0.4678176091551238,anti-toxic
GCHYHYHDY,0.4677966549634126,anti-toxic
GFFSYHGGG,0.46779506148241445,anti-toxic
GCIFICDSG,0.46778122846551906,anti-toxic
GDGIGLGHG,0.46778122846551906,anti-toxic
GRDIIIVYG,0.46778122846551906,anti-toxic
GGSDCDDGS,0.4677742965567553,anti-toxic
GVSNCLVFS,0.46777117383966277,anti-toxic
GVCRFCGFV,0.46776685808410373,anti-toxic
GFCNRVGNG,0.4677560512440329,anti-toxic
GLDYYGCCN,0.4677353505108475,anti-toxic
GGFVSSHYR,0.467730737913593,anti-toxic
GCNIDFYNG,0.46771378619783116,anti-toxic
GIRHSDYGR,0.4677076067528655,anti-toxic
GFFVCDRFV,0.4676930665355146,anti-toxic
GCYVHYVDR,0.46768801280938394,anti-toxic
GYGCYCGSS,0.46767969848682095,anti-toxic
GCCVDSGSD,0.46767969848682095,anti-toxic
GFVSCFDFR,0.46767969848682095,anti-toxic
GCCYIFDGG,0.46767969848682095,anti-toxic
GCVFHVYDG,0.46767969848682095,anti-toxic
GRCYRCGGG,0.46763328628081674,anti-toxic
GSSNDFSCD,0.4676281011858332,anti-toxic
GSDGYCRDD,0.4676250484816856,anti-toxic
GDLLSFGFY,0.467617713974919,anti-toxic
GFCYHDIYY,0.46760209046626,anti-toxic
GCCCGIVHY,0.46757593681343207,anti-toxic
GYHFCHGFG,0.46757593681343207,anti-toxic
GFLYCGDYG,0.46755977070269283,anti-toxic
GFCSGLRGG,0.4675511899840625,anti-toxic
GCICDFGLR,0.46754761013728235,anti-toxic
GCYIGFRDR,0.4675458703880053,anti-toxic
GCDVDRGYS,0.4675376375513671,anti-toxic
GFYSRDFYS,0.4675376375513671,anti-toxic
GLLGCGGDG,0.46752727364100133,anti-toxic
GYILCCCLI,0.4675231959691261,anti-toxic
GFLRYRGGR,0.4675183724310954,anti-toxic
GYSVDLCYG,0.4675138281995395,anti-toxic
GLFYFFNYY,0.46751303009809697,anti-toxic
GCRYYSCFS,0.4675109421287996,anti-toxic
GFHRGVDGY,0.467498009500166,anti-toxic
GCRLFDHFH,0.4674912707673693,anti-toxic
GFGCCFHYG,0.46748177062010926,anti-toxic
GICFFCDCG,0.4674698690434816,anti-toxic
GFSGCVVFR,0.4674698690434816,anti-toxic
GIDLCVVDS,0.4674642211904615,anti-toxic
GNHFSCGYC,0.46744298273864404,anti-toxic
GCRDDCVYY,0.4674405310989831,anti-toxic
GFNGNSGFF,0.4674405310989831,anti-toxic
GFYYYLDIV,0.4674382225384795,anti-toxic
GRIRFCGLS,0.46742677892990014,anti-toxic
GIFGYIGFC,0.46742468416263105,anti-toxic
GCCRYDCVD,0.46742368633618364,anti-toxic
GSDGGCCDG,0.46742368633618364,anti-toxic
GGDYRVIDH,0.46742087317457925,anti-toxic
GNDVYDSCG,0.46739783778206456,anti-toxic
GFCYCVGCG,0.4673926515260933,anti-toxic
GIVINDVYR,0.4673871541623815,anti-toxic
GGRRYDCFS,0.46738572790558336,anti-toxic
GSLIHNRDG,0.4673760182636667,anti-toxic
GYNNVCGHR,0.46736141743050613,anti-toxic
GYGFLVDGY,0.46736141743050613,anti-toxic
GFGDCDDDY,0.46736141743050613,anti-toxic
GDFHFGFDH,0.46736141743050613,anti-toxic
GCVVGFDGN,0.46736141743050613,anti-toxic
GRLCCLVGN,0.4673363651111601,anti-toxic
GFVNSNYLR,0.4673105364648451,anti-toxic
GFRCVICYD,0.4673062724260637,anti-toxic
GFCGLGCVD,0.46730468769599887,anti-toxic
GCYDSFVCN,0.4672797524280273,anti-toxic
GDYCGHYVD,0.46725640123318557,anti-toxic
GNYYIYGFH,0.46725050069336815,anti-toxic
GNCDCDCVD,0.46725050069336815,anti-toxic
GSFSICDDG,0.46725050069336815,anti-toxic
GNIIYGRSG,0.46725050069336815,anti-toxic
GFCIDICDD,0.4672438976132816,anti-toxic
GSDVDCGLH,0.46724029220816105,anti-toxic
GFYRYFNVG,0.46724029220816105,anti-toxic
GCLLVCVDS,0.4672323743506968,anti-toxic
GGYVFLDGY,0.4672129660594134,anti-toxic
GIFFFYDSC,0.467209539659452,anti-toxic
GHGDRCGGG,0.46720865820209223,anti-toxic
GDNLDGGVS,0.4672062333857358,anti-toxic
GIYSFCHGH,0.46719409148665125,anti-toxic
GFIDFCVDR,0.46719409148665125,anti-toxic
GDGSHIIDS,0.46716971825197845,anti-toxic
GDYHRDGHD,0.467165644405114,anti-toxic
GDCFVYGYN,0.4671599354125555,anti-toxic
GICVSIGSG,0.4671599354125555,anti-toxic
GFDCDIVFD,0.4671599354125555,anti-toxic
GFGHDDRDG,0.4671528392714166,anti-toxic
GCGYDRGLG,0.46714745667217056,anti-toxic
GGLLYSHGD,0.46712867982727835,anti-toxic
GSSGLYRVD,0.46711786854830684,anti-toxic
GDHCCDSGG,0.4671161226022381,anti-toxic
GCFGSVGGG,0.4671161226022381,anti-toxic
GGIGGHGFG,0.46709091322873497,anti-toxic
GSRCNGCYG,0.46707626017672677,anti-toxic
GDGNCCGVS,0.46707101656251204,anti-toxic
GYLYRHGSD,0.46707101656251204,anti-toxic
GNIHFSHDY,0.46707101656251204,anti-toxic
GGFVYHCDS,0.46707101656251204,anti-toxic
GCCCFDGGD,0.46707101656251204,anti-toxic
GYGIGSSLG,0.46705992871176655,anti-toxic
GSRFGYGFG,0.46705992871176655,anti-toxic
GYVGDNGLR,0.46703500292291683,anti-toxic
GCCYCNHHR,0.4670209278153366,anti-toxic
GLCHCLGGG,0.4670209278153366,anti-toxic
GYYGFVDCY,0.46700876253341583,anti-toxic
GSLGGGCCG,0.467004120428121,anti-toxic
GVDISCGDG,0.46700234797482804,anti-toxic
GLFHCVHYG,0.46698556757415904,anti-toxic
GYHDSLLYC,0.46697372574133933,anti-toxic
GHYICDDHG,0.466970337276296,anti-toxic
GHFFLDNYC,0.46696779444201036,anti-toxic
GFHCFSVDS,0.4669664246957717,anti-toxic
GFYYCGGVS,0.4669583598777679,anti-toxic
GHCYFVGFI,0.46693206051772695,anti-toxic
GCLDVRLYV,0.4669162154623512,anti-toxic
GIFCIDCVY,0.4668779855012335,anti-toxic
GFFRHDIVD,0.46686045974567403,anti-toxic
GHGRIDDGF,0.4668212980798505,anti-toxic
GYGCFDDCC,0.46679932779424993,anti-toxic
GDNYFSLFG,0.4667821551300166,anti-toxic
GSVNFDCVF,0.4667804213814436,anti-toxic
GRYRRLDFH,0.4667775574072289,anti-toxic
GFYCFYGDR,0.4667628033014062,anti-toxic
GCCCVDHGR,0.4667628033014062,anti-toxic
GLLHGFSCG,0.4667628033014062,anti-toxic
GVCDDSSYD,0.4667598611162358,anti-toxic
GFRRSYVCD,0.4667579879461607,anti-toxic
GFIFGCDFG,0.466749550292299,anti-toxic
GLVDNDYVD,0.466749550292299,anti-toxic
GRVDCCLCL,0.46673285092497424,anti-toxic
GCCIINFFI,0.46672415468681244,anti-toxic
GFYIDYGFR,0.46672415468681244,anti-toxic
GINVCYVDS,0.4667184943198952,anti-toxic
GFFDDNVCD,0.4666917265007303,anti-toxic
GFHGYVDGY,0.4666900997803687,anti-toxic
GNDRDGDVF,0.46665582104149744,anti-toxic
GGRRCCDDF,0.46665582104149744,anti-toxic
GIYGVYCSL,0.46665582104149744,anti-toxic
GIGLVLDGD,0.46665582104149744,anti-toxic
GFCCRFGCD,0.46665582104149744,anti-toxic
GCSFFLDCD,0.46665582104149744,anti-toxic
GYHYGDHYG,0.46665582104149744,anti-toxic
GVICHFSGG,0.46665582104149744,anti-toxic
GDFFCSCVD,0.46665582104149744,anti-toxic
GGDGYIGGN,0.46662282119482656,anti-toxic
GCVCYGGID,0.4665949400598455,anti-toxic
GCHCDCGVR,0.46659238797603697,anti-toxic
GSHDNHVCD,0.4665865831805452,anti-toxic
GVIVDLGSG,0.46657696116501596,anti-toxic
GGCCCDGVD,0.4665733809345864,anti-toxic
GNDDFGHFV,0.46657107238635426,anti-toxic
GIHRLNVFV,0.46657107238635426,anti-toxic
GFCSSCGGD,0.4665677854017683,anti-toxic
GNSVFVHHR,0.4665670971690152,anti-toxic
GVDCVCDGG,0.46654251697565696,anti-toxic
GNRINFYSG,0.4665131370215189,anti-toxic
GVVSRFFCD,0.46650227870936845,anti-toxic
GFLGDDGVF,0.46650227870936845,anti-toxic
GCSVYGDCG,0.46650227870936845,anti-toxic
GIVFDLVVN,0.4664957832750466,anti-toxic
GGGVNFSCG,0.4664940726292355,anti-toxic
GNRIIHGSG,0.46649004540659017,anti-toxic
GYRHVYYSG,0.46647825600383347,anti-toxic
GCVGFSGGD,0.4664747140822827,anti-toxic
GFFGHNSGG,0.46647252028247566,anti-toxic
GIIFHCSVD,0.46646912808562807,anti-toxic
GNSGNDYRR,0.4664631865376059,anti-toxic
GCCVDVGGS,0.4664631865376059,anti-toxic
GCCCGFGFS,0.4664631865376059,anti-toxic
GGCRVDCVD,0.46644532205592243,anti-toxic
GLISHDNFR,0.4664413440348651,anti-toxic
GCSLGFSVG,0.4664413440348651,anti-toxic
GYYLGSNGG,0.4664350868655115,anti-toxic
GCNYFDCLY,0.4664139146786991,anti-toxic
GYVCFFHDY,0.46641130879975484,anti-toxic
GHYLDCDSS,0.4664094128182046,anti-toxic
GSLFGFDDV,0.4663973893278893,anti-toxic
GYSCLYGSS,0.4663973893278893,anti-toxic
GGYYCCGSG,0.4663441637034703,anti-toxic
GFSCCFSCN,0.46630838543744496,anti-toxic
GVNRFYGFD,0.4662887185300759,anti-toxic
GCLDRIGLR,0.4662847172603477,anti-toxic
GIIHVFDCS,0.4662795913195247,anti-toxic
GFRYDIGSG,0.46626332713145413,anti-toxic
GSFRDYDNY,0.46626332713145413,anti-toxic
GFNRGNCCG,0.46623932036093846,anti-toxic
GCDDRFVCN,0.4662283104427108,anti-toxic
GRNHCDVVN,0.46621218552966354,anti-toxic
GGRLFCGVR,0.466204840230564,anti-toxic
GCFRHFGFV,0.4662034058479396,anti-toxic
GFLHFDFDR,0.46619503109704646,anti-toxic
GFRYRFYRG,0.4661812686556496,anti-toxic
GFVHYIRDV,0.4661812686556496,anti-toxic
GDYVFVDSY,0.46616055986123883,anti-toxic
GYNLVFFVD,0.46612587041819925,anti-toxic
GFGGGCGVR,0.46612587041819925,anti-toxic
GFNNLSGFY,0.4661183411061802,anti-toxic
GFGFVDGFD,0.46611591877965425,anti-toxic
GYLGGILFL,0.46609796035862194,anti-toxic
GYDCSLCYR,0.46605582856950245,anti-toxic
GCFISVGLG,0.4660479910165912,anti-toxic
GGGSFFDGH,0.46604736353267495,anti-toxic
GGSVRIGYI,0.46604337550259306,anti-toxic
GVNDVDDLY,0.46603953814837845,anti-toxic
GFFSFDHFH,0.4660322825540501,anti-toxic
GCYYVLRYG,0.46601924870155886,anti-toxic
GRCRCIGVD,0.4660133734659051,anti-toxic
GFHVLDVCY,0.4660133734659051,anti-toxic
GRCFCIGLR,0.4660133734659051,anti-toxic
GSRVYNCVD,0.4660133734659051,anti-toxic
GFGICGGCD,0.466008636112749,anti-toxic
GRFGCDGYG,0.4660078716450502,anti-toxic
GSCHYFHFR,0.46599785435775776,anti-toxic
GGCVCCGCG,0.4659848886017029,anti-toxic
GHVSVYDFY,0.4659791740878387,anti-toxic
GFYLYIGFR,0.4659644526568527,anti-toxic
GCIHGDDCS,0.4659588661931445,anti-toxic
GLIHYDGCN,0.46594907640724836,anti-toxic
GLCGHFVCD,0.46594907640724836,anti-toxic
GLCDYLSFF,0.4659196037404187,anti-toxic
GVFFFRGCD,0.46590499190337,anti-toxic
GIDNGFGDG,0.46590269229079895,anti-toxic
GRLCIYDCY,0.46589855061091395,anti-toxic
GCIYILGFR,0.46589667917223243,anti-toxic
GGYISCDYD,0.46587155496799515,anti-toxic
GYGIGGGCG,0.46586333218546877,anti-toxic
GDLDVVGFL,0.46586065240574104,anti-toxic
GFNGYLYGD,0.46584024430997334,anti-toxic
GFGCVLDVY,0.46584024430997334,anti-toxic
GCFCGDGGG,0.46584024430997334,anti-toxic
GLFCGVGCG,0.46584024430997334,anti-toxic
GFNVVFGLS,0.46578502919555115,anti-toxic
GCHVFFSVG,0.46578502919555115,anti-toxic
GLNHHCVFG,0.46577709716600124,anti-toxic
GGYIVFDFG,0.46577709716600124,anti-toxic
GYIFDFFFF,0.4657615535176032,anti-toxic
GYLFRSSSG,0.4657538175471203,anti-toxic
GISGVGDGG,0.465733751731426,anti-toxic
GLLCIDVYD,0.46572179497556854,anti-toxic
GFICGSGGN,0.4657033508551273,anti-toxic
GYFLGNRFG,0.46570118552683687,anti-toxic
GCFGYCVVD,0.4656966426547606,anti-toxic
GYFDRFCDD,0.4656686067620321,anti-toxic
GSNHLVVCY,0.4656616325526118,anti-toxic
GFCFVGGYD,0.4656616325526118,anti-toxic
GCSDCFHYG,0.4656616325526118,anti-toxic
GCLRDGGSG,0.46562195102470233,anti-toxic
GGYGNHDDS,0.46561609231433765,anti-toxic
GRSINSGFY,0.46561609231433765,anti-toxic
GYCGYGFVR,0.46561609231433765,anti-toxic
GCNVVFHNR,0.4656008316898512,anti-toxic
GCDDSIGFH,0.4656008316898512,anti-toxic
GCYFLSFDY,0.4655833413259052,anti-toxic
GIFCGFVCD,0.4655833413259052,anti-toxic
GRSRCLYDG,0.4655833413259052,anti-toxic
GLIRHFSCG,0.4655756080932034,anti-toxic
GHSFLDFGR,0.46556776252780974,anti-toxic
GVCYLCGIG,0.46553938216984725,anti-toxic
GDSDDHGFR,0.46553938216984725,anti-toxic
GCFDRFFFY,0.46553938216984725,anti-toxic
GYYYCGVVF,0.46553938216984725,anti-toxic
GFFNLFVHH,0.46553938216984725,anti-toxic
GVIVDGVFR,0.46553938216984725,anti-toxic
GVCDRDVVY,0.46553938216984725,anti-toxic
GHCRVSGGD,0.465511233323099,anti-toxic
GCGLFGRFG,0.465504959431201,anti-toxic
GYGNGGFDD,0.4655006421955204,anti-toxic
GRLYRCGFG,0.4655006421955204,anti-toxic
GFLLDFDSC,0.46549166536686537,anti-toxic
GFVNFYYNG,0.4654714167023253,anti-toxic
GLCCVYGHV,0.4654714167023253,anti-toxic
GCDGIFRFG,0.46546765920881283,anti-toxic
GYNDNDRFY,0.4654662439948844,anti-toxic
GLGGNCSVD,0.4654625214548,anti-toxic
GLCVDGRFR,0.4654533104979354,anti-toxic
GLYYDFNVF,0.4654504511811259,anti-toxic
GHDCGHGYD,0.4654446038691072,anti-toxic
GRDLRVGYI,0.4654385784535187,anti-toxic
GFVCSVSYG,0.46542595973987294,anti-toxic
GCISLSGVY,0.46542595973987294,anti-toxic
GNDFYFVSD,0.46542350494067725,anti-toxic
GCLHNDGFY,0.4654152123795008,anti-toxic
GCCVSGGYV,0.4654078475336019,anti-toxic
GYGFVVVDN,0.46540547154175416,anti-toxic
GFYDFVYDG,0.4653828514484183,anti-toxic
GCGVYYGGD,0.4653828514484183,anti-toxic
GFYHHCYGN,0.4653828514484183,anti-toxic
GVHGFLGSG,0.4653828514484183,anti-toxic
GSFCFSSSG,0.4653828514484183,anti-toxic
GDYVRSGIS,0.4653651975600029,anti-toxic
GSLHSGVIY,0.46536014383387214,anti-toxic
GDHFRDFVN,0.4653461261951806,anti-toxic
GYYCCVSDG,0.4653461261951806,anti-toxic
GSLGCNGGG,0.4653394241715556,anti-toxic
GLCRNDFYH,0.46533506376330147,anti-toxic
GYRIGYVDG,0.46531446400131954,anti-toxic
GIYSNDGFI,0.46530834653141906,anti-toxic
GFFFVFYDN,0.46528688537093066,anti-toxic
GCVDDHVFR,0.46528323327486404,anti-toxic
GFFVRDCGN,0.4652761255200313,anti-toxic
GFFHVYSHS,0.4652659292581152,anti-toxic
GCSFFDNFF,0.4652626481589979,anti-toxic
GIFDRDCGS,0.46524302958178176,anti-toxic
GYVCYFHDN,0.46521243406999013,anti-toxic
GVLSVYSDS,0.4651968979101874,anti-toxic
GIVIVVGCS,0.4651752702374704,anti-toxic
GHFYGCCYD,0.4651752702374704,anti-toxic
GNDIFRHLN,0.4651752702374704,anti-toxic
GVIYYCCDG,0.465162453330568,anti-toxic
GYSLFGGVF,0.4651584304277802,anti-toxic
GCVGHGGYC,0.4651399574365481,anti-toxic
GGGDVYGGN,0.4651399574365481,anti-toxic
GHCIRVDFR,0.46513003240696643,anti-toxic
GHRVCYNGY,0.4651281400604055,anti-toxic
GVYCGCDDD,0.46511511399102673,anti-toxic
GVYYDYGLR,0.465112347246647,anti-toxic
GFYIHGVCY,0.4651075324786368,anti-toxic
GYYDCCGFD,0.4650327551119235,anti-toxic
GSLFGDCYG,0.4650327551119235,anti-toxic
GCSCNFVYR,0.4650072516335861,anti-toxic
GVDVVCHDN,0.465003843036388,anti-toxic
GDFCFLNFY,0.46500062204380904,anti-toxic
GFVLCGGVG,0.4649961097761459,anti-toxic
GDCDNRGYR,0.46498685462884004,anti-toxic
GIFDFDNFY,0.4649800846271215,anti-toxic
GYFSFCDYY,0.4649800846271215,anti-toxic
GYHFFIGGH,0.4649800846271215,anti-toxic
GINICYDVD,0.46495534766462776,anti-toxic
GYIISGYVD,0.46494732293265656,anti-toxic
GIGGYVCFV,0.4648867983026508,anti-toxic
GVRGYGSVF,0.4648867983026508,anti-toxic
GVLCCVGVD,0.4648867983026508,anti-toxic
GCRDRDCYG,0.4648867983026508,anti-toxic
GLSHCGVYD,0.4648867983026508,anti-toxic
GDDCDLDGV,0.4648867983026508,anti-toxic
GRYDYIGDY,0.4648867983026508,anti-toxic
GCLSIRGFG,0.4648867983026508,anti-toxic
GCFYVCGCD,0.4648867983026508,anti-toxic
GRIRVFHDY,0.4648867983026508,anti-toxic
GCVYVYVVD,0.46485439914698634,anti-toxic
GIFGLVGVR,0.46484167445390084,anti-toxic
GLSYCLVDG,0.4648290809151111,anti-toxic
GRIGRYGID,0.4648000175086957,anti-toxic
GRCIHVGCS,0.4647962164936034,anti-toxic
GNVLRCGSD,0.4647825133983429,anti-toxic
GCNCRNGFI,0.4647693526404477,anti-toxic
GCSFRHYVD,0.46474735553956387,anti-toxic
GRISGDRGG,0.46473727360435735,anti-toxic
GGDYNLHGR,0.46473727360435735,anti-toxic
GFFCLIFDG,0.4646897946785409,anti-toxic
GDDYGGVVN,0.4646846598387255,anti-toxic
GVYLGFGVG,0.46468165210993534,anti-toxic
GGFHFDDGY,0.4646764352654047,anti-toxic
GCDYIDVGR,0.4646764352654047,anti-toxic
GYIFGSDFD,0.46467333332813776,anti-toxic
GDRYYCCLD,0.46466516294091115,anti-toxic
GCRGFLLVD,0.46465261416006437,anti-toxic
GCFCRFYYD,0.46462270922068927,anti-toxic
GVCGLRGLG,0.464584048564421,anti-toxic
GRICVGIFC,0.464584048564421,anti-toxic
GFRVVLDSV,0.4645725475784451,anti-toxic
GHCVRVLYG,0.4645451479780403,anti-toxic
GCYRIHDSG,0.46454005618291166,anti-toxic
GNFGHCDCG,0.46453841656704686,anti-toxic
GFHNYSVVN,0.4645321274116419,anti-toxic
GLYLFGSFG,0.4645216915288116,anti-toxic
GLGNVFGFD,0.4645060052209088,anti-toxic
GLFLCYVDI,0.46448634232047065,anti-toxic
GYFHDDDLR,0.46448455174397063,anti-toxic
GYCSSSGIG,0.4644797743910369,anti-toxic
GCSCYLFYG,0.46447572919301794,anti-toxic
GGGFHCGGG,0.46447572919301794,anti-toxic
GDFCGSVDN,0.46445178433826445,anti-toxic
GFGYGNSVG,0.4644456662363806,anti-toxic
GDILIFSSG,0.46444022296057347,anti-toxic
GFFFNFDGF,0.4644353486966112,anti-toxic
GVSVCYGGN,0.46438443331672985,anti-toxic
GDGRDSGSG,0.46438443331672985,anti-toxic
GDCFLDHFR,0.46438443331672985,anti-toxic
GCCNVCVYL,0.46434696668323355,anti-toxic
GNSFLYGGG,0.46434696668323355,anti-toxic
GRCDCGDGG,0.46432750075992496,anti-toxic
GHGFVLRYN,0.464318435784853,anti-toxic
GCNLDSSFN,0.4643172316873708,anti-toxic
GGIFYIGCS,0.4643137243485008,anti-toxic
GVFFFFVDD,0.4643123638428803,anti-toxic
GVCGFFGVS,0.4643034611002367,anti-toxic
GHCDYCDYD,0.46430012363817524,anti-toxic
GFHNGGGSS,0.46429551913452644,anti-toxic
GDISIIDDY,0.4642900150823886,anti-toxic
GLYVGNGLD,0.46427611929614276,anti-toxic
GCIHFDVGG,0.464273021142846,anti-toxic
GCYDSLLFG,0.4642659340340754,anti-toxic
GFYRFCGLD,0.46425734443385547,anti-toxic
GVFDDGFCC,0.46423323236756375,anti-toxic
GFSCFIGGG,0.46423323236756375,anti-toxic
GYYLCVDSG,0.46423323236756375,anti-toxic
GSGCFGDCG,0.4642250309364606,anti-toxic
GSFDRDFCD,0.4642204700736148,anti-toxic
GFGRCLIHF,0.4642044816157142,anti-toxic
GVRNDRGCG,0.4642044816157142,anti-toxic
GFINDVVGL,0.4641913706409996,anti-toxic
GYGFRYSGY,0.4641913706409996,anti-toxic
GRIDLLSGR,0.4641850992858193,anti-toxic
GFFFYDGVF,0.4641812019136421,anti-toxic
GVYVSCGGG,0.46417900656128736,anti-toxic
GGVFSLGLR,0.46417114785307934,anti-toxic
GVLLNDGYI,0.46415627755529476,anti-toxic
GFCHLDDVY,0.46415627755529476,anti-toxic
GGHVSIGCD,0.4641391278306511,anti-toxic
GSCSDSFLC,0.46412643426499595,anti-toxic
GHSRGGHVY,0.46410890118134784,anti-toxic
GLCGFDDHH,0.46410396147312233,anti-toxic
GDGFGIYRC,0.4640891957241883,anti-toxic
GCYVSYGLS,0.46408551674342285,anti-toxic
GFCCVIGFG,0.46408551674342285,anti-toxic
GCIDFFDCY,0.4640814108134136,anti-toxic
GCFVFLSGR,0.46405878188042055,anti-toxic
GNYCRYHYR,0.46405878188042055,anti-toxic
GFCDRDVYR,0.4640360742658744,anti-toxic
GYISCLFYD,0.4640360742658744,anti-toxic
GVFYVGCVD,0.4640334740815787,anti-toxic
GLRYCNVYG,0.4640202310409382,anti-toxic
GFYINNGVG,0.4640129660523065,anti-toxic
GLGICVHID,0.4639995773977574,anti-toxic
GLGVGVVFD,0.46398823944837997,anti-toxic
GFGCIFFVS,0.4639715303518693,anti-toxic
GLSCVSGFL,0.4639690787029819,anti-toxic
GFCFYSGIS,0.4639598086616916,anti-toxic
GFVCYNDFG,0.4639376105742374,anti-toxic
GICRGDSCG,0.4639312545026423,anti-toxic
GRGFDGGDD,0.46392648342518783,anti-toxic
GRFHYCFDN,0.463909757436339,anti-toxic
GFDNRFNGG,0.4639008853209997,anti-toxic
GFDFSVDYY,0.4638929889859073,anti-toxic
GSYGRFVVG,0.4638929889859073,anti-toxic
GLVCFDGVF,0.46388591584347505,anti-toxic
GFCGSVGFY,0.46387954354444544,anti-toxic
GCIGIDCFY,0.46387954354444544,anti-toxic
GCVGCHGFD,0.4638765884465687,anti-toxic
GVCCGHGGG,0.4638719684645265,anti-toxic
GCRGRCFDG,0.4638719684645265,anti-toxic
GRCHVCGCG,0.4638685223803458,anti-toxic
GGIYCYHYG,0.46385932405182556,anti-toxic
GFCGGISDD,0.4638552727406421,anti-toxic
GDICFRGGV,0.4638515308710457,anti-toxic
GNCSGLGDG,0.4638309127943313,anti-toxic
GCVNYDGVS,0.46380850411414914,anti-toxic
GLGVFCHRF,0.46375729316168096,anti-toxic
GLYFVDVLG,0.46375729316168096,anti-toxic
GSSGNDDGY,0.46375729316168096,anti-toxic
GCCDSDIFY,0.46375729316168096,anti-toxic
GVFYHSDSG,0.46375729316168096,anti-toxic
GFGRLFDYD,0.46375729316168096,anti-toxic
GFIYDGDVD,0.46375729316168096,anti-toxic
GRVRCDCFG,0.46375729316168096,anti-toxic
GYCGCDRFY,0.46372819957721834,anti-toxic
GSCCVFGHF,0.4637077585757244,anti-toxic
GLLVVNHSS,0.4636953174952321,anti-toxic
GYCYSYNFY,0.4636797336504643,anti-toxic
GRVVFCGCG,0.46367165883587785,anti-toxic
GDYRFVDYD,0.46366170727334455,anti-toxic
GRGGLCVDS,0.46366045690235447,anti-toxic
GFSYDCDFF,0.463653680019855,anti-toxic
GHNFYVRHC,0.463653680019855,anti-toxic
GCCHDYDDH,0.46361112675962474,anti-toxic
GSRDLDHDR,0.4635919770966176,anti-toxic
GYHVRFIDI,0.4635823004194473,anti-toxic
GCDCFYDCG,0.4635816724646469,anti-toxic
GYGSGCGHV,0.46357868140431935,anti-toxic
GRHIIDNYC,0.46357868140431935,anti-toxic
GCDGYFGLG,0.46357868140431935,anti-toxic
GHCVFDVHR,0.4635647440643556,anti-toxic
GGYVVDVVN,0.46354844753038854,anti-toxic
GCVVFGCYV,0.463521881927132,anti-toxic
GRFNFDDFR,0.46350589258626523,anti-toxic
GFCYGDHFD,0.46350589258626523,anti-toxic
GFYCGFVFR,0.46350589258626523,anti-toxic
GFLSRIGYY,0.4635011477800869,anti-toxic
GLCSHCGFS,0.46347737405311623,anti-toxic
GFRVDGGHG,0.46347737405311623,anti-toxic
GFNSFGCVG,0.4634415574284699,anti-toxic
GCCSDYFDG,0.4634415574284699,anti-toxic
GGNDSSGFY,0.4634415574284699,anti-toxic
GFYCCLLYN,0.4634415574284699,anti-toxic
GSSLRLDGL,0.4634415574284699,anti-toxic
GGLFLRGHG,0.4634415574284699,anti-toxic
GSYHCDCGN,0.46340555224838764,anti-toxic
GFFDCVGFN,0.4633952302129048,anti-toxic
GSYLYYSCG,0.4633952302129048,anti-toxic
GGDCGSDGN,0.4633952302129048,anti-toxic
GFCCGCDFG,0.4633952302129048,anti-toxic
GYYYCCRVD,0.4633952302129048,anti-toxic
GCFLDGVFR,0.4633665648565099,anti-toxic
GDVCFNGFS,0.4633665648565099,anti-toxic
GVHSLDVFY,0.4633665648565099,anti-toxic
GYHYCLSFY,0.4633528414097963,anti-toxic
GHRGDSGYS,0.4633470782620942,anti-toxic
GYLSYYCDN,0.46333297023402914,anti-toxic
GCIFYFSVS,0.46333297023402914,anti-toxic
GFYIHFFVD,0.46333297023402914,anti-toxic
GIHFVFCCD,0.46333297023402914,anti-toxic
GSHDLVDGG,0.46331104558138025,anti-toxic
GVCGRFDGS,0.46329639036608555,anti-toxic
GFRFGFGDD,0.46328673180099067,anti-toxic
GFIFRGGCD,0.463278027545373,anti-toxic
GDGSVCGSG,0.4632596158749487,anti-toxic
GGISRGCCD,0.463252908572469,anti-toxic
GLCRDIVYN,0.463244851235674,anti-toxic
GCGVFIGCS,0.46323499065506796,anti-toxic
GCCCGGFVD,0.4632190569266473,anti-toxic
GSYNYDVFG,0.4632067401846291,anti-toxic
GRYVRGSFH,0.46320239613207664,anti-toxic
GFFVYGRDG,0.46319842745349155,anti-toxic
GCCIRDDCC,0.46318547677636995,anti-toxic
GFNDCLDFN,0.46318547677636995,anti-toxic
GRRSSVGCG,0.4631555985828386,anti-toxic
GSCYLVLDG,0.4631527909317992,anti-toxic
GCFCINDVG,0.4631461367263495,anti-toxic
GCYSIVGVG,0.4631270587136793,anti-toxic
GVLFFRGHD,0.4631105402768477,anti-toxic
GVFISFCVD,0.4631105402768477,anti-toxic
GCRLIVCCN,0.4631105402768477,anti-toxic
GVLCVCGYS,0.4631105402768477,anti-toxic
GVISHLFDG,0.4631105402768477,anti-toxic
GGCIGDGIG,0.4630951129569675,anti-toxic
GIHGNRGLD,0.46308711996881485,anti-toxic
GRGRVFVFR,0.4630844125857135,anti-toxic
GCHYGNGSS,0.46307476201082237,anti-toxic
GYFCRHGLG,0.46306803323150664,anti-toxic
GCISNDDVG,0.46306193973047843,anti-toxic
GDYVLLDDI,0.4630410075461235,anti-toxic
GRYGHCRHG,0.46301300080829555,anti-toxic
GYDIYGHIR,0.46301300080829555,anti-toxic
GFCGCDSYS,0.4629861629632166,anti-toxic
GGLHYGRFS,0.4629822405766818,anti-toxic
GYCLLDFSY,0.46297360365837026,anti-toxic
GDYSFCGHD,0.46297360365837026,anti-toxic
GHCGSFYGG,0.46297360365837026,anti-toxic
GLFDVYCDD,0.46296921260961205,anti-toxic
GIYRCGDYG,0.46295229852545117,anti-toxic
GRLRGFRFR,0.4629389501987945,anti-toxic
GFLCYRGCS,0.46293398584041523,anti-toxic
GGCNDYDVD,0.4629180765103904,anti-toxic
GCYYRFDGI,0.4629140936006934,anti-toxic
GHIVSYRSD,0.4629140936006934,anti-toxic
GVYCSGGYG,0.4629108799491093,anti-toxic
GGCVGVGVR,0.4628883436119496,anti-toxic
GVVVSIGIS,0.46288081560505223,anti-toxic
GCCLYVGDN,0.46288081560505223,anti-toxic
GHLRGHCVF,0.46288081560505223,anti-toxic
GLSIRGGFC,0.4628515692006569,anti-toxic
GFFYYSGVY,0.4628473813325923,anti-toxic
GGNRCSYFD,0.4628203036247532,anti-toxic
GVYVGFNDY,0.46281378967978554,anti-toxic
GVYVDDHGS,0.46281378967978554,anti-toxic
GIFLSLGHG,0.4627954002282594,anti-toxic
GIFCDLHCD,0.4627954002282594,anti-toxic
GVVCIHDFG,0.4627954002282594,anti-toxic
GFYHVFGHL,0.4627860390771891,anti-toxic
GFCHLFCFS,0.46276310467279524,anti-toxic
GVRDICCGF,0.46276310467279524,anti-toxic
GINDFRGHD,0.46273822077722787,anti-toxic
GILYVCRSG,0.46272343401901994,anti-toxic
GRIVCNDFC,0.4627120592470309,anti-toxic
GSIIRYLYR,0.46270666492112017,anti-toxic
GFCCYSGVN,0.46265761401622396,anti-toxic
GVRHRCSCG,0.46265761401622396,anti-toxic
GYLVSIRSG,0.46265612241288656,anti-toxic
GCHRNDRVD,0.46265391687035884,anti-toxic
GCYLHDYGS,0.4626434313510396,anti-toxic
GCVIGVDFR,0.4626434313510396,anti-toxic
GHYLSFGCD,0.4626356419442309,anti-toxic
GCYDICNIG,0.4626248427627728,anti-toxic
GFDHGVGVR,0.4626248427627728,anti-toxic
GILVGFHFY,0.46260887165007814,anti-toxic
GIRRVYRID,0.46260887165007814,anti-toxic
GCGLSCGLR,0.462595001523066,anti-toxic
GGIVRSGVI,0.46256482570544555,anti-toxic
GCGYVNCYD,0.46256253454873747,anti-toxic
GGCVSSGGV,0.46256253454873747,anti-toxic
GCCDDCGYV,0.4625270793330772,anti-toxic
GSDGDDFRR,0.46252347422724355,anti-toxic
GVLVHYDVG,0.46251924147369755,anti-toxic
GLRYCYHLR,0.4625177867514334,anti-toxic
GCNGGGHVR,0.4625108651795073,anti-toxic
GNCNFLVGH,0.4624971632109301,anti-toxic
GHFIRFSCD,0.46249100453426245,anti-toxic
GNCCLIRYG,0.4624763974807022,anti-toxic
GFYDYNCDD,0.46247439766727755,anti-toxic
GIRGNDLYG,0.4624724973385252,anti-toxic
GHLSHIRSG,0.4624628228086822,anti-toxic
GVGNGSGGN,0.4623979978989561,anti-toxic
GGSGFCGYN,0.4623979978989561,anti-toxic
GDFYSDYFS,0.4623979978989561,anti-toxic
GFFGCLGVD,0.4623979978989561,anti-toxic
GYICVVGNS,0.4623979978989561,anti-toxic
GVVVFDGYR,0.4623979978989561,anti-toxic
GFSICSVYS,0.4623517742299323,anti-toxic
GCCHGSLFD,0.4623495302372906,anti-toxic
GGYDCDGVS,0.46233444725885486,anti-toxic
GIIDIFGVG,0.46231733149339277,anti-toxic
GNSLIDLGR,0.46231432686856466,anti-toxic
GVHCNDVFG,0.46230937541484013,anti-toxic
GSNCRNHFD,0.46227720955666635,anti-toxic
GFFVVYDVF,0.4622605846777802,anti-toxic
GHGRNLYDG,0.46225075901076834,anti-toxic
GFYVGCGLD,0.4622386530129626,anti-toxic
GCSLLDGSS,0.46218090492672587,anti-toxic
GFFLCCHYD,0.4621744228711596,anti-toxic
GLCHCYVHS,0.46216988208425513,anti-toxic
GNFYFDLFG,0.4621440987500096,anti-toxic
GYVRYLDGF,0.4621288904968292,anti-toxic
GFDDGDIFR,0.4621288904968292,anti-toxic
GRIIRFGIG,0.4621256275658497,anti-toxic
GYCFIFGHS,0.4621205820594988,anti-toxic
GCCLCIGGS,0.4621205820594988,anti-toxic
GLRGFCDCG,0.4621168621446227,anti-toxic
GRYCCYRFS,0.46211174424787865,anti-toxic
GCYVGVNSG,0.4621023248032942,anti-toxic
GLIVYFYDR,0.4620922643545428,anti-toxic
GIRFHNVFN,0.4620922643545428,anti-toxic
GFHLRDRIS,0.4620922643545428,anti-toxic
GFYLVLVGN,0.4620922643545428,anti-toxic
GIGGSVVDH,0.4620922643545428,anti-toxic
GHCVCVGCD,0.46206621236495454,anti-toxic
GVFCVFRNH,0.46205750828378656,anti-toxic
GLDVYGFRY,0.46205750828378656,anti-toxic
GSVCFYSSG,0.46204409771756083,anti-toxic
GNFFHSGGG,0.4620025655951304,anti-toxic
GNNYLRRGS,0.4620011100651626,anti-toxic
GCFNRYDDV,0.4619606998331176,anti-toxic
GLCGCDSLG,0.4619573134553566,anti-toxic
GFRLDSGHR,0.4619223193389118,anti-toxic
GVRFVYVCD,0.4619223193389118,anti-toxic
GVDYLLGYV,0.46188128816292556,anti-toxic
GFICHSDDN,0.46188128816292556,anti-toxic
GCCCGSGFV,0.4618497615771687,anti-toxic
GFYLSFHCR,0.4618441292767507,anti-toxic
GCCGNDVFF,0.46184298890086073,anti-toxic
GCFDGIGGG,0.4618400348281139,anti-toxic
GLSCCDVCD,0.4618199167953532,anti-toxic
GYGVSNSVF,0.4618141378756788,anti-toxic
GYYVCVSDD,0.4618141378756788,anti-toxic
GICCSCGLD,0.4618060400501317,anti-toxic
GCLVSNGCD,0.46180449663555667,anti-toxic
GCGFHCGCD,0.46180222634298734,anti-toxic
GSFGRHSCG,0.4617934631915639,anti-toxic
GFSIRCDFD,0.461781127995991,anti-toxic
GVCHHFSSG,0.4617735628785079,anti-toxic
GYSVSFVLD,0.46176870372110174,anti-toxic
GCFFHVGGD,0.4617641234383627,anti-toxic
GLYNSSVVN,0.46175439423013,anti-toxic
GDFGVRDYG,0.4617420019263554,anti-toxic
GNCYVLNGD,0.4617327721805373,anti-toxic
GHYRGVLVD,0.4617269272293996,anti-toxic
GVNCVYGFR,0.46171912705011864,anti-toxic
GFFGLNVYG,0.46171229540547076,anti-toxic
GLCVVYRGG,0.46170979450868427,anti-toxic
GNYGSDVVF,0.4617081935086201,anti-toxic
GGYRCLSFD,0.46168911086425957,anti-toxic
GILFLVGSG,0.46168428453881566,anti-toxic
GLNNCVGCS,0.46168428453881566,anti-toxic
GNFVSVHFD,0.46167276341608404,anti-toxic
GSDNFDGFY,0.46166620061460145,anti-toxic
GVRNGFGVG,0.4616643036558371,anti-toxic
GYCRRSGFC,0.461648568063455,anti-toxic
GSGSFVLDG,0.46164514304161436,anti-toxic
GGNIFGGGG,0.46163152052829537,anti-toxic
GGIFGLHDR,0.4616260329819041,anti-toxic
GCDVFSVCN,0.46162046629339426,anti-toxic
GICFDSGFH,0.4616090885414149,anti-toxic
GDCLNSVVD,0.4616090885414149,anti-toxic
GDICSDHYR,0.4616090885414149,anti-toxic
GGNIVYGCG,0.4616090885414149,anti-toxic
GFGLRFGYD,0.4616090885414149,anti-toxic
GRFCYDVVD,0.4616090885414149,anti-toxic
GFVSNFCDL,0.4615694070135054,anti-toxic
GFISLCGGG,0.46152716937076677,anti-toxic
GSVSRDFGH,0.46152262449721587,anti-toxic
GDHLCDSVG,0.4615044896772524,anti-toxic
GFYVVSSVY,0.4615044896772524,anti-toxic
GLRDGLFYG,0.4614894317058589,anti-toxic
GFCHCLFFN,0.4614894317058589,anti-toxic
GIVLGIGIR,0.4614894317058589,anti-toxic
GCYFIVHDD,0.4614894317058589,anti-toxic
GLICRIIYD,0.46146930917686635,anti-toxic
GRCRDDDGR,0.4614553915530073,anti-toxic
GCVFGVRFS,0.46144105043450007,anti-toxic
GIVDYLVFN,0.46144105043450007,anti-toxic
GSYGHGGYV,0.46144105043450007,anti-toxic
GLFVNSGDV,0.46144105043450007,anti-toxic
GFGDGVHDG,0.46144105043450007,anti-toxic
GVCSFDFCD,0.46142215450994667,anti-toxic
GIYSDHSCD,0.46141101796873096,anti-toxic
GYIIRCSGG,0.46140862951089845,anti-toxic
GFFSRYGYD,0.46139847045682947,anti-toxic
GICHDCGGD,0.4613679143123081,anti-toxic
GSSVSSCVD,0.46136070736112256,anti-toxic
GYRFLDDDF,0.46136070736112256,anti-toxic
GYCNRGGCG,0.46134491914038456,anti-toxic
GVGHCHRDR,0.4613420905421841,anti-toxic
GCCLFDDCY,0.46132698753643053,anti-toxic
GRDFIIIDD,0.46132698753643053,anti-toxic
GCDFCSVYS,0.46132698753643053,anti-toxic
GCFSGGDFG,0.4613064442909073,anti-toxic
GLHGSFDSD,0.46130083230850827,anti-toxic
GVFRCCNYG,0.4612966946140241,anti-toxic
GNSLLIFSG,0.4612957048446233,anti-toxic
GRVFRNCDG,0.46129409266938937,anti-toxic
GHLLCGGSG,0.4612850975453777,anti-toxic
GCCCHRVCH,0.46128267403382556,anti-toxic
GVCFDCGVR,0.4612335095483592,anti-toxic
GIVVGVVDV,0.46123065960392884,anti-toxic
GICFLNCYG,0.46121125283037495,anti-toxic
GYNGGDVGG,0.461206852260088,anti-toxic
GLGSGDGYD,0.4612051145226089,anti-toxic
GDVCSIGSS,0.4612051145226089,anti-toxic
GFVHFIHGG,0.4612036043769581,anti-toxic
GVRCHNGIS,0.46119533926420986,anti-toxic
GVHHCLHYY,0.4611820536182147,anti-toxic
GCDFVYDGL,0.4611820536182147,anti-toxic
GFGHFLNGR,0.4611730936429324,anti-toxic
GVYYYFDND,0.46115620044787015,anti-toxic
GFNIDFFFD,0.46113947642350367,anti-toxic
GGYFDFFYD,0.4611331493355321,anti-toxic
GIVDRGHFN,0.4611225359487135,anti-toxic
GSCVYFGLR,0.46111378052077245,anti-toxic
GCYCCFDDG,0.4610938092855117,anti-toxic
GCFVIDCCG,0.4610888086869762,anti-toxic
GFFYFHSFD,0.4610614776657757,anti-toxic
GVCHDCGVR,0.4610614776657757,anti-toxic
GFCNHIGVF,0.46103443482620765,anti-toxic
GYLFFSCFD,0.46103443482620765,anti-toxic
GHGHRCCDH,0.46103443482620765,anti-toxic
GYYYVLVFS,0.46101148117899937,anti-toxic
GYCVVDGDG,0.46100458230475627,anti-toxic
GFCIYVCDG,0.46100458230475627,anti-toxic
GCYYDNVYF,0.46099175441912665,anti-toxic
GSCVFCGFV,0.46097461876910556,anti-toxic
GVGLSYSVG,0.46097461876910556,anti-toxic
GCISRCGFD,0.4609595951772368,anti-toxic
GSDDGLSGG,0.46093449362638717,anti-toxic
GCVVVDGFV,0.46093449362638717,anti-toxic
GVHYDSSLY,0.46093449362638717,anti-toxic
GHFFRLCGN,0.46093449362638717,anti-toxic
GCGFVCSVD,0.4609143561686643,anti-toxic
GCFGIYSNG,0.4608978427565479,anti-toxic
GCGSHLDGF,0.4608906525100778,anti-toxic
GIGCSCDFD,0.4608723716863723,anti-toxic
GFLHVYVDY,0.4608723716863723,anti-toxic
GCYGSGDGG,0.4608536420052092,anti-toxic
GFYFCYDDN,0.46082311399808973,anti-toxic
GFGSSHDFD,0.460811137039978,anti-toxic
GLFRNIHGH,0.46080780698218693,anti-toxic
GLGHRHVFV,0.4607924711835377,anti-toxic
GHYRCLSYY,0.46078985796243305,anti-toxic
GLYHIIGDR,0.4607886327270542,anti-toxic
GLFGSLIDI,0.46077710652087295,anti-toxic
GCYRGCCDD,0.4607765369039142,anti-toxic
GDFDFGGVD,0.4607738870007659,anti-toxic
GGRVLIDGH,0.4607729111381526,anti-toxic
GFFGYLCGG,0.4607569371752859,anti-toxic
GVCSNDRFG,0.4607555473462185,anti-toxic
GFDIYRDGY,0.4607503516841441,anti-toxic
GCDFCVCDN,0.4607308385314931,anti-toxic
GLVIYHGVI,0.4607308385314931,anti-toxic
GIRDVDSFN,0.4607308385314931,anti-toxic
GYCGYYGVG,0.4607308385314931,anti-toxic
GGCRGLVGN,0.4607308385314931,anti-toxic
GGDSHDGHG,0.4607308385314931,anti-toxic
GFIFRFGIY,0.4607308385314931,anti-toxic
GDNRHLVHD,0.4607308385314931,anti-toxic
GGHCGDCFG,0.4607308385314931,anti-toxic
GNFCSVGCS,0.4607308385314931,anti-toxic
GDVGCLCYG,0.4607308385314931,anti-toxic
GGVSGDCVG,0.4607308385314931,anti-toxic
GLHFFGNVD,0.4607308385314931,anti-toxic
GYLHCSDCG,0.46070178776176396,anti-toxic
GRFSRCVGD,0.460691254656708,anti-toxic
GCFSFFGCS,0.4606875627124245,anti-toxic
GLSHGGSDG,0.4606875627124245,anti-toxic
GGHCYGDGG,0.4606490304648878,anti-toxic
GYLNFNRHY,0.4606209322973488,anti-toxic
GVRVFVDGD,0.46061928073948405,anti-toxic
GVYHFISCG,0.4606140141913392,anti-toxic
GYFGIYDYG,0.46060616665410375,anti-toxic
GFVLDDFVN,0.46060616665410375,anti-toxic
GGCIRVGFI,0.46059044917132336,anti-toxic
GICIFDRGG,0.4605789607604389,anti-toxic
GVNVGDGIS,0.460574701739625,anti-toxic
GSDSSSSVG,0.46056229502228424,anti-toxic
GCCFFDRFV,0.4605603598317954,anti-toxic
GIVSVYCDG,0.4605538572005858,anti-toxic
GFVNIFNCY,0.46054311668638176,anti-toxic
GFCHCSFFR,0.46054311668638176,anti-toxic
GLYGCYGYN,0.46054311668638176,anti-toxic
GSYFRLGVR,0.46054311668638176,anti-toxic
GYCHLYLDD,0.46053311738903707,anti-toxic
GICCYIGLG,0.46052199290020074,anti-toxic
GGNDSGNYG,0.46051385402440465,anti-toxic
GFSCRDCSD,0.46050038244653996,anti-toxic
GYVFSLRSL,0.460495512336679,anti-toxic
GGVCCRGHS,0.460495512336679,anti-toxic
GYHLYSDDS,0.460479583400445,anti-toxic
GYRCVHGFV,0.4604752584258952,anti-toxic
GSSDVDRFH,0.46046501756631736,anti-toxic
GGCRRNDHG,0.46044763377290615,anti-toxic
GFCSSLVGD,0.46044472317632407,anti-toxic
GCISSDSFR,0.4604324568764008,anti-toxic
GGCVGCNGC,0.46041556121680977,anti-toxic
GYDGFDFCD,0.46041556121680977,anti-toxic
GCNGRLRID,0.4603966372976842,anti-toxic
GSIGRYVVF,0.46038629707597434,anti-toxic
GFCGVGFIV,0.4603797800030385,anti-toxic
GIVRHYRDR,0.4603752965698401,anti-toxic
GFCGFYGHS,0.46035104446976943,anti-toxic
GLSRSDDCG,0.46035104446976943,anti-toxic
GHCVIFGFD,0.46035104446976943,anti-toxic
GFSVDYDLD,0.46034497046354694,anti-toxic
GYCLFSCVD,0.4603363676484266,anti-toxic
GIYRLLGFV,0.46032324161569615,anti-toxic
GVCRLRDYG,0.46032324161569615,anti-toxic
GLCFHLVHD,0.4603171853123903,anti-toxic
GHDCCLDGL,0.4603171853123903,anti-toxic
GFGFCCGIG,0.4603077557100123,anti-toxic
GFCNYVGCF,0.4602851797115718,anti-toxic
GRCCRDGYR,0.4602821871673125,anti-toxic
GVYYCNDCG,0.46027669807193256,anti-toxic
GNIGCDGGG,0.46026530683089506,anti-toxic
GSVCFGGVS,0.4602533294323669,anti-toxic
GRDCVSSVH,0.4602533294323669,anti-toxic
GFNLSDGFR,0.4602533294323669,anti-toxic
GLIRIVIYD,0.4602533294323669,anti-toxic
GVYGSCGCD,0.46024189325688725,anti-toxic
GILLGRGYD,0.4602392770959886,anti-toxic
GFLRVYSCG,0.46023193614244845,anti-toxic
GCDYYNSHD,0.4602085360248801,anti-toxic
GGYHVLSDD,0.460202338944638,anti-toxic
GFIFYGGGD,0.46019854960359813,anti-toxic
GLDFFLDGC,0.4601828328033828,anti-toxic
GLCGSGFDD,0.4601828328033828,anti-toxic
GHYGCCHYD,0.4601635040525067,anti-toxic
GCYCVIDGG,0.4601618315953271,anti-toxic
GGCCYCDDF,0.4601295723660872,anti-toxic
GVSYRDDLG,0.4601249538825397,anti-toxic
GIVCLCGIN,0.46008791542088207,anti-toxic
GGLRFDVDS,0.46008791542088207,anti-toxic
GGVVVSGIR,0.46008791542088207,anti-toxic
GYIVSCGFV,0.4600670102495429,anti-toxic
GGDNLDGGN,0.4600621786890068,anti-toxic
GYRVLDGDD,0.4600611476017172,anti-toxic
GYHGSLGLG,0.46005881598826687,anti-toxic
GLVYGGGYN,0.4600446998895361,anti-toxic
GCLDSYCDG,0.4600432555944348,anti-toxic
GHCYLSGFY,0.4600400566427298,anti-toxic
GLFVSSGYH,0.4600358620265306,anti-toxic
GYVRDDSDS,0.4600269575315402,anti-toxic
GGNLRLNGS,0.4600269575315402,anti-toxic
GFCCFFIDN,0.46002248006112245,anti-toxic
GHDCVGDFD,0.4600003177841371,anti-toxic
GHCDGFCVN,0.4599952560473914,anti-toxic
GRYCHSHCD,0.45997582496164496,anti-toxic
GFVVCVLVG,0.4599709179843169,anti-toxic
GYYVNCGYV,0.4599677620152455,anti-toxic
GHGDNGFHR,0.4599596914808,anti-toxic
GFDFHNYYD,0.4599532295826485,anti-toxic
GHCYHYHGR,0.4599365909035704,anti-toxic
GCNIVVGYD,0.45992924005123126,anti-toxic
GFSHFDCGG,0.45991922461204016,anti-toxic
GNDFGYYDG,0.4599166815246243,anti-toxic
GFYIRYCGS,0.4598948527451518,anti-toxic
GVVYDDFVD,0.4598948527451518,anti-toxic
GFLVRGGGD,0.4598948527451518,anti-toxic
GYFVLIGFG,0.4598881938805017,anti-toxic
GVRIFSGFV,0.4598765284700535,anti-toxic
GLRHCGFGS,0.4598733960379562,anti-toxic
GFIHCSVCD,0.4598622492781567,anti-toxic
GIINDNFRF,0.4598622492781567,anti-toxic
GHSCVSHFS,0.45985998505761316,anti-toxic
GCYDLFSLG,0.45984590121461744,anti-toxic
GFVDGVLIF,0.45984143727470705,anti-toxic
GFRGLNDGH,0.45983017790629244,anti-toxic
GCDICDDCS,0.4598269995332485,anti-toxic
GVYSYSDCD,0.4598269995332485,anti-toxic
GCIFDCFFD,0.459816396511192,anti-toxic
GIDCFCDYD,0.45974715865023974,anti-toxic
GVDGFCCGN,0.45974715865023974,anti-toxic
GGFFDSGYL,0.45974715865023974,anti-toxic
GFVDSGSFD,0.45974715865023974,anti-toxic
GRICGGVCD,0.45974715865023974,anti-toxic
GGLVRFGHD,0.45974715865023974,anti-toxic
GGNGFYGCG,0.45972746230873635,anti-toxic
GSCVCDGFV,0.4597216890738372,anti-toxic
GYYGSNGGN,0.45970983850912345,anti-toxic
GDFCCDGDS,0.4596906117302154,anti-toxic
GCGFVHRFD,0.45966657705952646,anti-toxic
GRYDNVGIG,0.4596573201085844,anti-toxic
GYDIVHHDR,0.4596518454748537,anti-toxic
GIYHNHCYG,0.459630522559327,anti-toxic
GSICCFRDG,0.45962361281855435,anti-toxic
GDRVLGGDG,0.459619841567162,anti-toxic
GIVNIYGGD,0.4595969097361297,anti-toxic
GSNYYFGFD,0.45958772016616134,anti-toxic
GFYSCFHYN,0.45958772016616134,anti-toxic
GLYNFNSLD,0.45957733325336125,anti-toxic
GLVLDCGYN,0.45957161520326467,anti-toxic
GLLLYCDVG,0.45957161520326467,anti-toxic
GIFDFNGSD,0.4595611785680728,anti-toxic
GINSFCDDS,0.4595611785680728,anti-toxic
GGIFHNGHD,0.45955706894699067,anti-toxic
GYSRFGSVG,0.4595442931374408,anti-toxic
GYRYLCNDS,0.4595360799185496,anti-toxic
GFVIDGDFR,0.4595360799185496,anti-toxic
GFVCVLDGL,0.4595360799185496,anti-toxic
GCFFDNNFG,0.45952080641340803,anti-toxic
GYNVVHGCG,0.4595123096614679,anti-toxic
GRRGSGGGS,0.4595031501325913,anti-toxic
GIVFRDIYN,0.45949529151918617,anti-toxic
GCHLFVGID,0.4594825063069473,anti-toxic
GCGVRYCGY,0.4594825063069473,anti-toxic
GCVRLLIHD,0.4594784951824059,anti-toxic
GFHVRDIGH,0.4594638649443538,anti-toxic
GDCGLGGVG,0.4594580465912526,anti-toxic
GNVHCVFYD,0.4594580465912526,anti-toxic
GFFSCDDYH,0.459444039125177,anti-toxic
GYFVCGFCD,0.4594349636242853,anti-toxic
GFIVYDGYF,0.45941741211757814,anti-toxic
GFYLFGDGG,0.45939248775923086,anti-toxic
GFYFGFNGG,0.45939248775923086,anti-toxic
GFCCVYFDD,0.45939248775923086,anti-toxic
GYVRRCGVR,0.4593729033312821,anti-toxic
GVSLFRGCD,0.4593651314881183,anti-toxic
GRHNFVFDG,0.4593616331194606,anti-toxic
GCCCNVFYD,0.45935622251083574,anti-toxic
GVVVSYDGH,0.45934713300153696,anti-toxic
GFFNRVFCD,0.45933196312922514,anti-toxic
GCFVFGVCD,0.45933093372583417,anti-toxic
GIGRYLVHH,0.4593198085720638,anti-toxic
GFGFNCGHS,0.4593098515717675,anti-toxic
GFRCGLVDI,0.4592710237724502,anti-toxic
GFFIGSGGV,0.4592687159970565,anti-toxic
GDLYRCGGG,0.4592565022383881,anti-toxic
GRGGCGGVS,0.4592096654109603,anti-toxic
GYDLVNIYD,0.45916043085715436,anti-toxic
GYFCFNCVD,0.45914788370776155,anti-toxic
GCHFCSGFC,0.45914788370776155,anti-toxic
GGFSYDSSS,0.45914013101031487,anti-toxic
GNSCIHRSG,0.459130153422107,anti-toxic
GCNFRIGFN,0.4591083456515195,anti-toxic
GFLFFVGGR,0.45909815058638986,anti-toxic
GYCFGFCCG,0.45909134746155084,anti-toxic
GDDSVLFVI,0.4590856742657897,anti-toxic
GLNVCCDCG,0.4590767520260198,anti-toxic
GFNRDYGGH,0.4590738564302622,anti-toxic
GSIDGCDFG,0.45906766950258293,anti-toxic
GVVRSYCDN,0.4590572546419269,anti-toxic
GYVIDLRFR,0.4590572546419269,anti-toxic
GNCRGYHSG,0.4590572546419269,anti-toxic
GLFFVGDYG,0.4590572546419269,anti-toxic
GHFYCCGFC,0.4590572546419269,anti-toxic
GSYVFCGLR,0.4590499322541219,anti-toxic
GCYYHNRHG,0.45904519107386726,anti-toxic
GYCVYLCFD,0.4590394158428896,anti-toxic
GFGGVHDVG,0.4590230326268662,anti-toxic
GDLRSDFYN,0.45901085813721926,anti-toxic
GSRIGHSVD,0.45901085813721926,anti-toxic
GLYVRCGLS,0.45900316054185036,anti-toxic
GHILSSGYF,0.45899101374690726,anti-toxic
GYLSLFGIS,0.4589852383111254,anti-toxic
GVYNFDSGD,0.4589810291951489,anti-toxic
GFRNDCFDD,0.45897766049519884,anti-toxic
GLVISLSYD,0.4589577713103951,anti-toxic
GNYGYRDGG,0.45895419806129784,anti-toxic
GCYHVFNLY,0.4589379670668771,anti-toxic
GCDNDGHND,0.4589282498936434,anti-toxic
GRHDIDVFF,0.4589282498936434,anti-toxic
GFCSCIGGG,0.4589282498936434,anti-toxic
GIDDGIFFD,0.45891142036187854,anti-toxic
GCFSVGGVG,0.45889643461346336,anti-toxic
GRFGYVGGV,0.45889643461346336,anti-toxic
GCVNRNSYD,0.45889332472419125,anti-toxic
GYVDRCSLG,0.4588924498765676,anti-toxic
GHFIFGDGD,0.45888557847273104,anti-toxic
GFCCYIFDN,0.4588830053866065,anti-toxic
GFSFYSCLD,0.4588830053866065,anti-toxic
GNCGRLHVY,0.4588788336698997,anti-toxic
GIIDNYGIG,0.4588709021473692,anti-toxic
GICCDDRDR,0.4588709021473692,anti-toxic
GYYVCYDSR,0.4588709021473692,anti-toxic
GIFVRNGFC,0.4588709021473692,anti-toxic
GRRYLFNSY,0.45886528787971004,anti-toxic
GCVVCYDSC,0.4588587828312296,anti-toxic
GSFGYLGGG,0.4588499586669368,anti-toxic
GVYSSFGHG,0.4588499586669368,anti-toxic
GYNFIRVSS,0.4588499586669368,anti-toxic
GRYISIDFR,0.458837969364911,anti-toxic
GVRYYCCDG,0.4588362441187856,anti-toxic
GNGVFVIDV,0.4588324690073527,anti-toxic
GRFGILCDS,0.45882476294370694,anti-toxic
GCGRHIVFY,0.4588049174954546,anti-toxic
GFYCDDDHY,0.458791837780907,anti-toxic
GSFCICVYD,0.458788881710845,anti-toxic
GLDNFLRCG,0.4587841993157969,anti-toxic
GGNCLDGLD,0.4587756546691673,anti-toxic
GVRSGLFDS,0.45876805273878263,anti-toxic
GYCVNDDFL,0.45875511498610344,anti-toxic
GRFGSSCDG,0.45872176255733793,anti-toxic
GSLGDIGYV,0.45871416555665967,anti-toxic
GVYYYVGDV,0.4587113150635312,anti-toxic
GFCGCLHYG,0.45870318102756313,anti-toxic
GYYGRSSIS,0.45868638710694076,anti-toxic
GCCCRSNFG,0.4586758400576381,anti-toxic
GIHVCGYVD,0.45867199301575323,anti-toxic
GCIRYDCFY,0.4586378490256493,anti-toxic
GFGHYDHFY,0.4586378490256493,anti-toxic
GGGFHGGCG,0.4586378490256493,anti-toxic
GCGCGVGLD,0.4586378490256493,anti-toxic
GRSVLSNVD,0.4586378490256493,anti-toxic
GVGCVLFDS,0.4586378490256493,anti-toxic
GHIVCFDVY,0.4586378490256493,anti-toxic
GRISLDNGH,0.4586378490256493,anti-toxic
GFSFYGGGD,0.4586378490256493,anti-toxic
GCYGNGCYD,0.45862326780112167,anti-toxic
GYCDFNNGG,0.4585880246142021,anti-toxic
GYHVILSFD,0.4585840497710864,anti-toxic
GLVCSFRGG,0.4585738362785508,anti-toxic
GLCFYCCYD,0.45856139545940955,anti-toxic
GFCCRCGSS,0.45855001517321053,anti-toxic
GCVSDGDFD,0.45854295238331755,anti-toxic
GFFHSDRGG,0.4585299363696329,anti-toxic
GCDFDFGGN,0.4585127822193413,anti-toxic
GYYCFDSVY,0.4585127822193413,anti-toxic
GDYLRDGLN,0.4584677042705237,anti-toxic
GGRFVFRVY,0.4584470761335401,anti-toxic
GLDLGIDFY,0.4584390417519083,anti-toxic
GFCDCDGYN,0.4584347653268805,anti-toxic
GNVLSSGDV,0.45843030088219944,anti-toxic
GIYDYYGCS,0.45842075605341903,anti-toxic
GYYNYDFID,0.4584192091424472,anti-toxic
GNCDLIFCD,0.4584121046827497,anti-toxic
GIYLGFFNR,0.45841029100005887,anti-toxic
GCRDFDRCG,0.4583987659026813,anti-toxic
GCHYCDVGG,0.4583801184112164,anti-toxic
GVCDDGGGG,0.45837768339041834,anti-toxic
GDCGGYGGD,0.458365683520782,anti-toxic
GGFDCVRDG,0.45835593114369305,anti-toxic
GGCCGVRDN,0.45835252316169517,anti-toxic
GNCYYSGVC,0.4583502050266785,anti-toxic
GLCDGGGLS,0.4583433692959258,anti-toxic
GFGIVYCLC,0.4583380254156028,anti-toxic
GCFFYVSYG,0.458326146951045,anti-toxic
GGIGRLLSG,0.45831028560453674,anti-toxic
GLNFCFVVD,0.45831028560453674,anti-toxic
GGCVSGGVN,0.45829439746017875,anti-toxic
GYYYCVGSD,0.45829439746017875,anti-toxic
GYCSIVLDG,0.45827872018528626,anti-toxic
GSGINLFDD,0.4582674485921919,anti-toxic
GLYIRVGDY,0.4582674485921919,anti-toxic
GCGFHDRFD,0.4582615432383909,anti-toxic
GIGGDFCCG,0.4582217385387975,anti-toxic
GCCNGLDGN,0.45821803799063643,anti-toxic
GVNIVSGFL,0.45821803799063643,anti-toxic
GIGHVDSYS,0.45820849211287,anti-toxic
GFYHFRVDD,0.45820849211287,anti-toxic
GCNYVSGCV,0.458198502016098,anti-toxic
GLRCCGDFD,0.458187059714033,anti-toxic
GIYIRDYVG,0.4581844355702627,anti-toxic
GYYSHFRGG,0.4581770590811983,anti-toxic
GVDDIDGHS,0.4581713672601737,anti-toxic
GFDHSGVVI,0.4581534156436824,anti-toxic
GHVFRCGIG,0.4581534156436824,anti-toxic
GCFNVIHYG,0.45814498593295316,anti-toxic
GFCGYIGCD,0.45813625765296834,anti-toxic
GGGVIHDGD,0.45812293006663346,anti-toxic
GCDLDNVCD,0.458098017406232,anti-toxic
GFFSCDDSD,0.45809572125875486,anti-toxic
GNCYDFHDR,0.4580821298431016,anti-toxic
GSSVSLIFD,0.45802242650623837,anti-toxic
GNDIGCCYG,0.45800496427258963,anti-toxic
GFHLVVRSG,0.4580030939219562,anti-toxic
GHDYGFGFV,0.4580008978258187,anti-toxic
GCVVGFGLD,0.45799120313943037,anti-toxic
GLNGYRGDS,0.45799120313943037,anti-toxic
GFHSGYGLD,0.45797520506602574,anti-toxic
GFSYDFIHR,0.457926214758614,anti-toxic
GFSFFCCYD,0.4579084436628128,anti-toxic
GIHGVLRGR,0.45790535689399714,anti-toxic
GCDSVYCDS,0.4579015485126289,anti-toxic
GLFDCDDFV,0.45789847317560217,anti-toxic
GYIDLLDDV,0.457866455426924,anti-toxic
GDYSGDDYN,0.45786502033332815,anti-toxic
GGIIVIGHR,0.45786301477568836,anti-toxic
GIYDNDILY,0.4578437466250206,anti-toxic
GHFVVIGDS,0.45781609952427577,anti-toxic
GNCYYSSYV,0.45781609952427577,anti-toxic
GSRNCIGDH,0.45781609952427577,anti-toxic
GVHCSIGCG,0.45781609952427577,anti-toxic
GISSDDFDG,0.45781609952427577,anti-toxic
GLYVDCGYC,0.4577427761268531,anti-toxic
GFGLHNFDD,0.4577377565129867,anti-toxic
GFCCYFVYS,0.4577377565129867,anti-toxic
GVRVDFGFY,0.4577082136755274,anti-toxic
GFRINGNYG,0.4577082136755274,anti-toxic
GLFVRDVCV,0.45767716727729396,anti-toxic
GRNGRSYLF,0.4576656684587249,anti-toxic
GSVYCSCRG,0.4576616068038165,anti-toxic
GFGLCSVVN,0.45764853686439894,anti-toxic
GVCHFCNSS,0.45764290132381347,anti-toxic
GSFGVCGFC,0.45764290132381347,anti-toxic
GVYLSNSVG,0.45764290132381347,anti-toxic
GCRHDFVHD,0.4576368735164072,anti-toxic
GHDGGIVFS,0.45760325421022896,anti-toxic
GYFCFIDFR,0.45759911501718736,anti-toxic
GCYLLNGYN,0.45758447579510375,anti-toxic
GFFLCDGLG,0.45756771834398346,anti-toxic
GFRDLSDDY,0.45756332938088634,anti-toxic
GFCVGIVFR,0.4575551313750692,anti-toxic
GRVHYCGVN,0.4575155288970778,anti-toxic
GCGHLDVFS,0.4575155288970778,anti-toxic
GCGCCDDRI,0.45749886468043804,anti-toxic
GLCYFDFFS,0.4574906634042119,anti-toxic
GFYGGVVDG,0.457457437807264,anti-toxic
GRCCLSGCS,0.457397892489117,anti-toxic
GYFFRCSGG,0.4573771965239053,anti-toxic
GCFRRGSFD,0.4573771965239053,anti-toxic
GIDVIIGRF,0.4573771965239053,anti-toxic
GGLGHFGLG,0.4573771965239053,anti-toxic
GCHYDNRLG,0.4573771965239053,anti-toxic
GLFYHDHCV,0.4573771965239053,anti-toxic
GHFFFGCCD,0.4573771965239053,anti-toxic
GCCVRVDDN,0.4573771965239053,anti-toxic
GICLRFRDD,0.45733750955669283,anti-toxic
GRSCFVDDV,0.45733630443010326,anti-toxic
GNFDDFVGS,0.4573306508422892,anti-toxic
GFYYDYNHY,0.4573306508422892,anti-toxic
GLGVSGCVS,0.45731286136610994,anti-toxic
GFCYYSVFS,0.4573066382230903,anti-toxic
GHRHYCSDN,0.4573060648421636,anti-toxic
GYCFLYGSG,0.45730413524907204,anti-toxic
GYRFSCGHG,0.4572952425713286,anti-toxic
GCDHVYRCS,0.45728700973469044,anti-toxic
GGVCGGGSG,0.4572730616518314,anti-toxic
GYYCGVGVF,0.4572730616518314,anti-toxic
GLVCFGHFI,0.45725400988801956,anti-toxic
GGYYYGCVF,0.45725400988801956,anti-toxic
GGCVIYHGR,0.4572493312257924,anti-toxic
GYYFGLDHG,0.4572264260027232,anti-toxic
GHFVDVRYG,0.45722257913121894,anti-toxic
GDCCHFVFR,0.45721426480865596,anti-toxic
GDGGVFDSC,0.4572115932876172,anti-toxic
GHFVGDGIG,0.45719996963635984,anti-toxic
GNNFYYVGS,0.4571829247774749,anti-toxic
GFCVYVGFN,0.4571829247774749,anti-toxic
GRHFFDHSD,0.45714457139890946,anti-toxic
GYYRGGLSV,0.4571292761621543,anti-toxic
GFGIGDSGS,0.4571214282703978,anti-toxic
GHVGYYLSG,0.45710414119777526,anti-toxic
GGHIHYYDG,0.457100128331289,anti-toxic
GGLVGVCDD,0.4570931715337921,anti-toxic
GCCFSGSYD,0.457071031913479,anti-toxic
GHSGYFRDV,0.45706146079069426,anti-toxic
GCCCFLNDD,0.45706146079069426,anti-toxic
GRGGVGGYN,0.45706146079069426,anti-toxic
GIGFCIDSC,0.45703974164519706,anti-toxic
GRRVIGGYD,0.4570346929715293,anti-toxic
GNCVGHGYG,0.4570346929715293,anti-toxic
GHIYFRGHN,0.4570029660122499,anti-toxic
GYCLNFVCD,0.4569847912729908,anti-toxic
GFCSYVGYG,0.45697952403287645,anti-toxic
GGYYGGCCC,0.45697301363581794,anti-toxic
GYFLFFDGF,0.4569685536383657,anti-toxic
GGFISSGYC,0.4569586570307389,anti-toxic
GFYFNYDYC,0.45695395908570324,anti-toxic
GCIIFCHDG,0.4569178686313755,anti-toxic
GFFCSFYDD,0.4569178686313755,anti-toxic
GRCCRLGFN,0.45690718080497367,anti-toxic
GYHRSNVVF,0.4569049832753567,anti-toxic
GNFVLDCVS,0.4568801972532972,anti-toxic
GGIDYNSSS,0.45687504935779844,anti-toxic
GFDCRSCVD,0.4568589452906836,anti-toxic
GFGCDLGGS,0.45685415265263657,anti-toxic
GHFCDDSCD,0.45684529874535096,anti-toxic
GFFRRGGGD,0.4568357946479689,anti-toxic
GGLRLYGCS,0.4568335870650213,anti-toxic
GSVVFDRDH,0.45683204816238693,anti-toxic
GSYNVIGVR,0.45683004366001384,anti-toxic
GGYIDICDD,0.4568213480215986,anti-toxic
GFGFIDHVI,0.456806667892859,anti-toxic
GFDCFCYDS,0.45680192000893305,anti-toxic
GSCSIFFDR,0.4567826796865007,anti-toxic
GSCYYCRYS,0.4567738001338184,anti-toxic
GYIVSGGDN,0.4567738001338184,anti-toxic
GFHLRFRSD,0.45676198618662056,anti-toxic
GYFDFDGFC,0.4567454953479444,anti-toxic
GSYFNDDGL,0.4567410746204246,anti-toxic
GFDRGNGCG,0.4567322594760879,anti-toxic
GLVIHGGCG,0.45670069423909976,anti-toxic
GGLVDNCFR,0.4566954386741941,anti-toxic
GCFGYDCGG,0.4566800944771178,anti-toxic
GFFGCLGIR,0.4566800944771178,anti-toxic
GFSYCVGLD,0.4566800944771178,anti-toxic
GYFSCCGGG,0.45666404367856095,anti-toxic
GIYLNDVCN,0.45665332913248324,anti-toxic
GFFCCDDCG,0.4566511848760485,anti-toxic
GGVFCFYDS,0.4566339232260968,anti-toxic
GCRCRDDVF,0.45662442640270934,anti-toxic
GRHCSSGYD,0.45659958757506075,anti-toxic
GDGVDNGDR,0.45659958757506075,anti-toxic
GSCIDGNFG,0.45659958757506075,anti-toxic
GRFDFRDCG,0.4565894795934959,anti-toxic
GHNNHDCFG,0.4565894795934959,anti-toxic
GNCNVLGLD,0.45658341002269803,anti-toxic
GINDFVDGH,0.4565654998640505,anti-toxic
GFDYVGGGG,0.45653472393788497,anti-toxic
GGFLCHDCG,0.45653472393788497,anti-toxic
GRSHNGDFD,0.45650679952174267,anti-toxic
GGCVGVFDS,0.4565054013118414,anti-toxic
GYDDGGCCD,0.45649006935939945,anti-toxic
GSCFVDSCG,0.45648776759904175,anti-toxic
GGHVRDFVG,0.45647763090294996,anti-toxic
GGGYFDGYH,0.4564683926727238,anti-toxic
GCDHGSDCG,0.456453630765788,anti-toxic
GIFFIDYDS,0.4564507227612622,anti-toxic
GCGDGNGYV,0.4564459474694844,anti-toxic
GYFCSIGCG,0.4564366558598114,anti-toxic
GFCHCVGFV,0.4564366558598114,anti-toxic
GGRCYDGCV,0.4564366558598114,anti-toxic
GLCVLDGYH,0.4564366558598114,anti-toxic
GCLYLGHFD,0.4564366558598114,anti-toxic
GICYGDGYF,0.4564251919116037,anti-toxic
GRSLGVFVC,0.4563986880771319,anti-toxic
GVRNVLYCD,0.45638727054227995,anti-toxic
GDYCSHDRG,0.4563817687214251,anti-toxic
GGCVSLDGF,0.456366033129043,anti-toxic
GRYNLSGVV,0.4563430247593572,anti-toxic
GGHGFLGDG,0.4563376487963704,anti-toxic
GYCGRYVVY,0.4563376487963704,anti-toxic
GVGVRFDVG,0.45631274873146643,anti-toxic
GCVGIVLSG,0.45631274873146643,anti-toxic
GNCNYFCVN,0.45631274873146643,anti-toxic
GRSLFCRRY,0.45631274873146643,anti-toxic
GVFHCVSDG,0.45631274873146643,anti-toxic
GFNCGFRGG,0.45630443544339927,anti-toxic
GCVFCFGGG,0.45628064654112005,anti-toxic
GSSVYCGFS,0.4562711157465423,anti-toxic
GYSYCLRFN,0.4562711157465423,anti-toxic
GVSDHYSDG,0.4562502367060391,anti-toxic
GIVVLVGFR,0.45623033730481666,anti-toxic
GNCFYHGCG,0.4562233306904449,anti-toxic
GRGIFCNIR,0.4562233306904449,anti-toxic
GGFRHYGFR,0.45621026035768025,anti-toxic
GGCFFGGLG,0.4561772504779925,anti-toxic
GGFYVYCFD,0.4561705134595696,anti-toxic
GSYRCDFLD,0.4561679211442026,anti-toxic
GLNVCDRFN,0.4561679211442026,anti-toxic
GLFVYGSFD,0.4561461928399127,anti-toxic
GCNYGNGFC,0.4561323530147674,anti-toxic
GFDYGFGHV,0.45612557780268775,anti-toxic
GSYSCVGCG,0.45612407884768313,anti-toxic
GVVYNDVYR,0.4561183081442821,anti-toxic
GINDFFSVD,0.45611287399514566,anti-toxic
GHCCYNGYV,0.4561010405192549,anti-toxic
GYYRHDVVG,0.4560859334857295,anti-toxic
GVYIGDCFS,0.4560786519800849,anti-toxic
GFDCCLNFR,0.4560786519800849,anti-toxic
GDVICIDFY,0.45606042613783865,anti-toxic
GYHISIVYS,0.4560569744526517,anti-toxic
GCHGDVLYG,0.45605059913684476,anti-toxic
GCGFRDDFI,0.4560228027333949,anti-toxic
GYYHGLFCR,0.45599917869480916,anti-toxic
GVHRVFRYS,0.45599381655459403,anti-toxic
GRYFFRGLD,0.4559721662401798,anti-toxic
GFSNLVRVF,0.4559319556497244,anti-toxic
GNCFCFGFC,0.4559319556497244,anti-toxic
GIFVCFNGY,0.4559319556497244,anti-toxic
GLCIRGVVD,0.4559319556497244,anti-toxic
GNNCCFGGN,0.4559319556497244,anti-toxic
GFVGVSRFR,0.4559319556497244,anti-toxic
GCGCYIDDV,0.4559319556497244,anti-toxic
GRYVFLHHH,0.4559319556497244,anti-toxic
GVNFFCDGG,0.4559319556497244,anti-toxic
GVHFICDGG,0.4559319556497244,anti-toxic
GIYNYNHFG,0.4559319556497244,anti-toxic
GFVLNNSCG,0.4559319556497244,anti-toxic
GCYDSCGVF,0.45584778189582137,anti-toxic
GIRCCDGYN,0.45584295175928,anti-toxic
GGRRSCHGC,0.4558375335421879,anti-toxic
GVLCHGNSS,0.45583141288231077,anti-toxic
GHDCHGDCG,0.4558071404507324,anti-toxic
GYSIRFHGD,0.45579621741392545,anti-toxic
GISFYCCYS,0.45579000615282306,anti-toxic
GCLYFSCVD,0.4557831991893204,anti-toxic
GVSGHGGYR,0.45577570650902,anti-toxic
GLIRSCGSD,0.45577570650902,anti-toxic
GIFCGCGGS,0.455767418999943,anti-toxic
GCFVVCGYV,0.455767418999943,anti-toxic
GCFHGFSVG,0.45576138767663316,anti-toxic
GYCRICGFD,0.45576138767663316,anti-toxic
GCFFFHDCG,0.4557582031041368,anti-toxic
GFRGCGSFD,0.4557331483759834,anti-toxic
GICHRLCDH,0.455723110018432,anti-toxic
GRCYVDYGN,0.4557204400084299,anti-toxic
GDFLIDFFR,0.45571329600833266,anti-toxic
GGDHRGCVD,0.45571200402086326,anti-toxic
GLNGFCGCG,0.4556906138919697,anti-toxic
GSLRGDFGR,0.4556906138919697,anti-toxic
GNYSDCCFD,0.4556587285366524,anti-toxic
GICIFHGDS,0.4556563006218072,anti-toxic
GFFFYVDYG,0.45564614156773814,anti-toxic
GYIGINFVD,0.45564614156773814,anti-toxic
GRFSRGVVR,0.4556274368933634,anti-toxic
GCYHYYGVS,0.45561713542433757,anti-toxic
GIRLRYNGH,0.4555977544159155,anti-toxic
GFDLFLVSS,0.45559672253242045,anti-toxic
GGCSIVGFV,0.4555904775261803,anti-toxic
GHYCYCGYG,0.4555815768635528,anti-toxic
GLFYLSRDR,0.4555649978907538,anti-toxic
GGICNLVGN,0.45555304521541956,anti-toxic
GCCVSFGSG,0.4555369629149899,anti-toxic
GFNNSDGLG,0.4555369629149899,anti-toxic
GVNGCINYG,0.4555305743994316,anti-toxic
GRYRDHFFR,0.4555232686055652,anti-toxic
GGFRRIGFL,0.4555101057069851,anti-toxic
GFRYDFCHF,0.4555101057069851,anti-toxic
GCCCHLVGN,0.4555066353905781,anti-toxic
GHRNHRDSV,0.4554952593013122,anti-toxic
GFCSGGGHS,0.45549216373173296,anti-toxic
GFFYHCGCS,0.45549216373173296,anti-toxic
GDSVIDGDG,0.45549007552148646,anti-toxic
GFFFGDVYY,0.4554793297808195,anti-toxic
GNNIVFGCD,0.4554793297808195,anti-toxic
GCLLLYDDR,0.4554793297808195,anti-toxic
GYFDYCGYF,0.4554793297808195,anti-toxic
GVGFYLRCG,0.4554793297808195,anti-toxic
GRCILGGVG,0.4554696943161366,anti-toxic
GYCFYVDDF,0.45546020974163803,anti-toxic
GYCCGSGGR,0.45545963969028036,anti-toxic
GRFCDDSCD,0.4554491379436283,anti-toxic
GSSHVGGVG,0.45544370997502526,anti-toxic
GVCDCFDSS,0.45544370997502526,anti-toxic
GNCYVYHHY,0.45541090641877324,anti-toxic
GGGFCLFYG,0.45540200502642614,anti-toxic
GDCVIGNYG,0.45540200502642614,anti-toxic
GHRICYCSI,0.45540200502642614,anti-toxic
GDYGYYSDD,0.45540200502642614,anti-toxic
GCSFHDDYS,0.45540200502642614,anti-toxic
GVYIVHDCG,0.45540200502642614,anti-toxic
GSIIICDCG,0.45540200502642614,anti-toxic
GCGYRGVVG,0.4553733774609497,anti-toxic
GRSGGCDGN,0.4553726026953279,anti-toxic
GHLNCHDCG,0.45536573069089425,anti-toxic
GVGFVCGGS,0.4553386570849069,anti-toxic
GGNRGFVCD,0.45533389108621386,anti-toxic
GFSYCDDHD,0.45532182659657405,anti-toxic
GFNCSFHYY,0.4553181117568547,anti-toxic
GIRRVYIDH,0.45530456841067524,anti-toxic
GLSGYGDGD,0.4552581083742687,anti-toxic
GLCCGGNFG,0.45523541262647,anti-toxic
GLHISIGCD,0.45523541262647,anti-toxic
GYDGYLVSD,0.45522750378090815,anti-toxic
GYNHGFSFS,0.4552194132718327,anti-toxic
GLYRSFDLG,0.4552194132718327,anti-toxic
GILYRSDCD,0.4552102030439191,anti-toxic
GSCLDYCFS,0.4552026616380375,anti-toxic
GVFCRDCCD,0.4551851033901666,anti-toxic
GRDLCIGFV,0.45518252581422325,anti-toxic
GIGCIFDVN,0.45515573652994723,anti-toxic
GHHCGDCGG,0.45512696101349454,anti-toxic
GDYNNIGGD,0.45512696101349454,anti-toxic
GLDFFHCVG,0.45512696101349454,anti-toxic
GSVCCSNGS,0.45512696101349454,anti-toxic
GRIRRFDVY,0.4550891057524636,anti-toxic
GFVVLGCVD,0.45508095377996916,anti-toxic
GNSFSVGGD,0.4550624969370955,anti-toxic
GLRFFYGGD,0.4550507355667165,anti-toxic
GLYDNCGYV,0.4550262316887004,anti-toxic
GINLYFSCG,0.4550069404290901,anti-toxic
GDRLLCGFS,0.45498680950541154,anti-toxic
GCGLGNSVF,0.45498680950541154,anti-toxic
GIDVSSGHR,0.4549471191288092,anti-toxic
GFHVDCFRF,0.4549464374810592,anti-toxic
GRIIHSCYG,0.4549437994056583,anti-toxic
GFLGGLRHR,0.4549371420108909,anti-toxic
GDLHVGVVN,0.45493242820759777,anti-toxic
GVRSHDGFG,0.45493242820759777,anti-toxic
GVCGCHGFR,0.45492340137447224,anti-toxic
GYYDRCGCG,0.45490484957720884,anti-toxic
GYSDSFDVY,0.45489989719184715,anti-toxic
GGFSFDGDS,0.45488672173507433,anti-toxic
GFYLGFYDS,0.4548816661852264,anti-toxic
GCVCVSGVG,0.45487339540599764,anti-toxic
GFFYYCRDV,0.4548448600085102,anti-toxic
GVVRVVLDG,0.4548448600085102,anti-toxic
GILVHSGIH,0.4548448600085102,anti-toxic
GRDVRRGYI,0.4548448600085102,anti-toxic
GCFRGSSFG,0.4548205168296746,anti-toxic
GHNYNRDGG,0.4548121583419985,anti-toxic
GYLFCDCVD,0.4548032230321202,anti-toxic
GGYNGYCDG,0.4547981139257028,anti-toxic
GIRYRCGSS,0.4547950584509872,anti-toxic
GFIYYNVVN,0.4547875690009865,anti-toxic
GRFVLGGYR,0.45472998248319996,anti-toxic
GCVSIDGLG,0.45472390346075625,anti-toxic
GYFGHCCYG,0.45472109664441723,anti-toxic
GFYLDHSFG,0.4547189045314373,anti-toxic
GGHYCNGGD,0.45471347459474054,anti-toxic
GFCCYCFDD,0.4547111692326651,anti-toxic
GLNNSSGIR,0.4547035027466525,anti-toxic
GCYLFNHDV,0.4547010776923804,anti-toxic
GRNGGGNFG,0.4547010776923804,anti-toxic
GVLRSNGFC,0.4546914261676974,anti-toxic
GFHNFFNCV,0.4546893382586286,anti-toxic
GICFYNCVG,0.4546893382586286,anti-toxic
GVCLCLFDS,0.45466763312096475,anti-toxic
GYCCHFGGD,0.45466232581147475,anti-toxic
GFSCYCGYI,0.4546527368105514,anti-toxic
GCYLRIHYG,0.45464430840859293,anti-toxic
GFNGNYGSG,0.45463888680953285,anti-toxic
GNCFGFCCG,0.4546259766197191,anti-toxic
GILGSHGGG,0.45459015906670325,anti-toxic
GDFCDRYVD,0.4545866954664812,anti-toxic
GNSNGLLFV,0.45458204942142616,anti-toxic
GILDDFYGS,0.4545554268209211,anti-toxic
GSNFYRGFC,0.4545554268209211,anti-toxic
GGCHNVNDG,0.45452419272533395,anti-toxic
GIVVYRCSG,0.45451346397419023,anti-toxic
GFGGCSGGN,0.45451346397419023,anti-toxic
GLSCVLNSC,0.45451346397419023,anti-toxic
GRSGGSDSD,0.454485912753599,anti-toxic
GDRYFCGCS,0.454485912753599,anti-toxic
GGCVCDCYG,0.454485912753599,anti-toxic
GVFHFLCYS,0.4544730325184143,anti-toxic
GVCRFYGVG,0.4544669428897572,anti-toxic
GYCLNFDSD,0.45443753615292337,anti-toxic
GCSRCVGSS,0.45442136462448585,anti-toxic
GYFFYDSGS,0.4544121133920322,anti-toxic
GRHGSFVFD,0.45439644026613857,anti-toxic
GVNLVSDGY,0.45439135636868516,anti-toxic
GGYHIDGFR,0.45437812758110274,anti-toxic
GCYSVDRFR,0.4543530202255875,anti-toxic
GYFIDNHDG,0.4543366159693426,anti-toxic
GFRHGIDDV,0.4543327487160187,anti-toxic
GFFSVDHHL,0.45432268310070273,anti-toxic
GLCDCHGYS,0.45430707313188334,anti-toxic
GSCVGNGYY,0.4542959307398498,anti-toxic
GHGYVDFHS,0.4542777724651671,anti-toxic
GLSRVLNGG,0.45425837176015826,anti-toxic
GGRHVDSCR,0.45425837176015826,anti-toxic
GGFRCVGFD,0.45425837176015826,anti-toxic
GLCGVNVHD,0.45425837176015826,anti-toxic
GFVVLFGYD,0.45425837176015826,anti-toxic
GCYDCCHFY,0.4542391449812502,anti-toxic
GSLSRYVDR,0.4542317850150074,anti-toxic
GYYLNDSYN,0.45422664711849153,anti-toxic
GGYSHFDDN,0.45421529553696255,anti-toxic
GCCGVYGYD,0.45420666080196137,anti-toxic
GCVRRYFYD,0.45420666080196137,anti-toxic
GVDSCCGYG,0.4541999713725353,anti-toxic
GFNCGFCVY,0.4541859108470172,anti-toxic
GFLDYIIDV,0.4541661811745858,anti-toxic
GFRNYGVLD,0.4541661811745858,anti-toxic
GIRGRCDDH,0.4541629329108777,anti-toxic
GSCIVFVDH,0.4541516523882234,anti-toxic
GVSYCDFFS,0.4541516523882234,anti-toxic
GHFYGDHGY,0.4541286541720065,anti-toxic
GNLFLNVCD,0.4540967211811167,anti-toxic
GYRSSIGRD,0.45409302072754854,anti-toxic
GCFRDDRYY,0.45409302072754854,anti-toxic
GCLVIDDDG,0.45409302072754854,anti-toxic
GCYLCLGVG,0.45409302072754854,anti-toxic
GDIIIYGCG,0.4540763539528404,anti-toxic
GLSDRVNCS,0.4540763539528404,anti-toxic
GCYGYYGVN,0.45402038044071097,anti-toxic
GSDVVVDDF,0.45401171162863235,anti-toxic
GCNDHFRCG,0.4539974558725247,anti-toxic
GGILRDGVR,0.4539974558725247,anti-toxic
GYCVSSRGG,0.4539974558725247,anti-toxic
GCNVSFRFG,0.4539974558725247,anti-toxic
GCYVLGGYG,0.4539814512113999,anti-toxic
GFRCSGFYD,0.4539814512113999,anti-toxic
GFLYDCGFC,0.45397713847728327,anti-toxic
GFSIFDVGG,0.4539696441161255,anti-toxic
GDNGLLGYS,0.4539668188944933,anti-toxic
GCCIGDGCD,0.45395900742117795,anti-toxic
GFDVFDSCV,0.45395835727406053,anti-toxic
GHCIRFCCG,0.4539475570407466,anti-toxic
GFHCHCCVD,0.453935195893649,anti-toxic
GLCDLGGFC,0.4539189996385649,anti-toxic
GCCISDSRD,0.4539189996385649,anti-toxic
GGHCCFVHS,0.45390988767343715,anti-toxic
GVIFFGCCC,0.4538914140011876,anti-toxic
GFHFIVDVG,0.4538914140011876,anti-toxic
GGHVIFSVG,0.45388002371617964,anti-toxic
GFLICSGFH,0.45387405922958535,anti-toxic
GVYVVSGDN,0.45387405922958535,anti-toxic
GGYVSIVVD,0.45386879508595096,anti-toxic
GFFVYDVHD,0.45386475135686555,anti-toxic
GCCYCFSYD,0.4538549814285474,anti-toxic
GLFDCDSCD,0.4538549814285474,anti-toxic
GVSGRCGYN,0.45385406914963417,anti-toxic
GLSGCIGCS,0.4538277764478606,anti-toxic
GLLHFSHYN,0.4538225275735861,anti-toxic
GGFCNYVSF,0.45379782613703856,anti-toxic
GLRHCDCVN,0.45378041221607135,anti-toxic
GCFFVDGIG,0.45378041221607135,anti-toxic
GCCYGCVDD,0.45377307225508,anti-toxic
GNDCRDVYY,0.45375503639544984,anti-toxic
GFYICRSLC,0.45375503639544984,anti-toxic
GSCGLCGVN,0.45375503639544984,anti-toxic
GHHRGFFDN,0.45375503639544984,anti-toxic
GFCGFFSDS,0.4537374361651825,anti-toxic
GCGRGLCCD,0.45371461999023677,anti-toxic
GGFSLSGDG,0.4537104956557663,anti-toxic
GNCCIVDDC,0.4537019405733383,anti-toxic
GSDINDCVH,0.45369907421743244,anti-toxic
GGGLLFSCD,0.45369907421743244,anti-toxic
GVYCLLDGG,0.4536952409276556,anti-toxic
GRYRGLCYR,0.45368889850117694,anti-toxic
GFYVCGVFD,0.45368820693899264,anti-toxic
GGFYDGGVD,0.45368105096394157,anti-toxic
GYIRRNRCG,0.45366281318181645,anti-toxic
GFDGVLHSG,0.45364015887013953,anti-toxic
GFFFGSGVG,0.45364015887013953,anti-toxic
GRDCFLFFH,0.45364015887013953,anti-toxic
GRGDVNCFY,0.45364015887013953,anti-toxic
GICDGFGFY,0.4536261959887294,anti-toxic
GILCSGGCG,0.45359703345608265,anti-toxic
GRCVNHGSG,0.45359628852494305,anti-toxic
GVFVSDVLD,0.4535921413476291,anti-toxic
GYDRYCDFR,0.4535921413476291,anti-toxic
GCFFVVGNG,0.4535859973084427,anti-toxic
GFYYYFVGS,0.45358229537236516,anti-toxic
GSFGCSVVD,0.45357037026611613,anti-toxic
GFCYFDGDN,0.45356052295134974,anti-toxic
GLLDHFCVR,0.4535445308873898,anti-toxic
GVYHDFRCR,0.4535420686423023,anti-toxic
GSLFHSGVC,0.4535420686423023,anti-toxic
GYHGFDGNS,0.4535292137981597,anti-toxic
GGLVSCGDD,0.45352709710059147,anti-toxic
GVCYCGVGY,0.45351248152631146,anti-toxic
GVVDRLCYG,0.45350206841368096,anti-toxic
GVIHGRVVD,0.4534898059235441,anti-toxic
GCHGHCGCS,0.4534898059235441,anti-toxic
GHDFSDVHG,0.4534803448915548,anti-toxic
GVDFNYIYD,0.45344005082535915,anti-toxic
GYHRSDVDR,0.453429316619159,anti-toxic
GLINHCGFL,0.4534265889214524,anti-toxic
GCIVIDDLG,0.45340698061922075,anti-toxic
GCGDCYCFY,0.45340698061922075,anti-toxic
GNCVIDGYV,0.45340698061922075,anti-toxic
GFIYCYGVG,0.45338340776487657,anti-toxic
GHNLNYGYR,0.45338340776487657,anti-toxic
GFFCFCDDY,0.453369738885124,anti-toxic
GVNDRFCCG,0.45336081591209215,anti-toxic
GYYCVFNGG,0.45335742342376517,anti-toxic
GLLSGNGFI,0.4533528320439772,anti-toxic
GFGCIIGFV,0.45334626985070037,anti-toxic
GHVLRGFVG,0.45334107857328193,anti-toxic
GFFFGVDLL,0.4533391450714448,anti-toxic
GFSCGLGLR,0.4533349164886475,anti-toxic
GCGRRYLSG,0.4533338647027759,anti-toxic
GHFDCFRVN,0.45331834004703764,anti-toxic
GSVLCVGSS,0.45331834004703764,anti-toxic
GFFCRYVDI,0.45331834004703764,anti-toxic
GINFIDGFR,0.45331834004703764,anti-toxic
GVCIYVGLD,0.45331834004703764,anti-toxic
GFDYIGRVS,0.45331834004703764,anti-toxic
GYNRYGDFD,0.453291859483516,anti-toxic
GFSRFLLYS,0.4532860316779426,anti-toxic
GHCLLNSFR,0.45327912786860797,anti-toxic
GYLNCCGGD,0.4532573083544103,anti-toxic
GRHIGDHFG,0.4532566628348453,anti-toxic
GFSIRCDCD,0.4532453214246643,anti-toxic
GGFDDDVGS,0.45324281713894315,anti-toxic
GRHFIYVHR,0.4531899961121323,anti-toxic
GCDVCGNFG,0.4531899961121323,anti-toxic
GCCRSSGYH,0.45318074263256414,anti-toxic
GYCVGCHGG,0.453120978315896,anti-toxic
GICFRDGFC,0.453120978315896,anti-toxic
GVGHHFGGG,0.453120978315896,anti-toxic
GLCFGDGCG,0.45310792212872575,anti-toxic
GHRLRLDYL,0.4530903240380005,anti-toxic
GCCNSSGDG,0.4530903240380005,anti-toxic
GGFVGCGDD,0.4530830138522236,anti-toxic
GVICCSGLG,0.4530830138522236,anti-toxic
GYYVSLSCG,0.4530806069952159,anti-toxic
GGHDRDGVY,0.4530595913337445,anti-toxic
GCCCCINDG,0.4530483963015375,anti-toxic
GNHRCCDYN,0.4530483963015375,anti-toxic
GDSINGRFR,0.45303905914524784,anti-toxic
GYDHDSNHR,0.453032207291344,anti-toxic
GCDDFDRYD,0.453016701758053,anti-toxic
GCHSVSDGG,0.4529978894388701,anti-toxic
GDYGILFSL,0.45298757500294307,anti-toxic
GCYDSGCGD,0.45298757500294307,anti-toxic
GIRCSNDFF,0.45298757500294307,anti-toxic
GNGDHDVGG,0.45298757500294307,anti-toxic
GVRGFFSGG,0.4529607161339588,anti-toxic
GCYFCVHDD,0.45295222195787466,anti-toxic
GHYFCYHLR,0.45294558172483035,anti-toxic
GFGYDCGDG,0.45293587020117915,anti-toxic
GLIFGCGDH,0.4529160096271688,anti-toxic
GCGYRCCYG,0.4529128190888411,anti-toxic
GFVCDISSG,0.45291036023131054,anti-toxic
GFVLCSGDD,0.45289137509516175,anti-toxic
GDDDCLVID,0.45289137509516175,anti-toxic
GYISRCGYV,0.45287286625621004,anti-toxic
GVIGHDYFD,0.4528713758097674,anti-toxic
GCVSCNGFI,0.45285481601254624,anti-toxic
GFSLDVGCN,0.45285267999272566,anti-toxic
GSNFSDRGD,0.4528408786725825,anti-toxic
GFCRCNIFR,0.45282799140476143,anti-toxic
GDFGCDDGY,0.4528187202255814,anti-toxic
GIISNDNFV,0.45280909170364547,anti-toxic
GVHNGSFVD,0.45278867667938266,anti-toxic
GIVGRLYYG,0.45277941755750906,anti-toxic
GFGYFCHHH,0.45277491772606676,anti-toxic
GVFHGHGCG,0.45276832341880563,anti-toxic
GGSDVNDDH,0.4527619088602178,anti-toxic
GNCGFLGCD,0.4527619088602178,anti-toxic
GCYFFDYSG,0.45274788375221237,anti-toxic
GCFSLCDGG,0.4527379087230558,anti-toxic
GHFFYVGCD,0.45271626811802834,anti-toxic
GVDRDRGCS,0.45270298551952587,anti-toxic
GLRVDSIFR,0.45269665538824416,anti-toxic
GCCDRDRCG,0.4526905199421803,anti-toxic
GFFDGNDCG,0.45268192513600036,anti-toxic
GCCVNGSFY,0.4526787982520026,anti-toxic
GVSSYIIDV,0.4526664203115436,anti-toxic
GDLVCLYGR,0.4526593720914961,anti-toxic
GFCRVRGCG,0.4526523418856392,anti-toxic
GFYYCYRFD,0.4526474853364618,anti-toxic
GYCRCYDGG,0.4526474853364618,anti-toxic
GRRCRCGFL,0.4526474853364618,anti-toxic
GHFVFYGFR,0.4526394621611078,anti-toxic
GICCYNLSG,0.45263368221595907,anti-toxic
GFYHLFCVD,0.45262092704372137,anti-toxic
GSNCNSVFD,0.45261490583846803,anti-toxic
GFVVVGGYD,0.452609104842256,anti-toxic
GYCGNDSVV,0.4525783136421366,anti-toxic
GVCYCYVHF,0.4525609595640178,anti-toxic
GFCDCFSYD,0.4525577431515749,anti-toxic
GVFVVCRDG,0.4525569512900349,anti-toxic
GNYCSNHVR,0.45255564218243716,anti-toxic
GLDCIDCFG,0.4525456267432461,anti-toxic
GDFLVCDFY,0.45253785598475255,anti-toxic
GNCNCGLSC,0.45251975971432734,anti-toxic
GHIVHRGNI,0.4525141147977166,anti-toxic
GFHLNISSG,0.45251139859830564,anti-toxic
GCYYVFGGS,0.45250874972632044,anti-toxic
GVCGLNVHS,0.45250364419360767,anti-toxic
GCYHFSFDV,0.45249877981133035,anti-toxic
GGDFVLDLR,0.45247381964109434,anti-toxic
GCCRNFRSG,0.4524668217200026,anti-toxic
GISGFSSFR,0.4524668217200026,anti-toxic
GICCIHGVD,0.45246035857169786,anti-toxic
GLSSSGDCG,0.4524543711521677,anti-toxic
GHSGRICDS,0.452443627803903,anti-toxic
GIHYGIGDG,0.45244116826403535,anti-toxic
GVSVFDGYI,0.45243426306429,anti-toxic
GSCCSDGGG,0.4524321066811714,anti-toxic
GFCYSCGGN,0.4524260275736356,anti-toxic
GVHGCSDDD,0.4524222713345764,anti-toxic
GVFYVDSVG,0.4524222713345764,anti-toxic
GFSGVCGDG,0.4523998459114416,anti-toxic
GFDSHCGID,0.45238889974864777,anti-toxic
GFFVLYDSH,0.45238087714143205,anti-toxic
GYFGSGGFV,0.45236560912255974,anti-toxic
GCIGVGGFR,0.4523640210798412,anti-toxic
GFCFVDGHN,0.4523574952914262,anti-toxic
GGNCVFGVG,0.45233894000990377,anti-toxic
GSCLFIGGN,0.4522976709946303,anti-toxic
GLIFIINDG,0.4522976709946303,anti-toxic
GNYYLSGHN,0.4522976709946303,anti-toxic
GCCVGCVHC,0.4522976709946303,anti-toxic
GICGINHFF,0.4522976709946303,anti-toxic
GCIINVFDG,0.4522976709946303,anti-toxic
GGGHGDSFY,0.4522976709946303,anti-toxic
GFYFVIVYD,0.4522976709946303,anti-toxic
GYCVSVGGD,0.4522976709946303,anti-toxic
GYFCYGGFN,0.4522976709946303,anti-toxic
GFYCVNFDS,0.4522976709946303,anti-toxic
GVNFYIDCY,0.4522976709946303,anti-toxic
GCYCRCGVD,0.4522976709946303,anti-toxic
GLRISSCFG,0.4522976709946303,anti-toxic
GVSFGCGYI,0.45222880641319635,anti-toxic
GNFLNVHDG,0.45222880641319635,anti-toxic
GLVNCFCVG,0.4522252946121774,anti-toxic
GRVGGLFGR,0.45222404304126196,anti-toxic
GVFNDDRGH,0.4521754206118658,anti-toxic
GFYFRCDVG,0.4521549283534428,anti-toxic
GSDSDVFID,0.45215124669051115,anti-toxic
GFNVLVGVF,0.45214243830830686,anti-toxic
GFNDGDSVG,0.45213282207182987,anti-toxic
GLYVIDVLY,0.45212618254939985,anti-toxic
GNSCVLYDS,0.4521111584378005,anti-toxic
GFDLCFVHC,0.4520971008705725,anti-toxic
GCNDIHGCG,0.4520932490177314,anti-toxic
GVYCCNHFN,0.4520856131379253,anti-toxic
GCDGLHSVD,0.4520703273879608,anti-toxic
GFHFIVDFR,0.45206849184318887,anti-toxic
GDCGHCGYV,0.4520674592310085,anti-toxic
GYCFDDFVH,0.4520588508170954,anti-toxic
GSCFRDIFY,0.4520519598243401,anti-toxic
GFCGRINGY,0.4520286747135602,anti-toxic
GFFGRGRYS,0.4520286747135602,anti-toxic
GNDGLRLYG,0.4520286747135602,anti-toxic
GHDCDRDGG,0.4520252323169154,anti-toxic
GINIRRDGD,0.45202288801684387,anti-toxic
GLYFCDDHG,0.4520168468775689,anti-toxic
GIFGIGGGD,0.4520105341366313,anti-toxic
GYNYFVSFF,0.4520105341366313,anti-toxic
GSRLRGHYD,0.4519976590945509,anti-toxic
GGCGYDNSD,0.45198976989566236,anti-toxic
GLCCNLIYD,0.45198976989566236,anti-toxic
GCLVNRGGG,0.45198976989566236,anti-toxic
GDYGRYNYD,0.4519852513840756,anti-toxic
GGYLCDRFR,0.45198410095797303,anti-toxic
GFHCIFSVR,0.4519741741588882,anti-toxic
GHRHRFDFD,0.45197002519870266,anti-toxic
GSVFRFRFD,0.45196576843212294,anti-toxic
GNCLYLVDR,0.4519546263623366,anti-toxic
GLDVCYRFR,0.45194147291691966,anti-toxic
GGVCLRGIS,0.45193770870141353,anti-toxic
GVHSRLVDD,0.45192182113828316,anti-toxic
GFLYRNGIR,0.4519044663666809,anti-toxic
GFYSGLDCG,0.4518959041440777,anti-toxic
GVYGYFSVG,0.451885431303589,anti-toxic
GHFVHIGLG,0.451885431303589,anti-toxic
GCGDFRGCD,0.45188140097148,anti-toxic
GGLICNDYD,0.4518752055119943,anti-toxic
GHHFRNLGD,0.4518644595054391,anti-toxic
GICFYCSYD,0.4518644595054391,anti-toxic
GFCNSYGCD,0.4518644595054391,anti-toxic
GLCYYLVGG,0.4518644595054391,anti-toxic
GGCRRIVDR,0.45184608055994746,anti-toxic
GFCVGDVFG,0.4518153894548922,anti-toxic
GRRIGCCDN,0.4518153894548922,anti-toxic
GCFYCYFDG,0.45179250113203767,anti-toxic
GCIHGLGVF,0.45179078283815977,anti-toxic
GNFGDLVCG,0.45178643552429026,anti-toxic
GFCVVYIDS,0.45178643552429026,anti-toxic
GCDGGVHDH,0.45177864555860536,anti-toxic
GCCDIYGFH,0.45177599587856665,anti-toxic
GICVVGGCG,0.45175378303136837,anti-toxic
GFFGVLDDH,0.4517419518120826,anti-toxic
GDSSRLRGG,0.45173952353070534,anti-toxic
GCDCYFSVY,0.45173584105611625,anti-toxic
GNFRSCVDS,0.4517331808263406,anti-toxic
GRIGHGGVN,0.4517295944167026,anti-toxic
GYYFSDYFC,0.45172449619597366,anti-toxic
GVILIFDVN,0.4517166749455677,anti-toxic
GLGYCIDHG,0.45167413250718297,anti-toxic
GFCGCYDHG,0.45167413250718297,anti-toxic
GFDRYLGVG,0.45167413250718297,anti-toxic
GGLDVCGGG,0.4516485385639499,anti-toxic
GCCYHCGGD,0.45163533369696346,anti-toxic
GVDVLIDSC,0.4516307225934177,anti-toxic
GIFDIDVND,0.45162486763481396,anti-toxic
GSIRNYGGR,0.45162486763481396,anti-toxic
GFRHCFLSG,0.4516066692865575,anti-toxic
GGFFRGNFG,0.4515892494983427,anti-toxic
GCSHISHYY,0.4515671502472743,anti-toxic
GIDSGLVVF,0.4515671502472743,anti-toxic
GVSIISVFD,0.4515529532095684,anti-toxic
GDYCGDVVI,0.45155210088550474,anti-toxic
GVNFGSVCG,0.4515511396859223,anti-toxic
GYLIVDGFF,0.45151332098569036,anti-toxic
GYCGDGSFD,0.45149860088529736,anti-toxic
GCLVLVDSC,0.45149860088529736,anti-toxic
GYNDFGHVR,0.4514833177053861,anti-toxic
GIFVYFIDD,0.4514651193571296,anti-toxic
GVFDFVGFI,0.4514592643985259,anti-toxic
GFRLCCVYD,0.45141585448476057,anti-toxic
GCFYCYVFG,0.45141585448476057,anti-toxic
GVCCFCGCG,0.45141585448476057,anti-toxic
GVYVDVYCD,0.45141585448476057,anti-toxic
GVVRHVGYV,0.45141585448476057,anti-toxic
GIDLVVNSG,0.45141585448476057,anti-toxic
GLSVGGRVD,0.45141585448476057,anti-toxic
GRCHCLGGD,0.4514104500897369,anti-toxic
GGIGSDGGD,0.4514074742232593,anti-toxic
GFNIDCSYY,0.45139338032121756,anti-toxic
GVCGLCSSD,0.45137775012133163,anti-toxic
GSFLYGGIR,0.4513706813536711,anti-toxic
GYDCCHGYG,0.45135046346123825,anti-toxic
GHIDSCGSS,0.45133861028414984,anti-toxic
GFRCFFSGD,0.4513362039605752,anti-toxic
GFFNVGHVR,0.4513264566907226,anti-toxic
GLNNRDVFC,0.4513178938491181,anti-toxic
GCNRYDCVD,0.45131399111337694,anti-toxic
GCGRDSVFR,0.45131399111337694,anti-toxic
GCVLGCSYG,0.4512995792438605,anti-toxic
GCYCCFVFD,0.4512974858599059,anti-toxic
GCFVIGSYD,0.4512907276223623,anti-toxic
GRDVGGGGD,0.4512886526020829,anti-toxic
GRLRGHDDG,0.45128473879922426,anti-toxic
GLNDSGGLS,0.45128199299349486,anti-toxic
GRCRGGGSG,0.45128041726759444,anti-toxic
GSGGVNSFF,0.45124254208999115,anti-toxic
GDSSVSRYG,0.4512255274865045,anti-toxic
GVLCSSGVR,0.45121383094644235,anti-toxic
GYLHNFHHD,0.4512092130767512,anti-toxic
GFLCYFHVD,0.4512033851069461,anti-toxic
GFIIGSDFY,0.45118552062526274,anti-toxic
GCICHCGCG,0.45118552062526274,anti-toxic
GYFYIDVRL,0.45118552062526274,anti-toxic
GCCFHGCYD,0.45118552062526274,anti-toxic
GNGGVNHDG,0.45118552062526274,anti-toxic
GHFVRGCVS,0.45118552062526274,anti-toxic
GFSCIYHIC,0.45116271643077066,anti-toxic
GVFVRFFDG,0.45115846936349535,anti-toxic
GLHNLDDDR,0.45113819897096324,anti-toxic
GGDLRSGDD,0.4511242185598206,anti-toxic
GLSLVVDDG,0.45111698748926704,anti-toxic
GYRSDNRFC,0.4511022546552232,anti-toxic
GNHSGDVVG,0.45109851381701754,anti-toxic
GLHCNFRGG,0.45109096146055994,anti-toxic
GHSLDSGGD,0.4510840825396295,anti-toxic
GFCDSGGFC,0.4510794528553123,anti-toxic
GFYLRNGYV,0.45105576428073507,anti-toxic
GCYGYYRDR,0.4510097894529859,anti-toxic
GCRCVIDGG,0.4510034973687992,anti-toxic
GCDIRVGHR,0.4509936202711199,anti-toxic
GGYDCYVDN,0.4509788285541431,anti-toxic
GNLNISGIN,0.45096108547128394,anti-toxic
GFVNSFRVG,0.4509510203593583,anti-toxic
GSYGCFGVS,0.4509510203593583,anti-toxic
GGCGSVGFV,0.45094507873004913,anti-toxic
GLRFGYGGG,0.45094001009222534,anti-toxic
GLYGRSSSG,0.4509220142159578,anti-toxic
GLFVRLHDI,0.45091456638007776,anti-toxic
GCCHYVVDR,0.4508966009016211,anti-toxic
GLIYGLCDS,0.45088323915935447,anti-toxic
GISHYVGSD,0.45087608385983613,anti-toxic
GCIRLDGFC,0.4508646923797661,anti-toxic
GDNYDFVIY,0.45086277602665537,anti-toxic
GIFVCHSVF,0.4508372159179429,anti-toxic
GFLYGYCDG,0.45077953642834795,anti-toxic
GFFGNYVCD,0.45076980844467146,anti-toxic
GCCHCFCFS,0.45076653801945127,anti-toxic
GDLYFCFDG,0.4507559779240876,anti-toxic
GICCRGCVF,0.4507478891667387,anti-toxic
GLRVRLLDG,0.45074661762489215,anti-toxic
GYGSHDDGR,0.4507071117668104,anti-toxic
GIYFVDCFR,0.4506889002373525,anti-toxic
GDVDVSVVD,0.4506889002373525,anti-toxic
GCLYHCVFD,0.4506889002373525,anti-toxic
GLFVLCGLG,0.45068543904786207,anti-toxic
GIGFVYVFG,0.4506777717577192,anti-toxic
GDCFDHDCG,0.4506777717577192,anti-toxic
GYVIRFCVG,0.4506777717577192,anti-toxic
GLLGGFYSG,0.4506712583012254,anti-toxic
GYYYDGGFY,0.4506518617756949,anti-toxic
GDGLHIDYY,0.4506463591880406,anti-toxic
GLRGICSCS,0.4506463591880406,anti-toxic
GYCGYCGVR,0.4506463591880406,anti-toxic
GCIRRFCYD,0.45063327454759095,anti-toxic
GNLDFLSDD,0.450623165271941,anti-toxic
GYRLDNGVH,0.45060856542046457,anti-toxic
GDNHVYGHY,0.4505985296918789,anti-toxic
GFFFVDHIF,0.45059120718061324,anti-toxic
GDRVYLSYG,0.45057973172165694,anti-toxic
GLDFVLGVG,0.4505776906003565,anti-toxic
GCNVHCGGD,0.45055539793901117,anti-toxic
GFFYYCHHG,0.45054436024869754,anti-toxic
GVFYDDVYF,0.45054436024869754,anti-toxic
GYCHDVGDH,0.45053899577373335,anti-toxic
GHVDCLVHR,0.45050750159302744,anti-toxic
GLFGDGYFR,0.45046905994822223,anti-toxic
GCGYGCGCD,0.45046905994822223,anti-toxic
GYFLFVNDC,0.45046905994822223,anti-toxic
GFYRYDYFN,0.4504570828800094,anti-toxic
GVINLLVFG,0.45043124950932845,anti-toxic
GGFRYDSGY,0.45042893109793697,anti-toxic
GCCVYGDFD,0.4504243633514758,anti-toxic
GFSFYVCHS,0.4504243633514758,anti-toxic
GFGYHVRCG,0.450411188739941,anti-toxic
GFLNIVDDR,0.4504011855272193,anti-toxic
GCYINDGSG,0.4504011855272193,anti-toxic
GCSSRCRDS,0.45038700147241767,anti-toxic
GCICLYDHG,0.45038700147241767,anti-toxic
GIYRFYDCG,0.4503808574332313,anti-toxic
GGFFCFGCS,0.4503795165401601,anti-toxic
GYHLRLCGY,0.45034578239710826,anti-toxic
GVVGYCCDS,0.4503280781317259,anti-toxic
GCGHCLGLR,0.4503280781317259,anti-toxic
GCYHHLLFN,0.4503280781317259,anti-toxic
GVVVFFGNR,0.4503114330755981,anti-toxic
GFFRYDFHS,0.4503044359813129,anti-toxic
GCYSGSGHV,0.45029723225778956,anti-toxic
GLGIYGGYV,0.4502867344711774,anti-toxic
GFFHDYCFR,0.45028371483612534,anti-toxic
GFVVRVGLS,0.45027126676636214,anti-toxic
GLFIFIDCG,0.4502654048533281,anti-toxic
GFSCCFCFD,0.4502654048533281,anti-toxic
GYNLRHYYD,0.45022997682525423,anti-toxic
GSGCFVGVR,0.45021725970852244,anti-toxic
GCVLFVGDY,0.4501986118967819,anti-toxic
GFNVGDVCN,0.4501986118967819,anti-toxic
GLIYGFVCD,0.4501922570652598,anti-toxic
GFCDGVHFR,0.45019062141847094,anti-toxic
GFFNFFHFF,0.45018559640320477,anti-toxic
GDYRFGNYG,0.4501635414819445,anti-toxic
GLYLSDDDY,0.4501635414819445,anti-toxic
GYLDLFGCG,0.45015411679076445,anti-toxic
GIHDCCDGG,0.45015234038627283,anti-toxic
GIFGCVGFR,0.45013776503406894,anti-toxic
GYHRLSGYF,0.45013776503406894,anti-toxic
GIVVDDGVC,0.4501124269662728,anti-toxic
GDGCCFGLR,0.45010978484645475,anti-toxic
GGIGYYVDV,0.45010241198900053,anti-toxic
GCCVIFGLD,0.45010241198900053,anti-toxic
GYDDLINYG,0.45009577297405895,anti-toxic
GDFSRRGCG,0.4500860639254612,anti-toxic
GHCVRYVGG,0.4500630219856264,anti-toxic
GGVDGCDFG,0.4500630219856264,anti-toxic
GGVCRRGGG,0.45006076426255115,anti-toxic
GLRGSSRFD,0.45005831324206363,anti-toxic
GIIRCDVGD,0.4500459771267415,anti-toxic
GCFFRDGIG,0.44996900867604767,anti-toxic
GYFSCSDYD,0.44996900867604767,anti-toxic
GCIFLGFLR,0.44996900867604767,anti-toxic
GNFHHLRFN,0.44996900867604767,anti-toxic
GYLDHGRFG,0.44996900867604767,anti-toxic
GRVDGDGCS,0.44996900867604767,anti-toxic
GLDLFVDDC,0.44996900867604767,anti-toxic
GRFFCHSVG,0.44992086339780946,anti-toxic
GLHCDCVFD,0.44991583844068456,anti-toxic
GFYGDVGCS,0.4499103261800082,anti-toxic
GFDDFVDFR,0.4498987212189466,anti-toxic
GLFFRCDGN,0.44989603640301984,anti-toxic
GDSVGVDLY,0.4498828761635708,anti-toxic
GFCFNSGHV,0.4498544745058344,anti-toxic
GVFYCYNSC,0.4498471698530005,anti-toxic
GHCYIGGFY,0.44984104919312334,anti-toxic
GCHHRNFDG,0.44983428105532913,anti-toxic
GFNFCGVCD,0.4498267569610833,anti-toxic
GRSGVNGDS,0.4498240586334594,anti-toxic
GFCYGDRFS,0.44979812750842757,anti-toxic
GYHLSSCVG,0.4497901271679636,anti-toxic
GGILLIIDH,0.4497716469449059,anti-toxic
GFYVGCGLG,0.4497716469449059,anti-toxic
GILVRRGFR,0.4497550705032961,anti-toxic
GGCFFDCVN,0.4497354542300299,anti-toxic
GYFVGFDYG,0.4497354542300299,anti-toxic
GRLIRFHVH,0.4497354542300299,anti-toxic
GCDGRDSVG,0.4497065792270671,anti-toxic
GGCRGDGFC,0.44970292402650897,anti-toxic
GFDSGFGGD,0.44969820930209636,anti-toxic
GFGSSDFGN,0.44969529940757946,anti-toxic
GCSCSCDGG,0.44968872826496215,anti-toxic
GCVGCFVCL,0.44968300637272285,anti-toxic
GFYDRDYCG,0.44968300637272285,anti-toxic
GFNGGLNFR,0.4496633980704912,anti-toxic
GRGFLSGLC,0.4496575748284219,anti-toxic
GFRCCSGFH,0.4496575748284219,anti-toxic
GVVIHSCYG,0.44963265047007456,anti-toxic
GLVVVCGVR,0.44962508113330346,anti-toxic
GVFHVNYVD,0.4496136058673012,anti-toxic
GYFGCDRYS,0.4496116790094908,anti-toxic
GFNDVVYFD,0.4496001810683995,anti-toxic
GHRYRDFVG,0.4496001810683995,anti-toxic
GDDCSYDGD,0.4495917776187054,anti-toxic
GSSICYGSS,0.449587171812871,anti-toxic
GCVHFGSYG,0.4495814763940247,anti-toxic
GGGCGCHFY,0.44957750546563213,anti-toxic
GRRGIDSYS,0.449566910720821,anti-toxic
GVILRCGGD,0.44953204193783813,anti-toxic
GISCLVDGG,0.4494978456443145,anti-toxic
GYHGSDCCG,0.44949446958577954,anti-toxic
GCICFGCVD,0.4494889660916321,anti-toxic
GFCFSGGYV,0.44947358797529374,anti-toxic
GLCFCDIFR,0.4494683809757661,anti-toxic
GFLLIDRGH,0.4494645178504294,anti-toxic
GGFGSHGYV,0.44944982812180406,anti-toxic
GCLGVFVYN,0.44944982812180406,anti-toxic
GDVGDHIFD,0.4494219520999771,anti-toxic
GDFDLDGGD,0.4494219520999771,anti-toxic
GFFVFFVFY,0.4494219520999771,anti-toxic
GFVYCIGYV,0.44941772355835174,anti-toxic
GFCYVINDH,0.44940013483473074,anti-toxic
GCFHGDGYV,0.4493740336955478,anti-toxic
GCHIVNIHR,0.4493709521868554,anti-toxic
GVYYYYDCD,0.44936818614733615,anti-toxic
GIINSFDGD,0.44936818614733615,anti-toxic
GFFGFCHVR,0.44936818614733615,anti-toxic
GCDYVCGYR,0.4493561393107615,anti-toxic
GGIFFDGCY,0.449353290347849,anti-toxic
GYHCSDGFR,0.4493349505964938,anti-toxic
GDRVSLHGG,0.44932950827565327,anti-toxic
GGVLGCCYD,0.4493216498173752,anti-toxic
GYCCYVGFI,0.4493169147368636,anti-toxic
GRFYLYCVD,0.4492978227715059,anti-toxic
GCYGGCGVR,0.44928785133044813,anti-toxic
GFGDFDFFY,0.4492817249720748,anti-toxic
GCYCDVFYD,0.4492759712412183,anti-toxic
GVNCYFDCS,0.44925607639791093,anti-toxic
GNRVGLSCG,0.44924569440152246,anti-toxic
GLFDRGGCG,0.44922119190599263,anti-toxic
GGHSGGVVF,0.44921821321605737,anti-toxic
GGCHSLVVD,0.44920879252605705,anti-toxic
GRRDGNIGH,0.449198572990756,anti-toxic
GIDDYHSHS,0.4491941085919679,anti-toxic
GGDGRLGCG,0.4491941085919679,anti-toxic
GYGIYFCSG,0.4491900049121978,anti-toxic
GYLLNFNGN,0.4491619571417717,anti-toxic
GFIGIDGSD,0.449133597213904,anti-toxic
GCLSIFDNY,0.4491054505905538,anti-toxic
GCFSYLRGR,0.4490925311194189,anti-toxic
GGVLSGGGG,0.4490925311194189,anti-toxic
GVHVFDHYY,0.4490925311194189,anti-toxic
GVVIGLFGN,0.4490925311194189,anti-toxic
GGYDLGDFG,0.4490925311194189,anti-toxic
GFFVLSSCG,0.4490925311194189,anti-toxic
GYVLGGYFR,0.4490925311194189,anti-toxic
GYYVLDRGD,0.4490810005141559,anti-toxic
GIYYDIGVV,0.4490696065512327,anti-toxic
GGHNVCDGH,0.4490654966968073,anti-toxic
GFFHHCCDN,0.449062834754957,anti-toxic
GYYYGRDCD,0.449062834754957,anti-toxic
GRFHFGGDS,0.44905313754309334,anti-toxic
GCNNSGVFD,0.44904937999593925,anti-toxic
GYRYSHRGS,0.44904721895057365,anti-toxic
GLYFCDDFS,0.44904721895057365,anti-toxic
GCCNDFGID,0.4490277545540212,anti-toxic
GRVYGGGVS,0.4490199612333944,anti-toxic
GVYNGYVDG,0.44900281884467325,anti-toxic
GRLVRCVYY,0.44898874464935795,anti-toxic
GFFNVDFYN,0.4489840795064435,anti-toxic
GCCFGDVGD,0.4489671755169024,anti-toxic
GIYFINDFN,0.44895509113714444,anti-toxic
GRRVDGHHY,0.44895263919297074,anti-toxic
GYNLCFSFG,0.44895263919297074,anti-toxic
GFLFFVGVH,0.44895263919297074,anti-toxic
GLRYDGFLR,0.44892705408106587,anti-toxic
GVCFVISSG,0.448910398811485,anti-toxic
GGHDHVGCS,0.44889444925422756,anti-toxic
GIDGHCHLH,0.4488900156194083,anti-toxic
GGVVLCDGY,0.4488900156194083,anti-toxic
GGGDCYGGR,0.448878011736493,anti-toxic
GRNGNFVNS,0.4488701011622375,anti-toxic
GRCVFVGYR,0.4488596029926751,anti-toxic
GCYNCFDID,0.4488570773419503,anti-toxic
GCGVIGRGF,0.4488316152317854,anti-toxic
GFGHVFILS,0.4488218583266727,anti-toxic
GGIFCSSFS,0.4488144300832204,anti-toxic
GDDLCCSVG,0.44881134335828277,anti-toxic
GVYRCCNFN,0.44881053187880987,anti-toxic
GGYVDFRYG,0.4487967176585914,anti-toxic
GFCFCCGSS,0.44878765607572746,anti-toxic
GVNRDSGYV,0.4487821515701391,anti-toxic
GNCLGYGVD,0.44874907955394844,anti-toxic
GHCSRDCVS,0.4487459471218511,anti-toxic
GRICYFCDG,0.4487425675429078,anti-toxic
GFNFNFFDS,0.4487258831601972,anti-toxic
GRRSLVGGS,0.44872386428919925,anti-toxic
GGCCNFSYD,0.4487183006077636,anti-toxic
GVRLYYVDG,0.4487030385084708,anti-toxic
GVRFHLRGS,0.448693546725805,anti-toxic
GRFVCIDYR,0.448693546725805,anti-toxic
GFYHVVFDG,0.448693546725805,anti-toxic
GYSVDIGYY,0.4486524508390203,anti-toxic
GNNHGLFYR,0.44863271690822487,anti-toxic
GCSGRCGYC,0.44863271690822487,anti-toxic
GNHYSLDRR,0.44863271690822487,anti-toxic
GRCLGSVYV,0.44863271690822487,anti-toxic
GYFGFSHGN,0.44863271690822487,anti-toxic
GCVRVVGGD,0.44863271690822487,anti-toxic
GYDCCFNGG,0.44860407423834453,anti-toxic
GVGFCHDFG,0.44859477234641637,anti-toxic
GFHVRHCVY,0.44859016613349795,anti-toxic
GVNFRDYYY,0.4485842870802513,anti-toxic
GFRFCRGVG,0.4485657942666096,anti-toxic
GIDYSCVFS,0.4485657942666096,anti-toxic
GCHDIVGID,0.4485602608307277,anti-toxic
GGLCGIFDG,0.44854481639041166,anti-toxic
GCYYVRSSY,0.4485389370586048,anti-toxic
GVFYVCGCD,0.44853385027910647,anti-toxic
GLVNCGGFN,0.4485173266049441,anti-toxic
GRDFRLSYG,0.4485091939170048,anti-toxic
GRYYYVVDF,0.44849638211448145,anti-toxic
GRCHYDCGY,0.44849638211448145,anti-toxic
GICCNFSYG,0.4484760732701324,anti-toxic
GDYVSFCCG,0.4484760732701324,anti-toxic
GLGDFVRDN,0.44847090823202257,anti-toxic
GFGVNNFCF,0.44847049677719253,anti-toxic
GFYVCCGID,0.44846450858290143,anti-toxic
GCSISFVHS,0.44846450858290143,anti-toxic
GYDFDFFGY,0.44846346730284703,anti-toxic
GFDRRLRGY,0.4484580613471095,anti-toxic
GGSCRIDCD,0.44844865482371377,anti-toxic
GFCYCCHFN,0.4484310009352984,anti-toxic
GRFGNCGFL,0.4484186838439633,anti-toxic
GFCVSSGHV,0.4484186838439633,anti-toxic
GSFLGFYVD,0.4484096013205263,anti-toxic
GNNGFDSGD,0.4484096013205263,anti-toxic
GLSGNGHLG,0.44839971380059007,anti-toxic
GIYGNLFDN,0.4483971034577676,anti-toxic
GYCLDIDDV,0.4483971034577676,anti-toxic
GLCSYFGSD,0.4483955089880671,anti-toxic
GLFDYGDVG,0.44837881775927846,anti-toxic
GCYYCLDLY,0.44837881775927846,anti-toxic
GLYGCLYDN,0.4483760941756045,anti-toxic
GDYVGIGFL,0.44837549058433407,anti-toxic
GFSDGLVFY,0.44837549058433407,anti-toxic
GGHLVDVCN,0.44835837828786645,anti-toxic
GFHDVDHGH,0.4483495121496379,anti-toxic
GDYFIYRYG,0.44832590341478373,anti-toxic
GVYFRLFVD,0.4483182403826425,anti-toxic
GFSVLNCYG,0.4482970156874304,anti-toxic
GNLRLLYVD,0.44827782864994503,anti-toxic
GRCYRVLYG,0.44826451469718864,anti-toxic
GIFNCGSVY,0.4482451269834334,anti-toxic
GGCRGGGGG,0.4482451269834334,anti-toxic
GVYNCNSVY,0.44822640699024513,anti-toxic
GVYVRYGLG,0.44822640699024513,anti-toxic
GLGCIYSGG,0.44821428110949707,anti-toxic
GCFCCFGVD,0.44821428110949707,anti-toxic
GCNVGYSYG,0.4481926497434117,anti-toxic
GGLGGVGHG,0.44819083677998706,anti-toxic
GCRGRCVVD,0.44818513741473476,anti-toxic
GCNYICDYD,0.4481575587843459,anti-toxic
GVFVINSFS,0.44815115887745127,anti-toxic
GGNGSGGFR,0.4481339744088803,anti-toxic
GRYNLDGDN,0.44813142244504245,anti-toxic
GFDGHRGYR,0.4481188602339168,anti-toxic
GIDYFVDNG,0.4481188602339168,anti-toxic
GVHDSFHDI,0.44811357514222766,anti-toxic
GHICGYGHG,0.4480830465628534,anti-toxic
GVCIHFGGS,0.4480830465628534,anti-toxic
GFDYFFFDD,0.44807329929300077,anti-toxic
GLYDGCDGG,0.4480572636878138,anti-toxic
GRYILCDCG,0.4480554979221399,anti-toxic
GFGVVYVVG,0.4480498067724041,anti-toxic
GFYSFDCVF,0.4480392514252271,anti-toxic
GRGVHGSFS,0.4480021413881345,anti-toxic
GVFGFVRDV,0.4479900133627612,anti-toxic
GYCHVLNFY,0.44798604776444945,anti-toxic
GLIHFDSVY,0.4479808187343318,anti-toxic
GRILCYDDF,0.44797752541862745,anti-toxic
GSCRYVGYV,0.4479736080737433,anti-toxic
GVCNSFRFG,0.4479459864695934,anti-toxic
GHLVDDNFC,0.4479420814879864,anti-toxic
GGDHVSGIH,0.4479377343916904,anti-toxic
GCSSHVNDG,0.44793502197529883,anti-toxic
GFDFFCGCS,0.4479338855428422,anti-toxic
GHYSYFVSD,0.4479211359873962,anti-toxic
GGYCYDVVI,0.4479139836338762,anti-toxic
GLLNYSGNR,0.4479139836338762,anti-toxic
GVYGSSDGD,0.4478989376610741,anti-toxic
GFILCGGFN,0.4478844789304508,anti-toxic
GFYGGFCVD,0.4478705737201109,anti-toxic
GIVGGNGFC,0.4478705737201109,anti-toxic
GCGICSVCD,0.44786248321103544,anti-toxic
GCLYNDVII,0.44786248321103544,anti-toxic
GGSNGGCLG,0.4478318786176749,anti-toxic
GFVHCFYFR,0.4478318786176749,anti-toxic
GRIVDSLYG,0.4478318786176749,anti-toxic
GNFCYICDG,0.4478318786176749,anti-toxic
GRFYSLGDV,0.44781406542754487,anti-toxic
GLHVRSCCG,0.44781406542754487,anti-toxic
GLDGIIGFC,0.4477971697679538,anti-toxic
GCLYFNGGN,0.4477971697679538,anti-toxic
GLNFGIVHR,0.44778638131713533,anti-toxic
GLFNSHSCG,0.447778009294621,anti-toxic
GVGCYCGVR,0.4477759510318117,anti-toxic
GINYVCDFR,0.44776586136712543,anti-toxic
GSGGFLYYG,0.4477285956658924,anti-toxic
GVVSGDSGN,0.4477116254030333,anti-toxic
GLDFHYHCN,0.44769370144639725,anti-toxic
GGVRGLGGN,0.44768054331449597,anti-toxic
GICGYVDDF,0.4476722936662565,anti-toxic
GGFVCFDSR,0.44766627538138676,anti-toxic
GIFCLVGNV,0.44766627538138676,anti-toxic
GFCVHGFLR,0.4476462770169183,anti-toxic
GCFSDFVLD,0.44763177847569197,anti-toxic
GLCNRGSIY,0.4476073790097276,anti-toxic
GLSFGNCYG,0.44759472769063136,anti-toxic
GFILFGCVD,0.44758276925568546,anti-toxic
GCYGVDGSD,0.44757515429591455,anti-toxic
GYFDGCGGG,0.4475660111579464,anti-toxic
GYCGDLSGG,0.4475660111579464,anti-toxic
GSDLCFVSD,0.44755555492320354,anti-toxic
GGDVSNLFY,0.44754887686003697,anti-toxic
GFVLCSHDN,0.4475442425565582,anti-toxic
GFDSNIGCG,0.447540838314473,anti-toxic
GVCYCDGFH,0.447540838314473,anti-toxic
GCYLGLYGR,0.4475331237638976,anti-toxic
GVHFRFRGY,0.4475185913313007,anti-toxic
GICFFSSCG,0.44749878811286153,anti-toxic
GCLLGSGIR,0.44749878811286153,anti-toxic
GFLFVYGFV,0.4474896804472277,anti-toxic
GFFCGNCCG,0.44746506174164763,anti-toxic
GCFNVNSVG,0.44746506174164763,anti-toxic
GRYDYDGVH,0.4474623238035316,anti-toxic
GFDVDVSYY,0.447455255819592,anti-toxic
GCYVDLYSN,0.44742537175195596,anti-toxic
GSFYCDVVR,0.44742537175195596,anti-toxic
GFGHLHGVF,0.44739476859632504,anti-toxic
GCHHVHGCG,0.44738606730540176,anti-toxic
GVNGGCGFH,0.44738502441253947,anti-toxic
GCNHGDSYD,0.44737798297108033,anti-toxic
GCHDSFGLR,0.44737798297108033,anti-toxic
GFYSCSDYG,0.4473634200818729,anti-toxic
GFRGLDSLG,0.44735268039989007,anti-toxic
GLFGVHSSG,0.447301623501538,anti-toxic
GIHSSFCVG,0.447301623501538,anti-toxic
GCDGRFNSD,0.44729837533500727,anti-toxic
GFRLFRHDL,0.4472880790994129,anti-toxic
GGFHFVGCS,0.4472816035387858,anti-toxic
GFSILHRDR,0.4472694031807327,anti-toxic
GGIFCSSCG,0.44726107903089896,anti-toxic
GLICSFLDG,0.4472416379421315,anti-toxic
GDFVGVGHR,0.44722495398383455,anti-toxic
GSRFDNGDD,0.4471580313422192,anti-toxic
GRFFFGCHY,0.4471580313422192,anti-toxic
GNLHVRVYV,0.4471580313422192,anti-toxic
GILNVSNFG,0.4471580313422192,anti-toxic
GCVIGNVLG,0.4471580313422192,anti-toxic
GGIGGFDVG,0.4471580313422192,anti-toxic
GFCLGRGYG,0.4471580313422192,anti-toxic
GLHFDYCVS,0.4471580313422192,anti-toxic
GFYFNYSGH,0.4471580313422192,anti-toxic
GDCGFDGDG,0.4471580313422192,anti-toxic
GFYSRGGFV,0.4471580313422192,anti-toxic
GCDSNVYFD,0.4471580313422192,anti-toxic
GVGLDDFFG,0.4471580313422192,anti-toxic
GIHVVGHLR,0.4471580313422192,anti-toxic
GCGGGCSGG,0.4471015230496532,anti-toxic
GYDCIFVSG,0.44709882685955604,anti-toxic
GCVGFIDNG,0.4470802774288608,anti-toxic
GGFGNSDFG,0.44707563033980846,anti-toxic
GIGFRDNVY,0.4470728003573704,anti-toxic
GFGGFVNYG,0.4470671842585487,anti-toxic
GNGDCYGLS,0.4470405115249947,anti-toxic
GNDFIGLFD,0.4470382424897419,anti-toxic
GCFSCFRDD,0.44701952249655363,anti-toxic
GYRDGVGLL,0.44701304904012057,anti-toxic
GLDYDSGHC,0.44701304904012057,anti-toxic
GDCIVDCFH,0.446974436124138,anti-toxic
GSRDCLGCG,0.44696883748956334,anti-toxic
GISSGLFVD,0.44695654932426854,anti-toxic
GRGVNDYFY,0.4469511751907004,anti-toxic
GHICHGDSG,0.44694721342581206,anti-toxic
GCVDILGVS,0.44692742569432603,anti-toxic
GCDHLLSFG,0.446917491606409,anti-toxic
GSSYFGYVC,0.4468972721137891,anti-toxic
GSGGFLRGN,0.44689450312909484,anti-toxic
GFILGSCCD,0.44688382667232723,anti-toxic
GCLINGVYD,0.446882813030155,anti-toxic
GFRFFVGDI,0.4468738629869237,anti-toxic
GCIVGCGHG,0.4468733414061622,anti-toxic
GFGYCDNVN,0.4468733414061622,anti-toxic
GCDVRLDYY,0.4468733414061622,anti-toxic
GDYHVYIDY,0.4468596496871269,anti-toxic
GNLRRRCRC,0.4468596496871269,anti-toxic
GNCNFFDFG,0.4468484842999603,anti-toxic
GLDILNGYC,0.4468445744668986,anti-toxic
GDGCRFCLG,0.4468364508151948,anti-toxic
GCSCFVGDG,0.4468364508151948,anti-toxic
GHYLRDGLY,0.44682789489005925,anti-toxic
GISVFGSVD,0.44681417187698463,anti-toxic
GCVRSSGCR,0.44678857620985457,anti-toxic
GYFVYSCYG,0.44678857620985457,anti-toxic
GYNICVNDS,0.44678857620985457,anti-toxic
GCLISFCVS,0.4467858054939322,anti-toxic
GFCFIVDGY,0.4467848726637524,anti-toxic
GRHCGCSFG,0.44678412302648113,anti-toxic
GYCYYVVCD,0.44677723826047716,anti-toxic
GNCCIVCDS,0.44677009520038763,anti-toxic
GCFYHSCVD,0.4467651823946692,anti-toxic
GGVVRICYG,0.4467567119094696,anti-toxic
GCHCVSGFF,0.4467567119094696,anti-toxic
GVCGIGHLR,0.4467523381955732,anti-toxic
GCCCIFGVS,0.4467523381955732,anti-toxic
GFCLDSNFN,0.4467523381955732,anti-toxic
GLCVFHGCS,0.4467251188143475,anti-toxic
GSFGIDNRR,0.44672395386290054,anti-toxic
GLFDRDCGS,0.44670821827051843,anti-toxic
GLCFGYCGD,0.44669707837281475,anti-toxic
GVNSVDSFR,0.44669707837281475,anti-toxic
GFFIFFCVF,0.44669129891481174,anti-toxic
GLSIYGGFS,0.44669129891481174,anti-toxic
GCDVSGNFS,0.446673056996006,anti-toxic
GCCSIFGCS,0.446673056996006,anti-toxic
GCFFFIIDD,0.446673056996006,anti-toxic
GCVHVCGYG,0.446673056996006,anti-toxic
GFLSGDVFR,0.446673056996006,anti-toxic
GFDCSHDVG,0.4466653546224474,anti-toxic
GFYVRVFDN,0.4466533311321322,anti-toxic
GFHFFGVVG,0.4466392642306814,anti-toxic
GLDNFDFFF,0.44662285631219995,anti-toxic
GLNCDYSVD,0.4466205381029398,anti-toxic
GFFFDCDYR,0.44656106288821984,anti-toxic
GIVLICHYG,0.44654785283383236,anti-toxic
GVNLGCCHI,0.446545342105539,anti-toxic
GILFNNHFG,0.446545342105539,anti-toxic
GCRLLDGGH,0.446533596321771,anti-toxic
GCCLGSRFG,0.44652448712789317,anti-toxic
GIYYIFVHN,0.44652448712789317,anti-toxic
GDINVIGYR,0.4465078897808289,anti-toxic
GCYVCLDCF,0.4465021623800586,anti-toxic
GCRFYGCFD,0.4464903994168829,anti-toxic
GVHVLIDVG,0.4464903994168829,anti-toxic
GRVYCCNSG,0.44647820681221595,anti-toxic
GVVLISGLG,0.44646922155166663,anti-toxic
GICLGCGCD,0.4464524349532105,anti-toxic
GVIRFDFCD,0.4464524349532105,anti-toxic
GSFDCCYGG,0.4464443179820788,anti-toxic
GLSDDHDGF,0.44643178621996504,anti-toxic
GIGYYCGGN,0.44642724984746274,anti-toxic
GLGHYGCLS,0.4464188065136952,anti-toxic
GRFVYLCDG,0.4464188065136952,anti-toxic
GFIRFDFVD,0.44640339260863765,anti-toxic
GGHGLLFFG,0.4463921316300843,anti-toxic
GCLISDSDH,0.4463618909141244,anti-toxic
GYDVVRGVG,0.4463618909141244,anti-toxic
GFHVNYFDD,0.4463618909141244,anti-toxic
GRGGNDHFV,0.4463618909141244,anti-toxic
GCLHGCGDN,0.44634449164399914,anti-toxic
GCNLYGVVG,0.4463216430588615,anti-toxic
GNNGFGDVD,0.4463117703737453,anti-toxic
GHFLVIDCG,0.4462894420888829,anti-toxic
GLCGYGCIF,0.44628741063922006,anti-toxic
GGFVGFFDH,0.4462665610013455,anti-toxic
GYGHDYVLR,0.44626350068218945,anti-toxic
GGYDSDVVN,0.44624468824659264,anti-toxic
GCSVLCGVF,0.44624468824659264,anti-toxic
GCHRCDHFV,0.44624468824659264,anti-toxic
GSYVHDCGN,0.44624468824659264,anti-toxic
GGLIGDCGG,0.4462169811757419,anti-toxic
GICDCVDLY,0.4462115119368937,anti-toxic
GRLRFGHCL,0.4462097897386464,anti-toxic
GFCYIIGFV,0.44619755660816085,anti-toxic
GGLRCYHDD,0.44619755660816085,anti-toxic
GIILLCGVG,0.44613975541991424,anti-toxic
GCCIRNVVG,0.44613132996120464,anti-toxic
GVVLGNGDG,0.4461119292561958,anti-toxic
GFLLRLHRS,0.44608702097969366,anti-toxic
GFYLFSRGR,0.44608702097969366,anti-toxic
GYCRLFYDY,0.44608702097969366,anti-toxic
GCCSRIGID,0.44606340068860995,anti-toxic
GFSVLYVLV,0.4460552940204143,anti-toxic
GFFHVRGCS,0.44605060749889147,anti-toxic
GCNGDNVGC,0.44598584579416833,anti-toxic
GLSSGGCCG,0.44598584579416833,anti-toxic
GIDNRVHDG,0.44598584579416833,anti-toxic
GFIHVNGVG,0.44598584579416833,anti-toxic
GGFVDDFLR,0.44598584579416833,anti-toxic
GLCFGFGGD,0.44598584579416833,anti-toxic
GDDNGDNCG,0.44598584579416833,anti-toxic
GFFISDFGH,0.4459698104042833,anti-toxic
GVHYFFYDG,0.4459698104042833,anti-toxic
GFVFLLDGF,0.4459659734060511,anti-toxic
GLDVFHFLR,0.4459632727292757,anti-toxic
GRRDDFYID,0.4459597225559183,anti-toxic
GFFNICGVR,0.4459574929636113,anti-toxic
GISHRSDSG,0.44593981320290116,anti-toxic
GYGFRGGLS,0.4459363864244381,anti-toxic
GFGDDFSHN,0.44591541395112344,anti-toxic
GCCGYVDDF,0.44591541395112344,anti-toxic
GCLHFDFYY,0.4459108723332297,anti-toxic
GNVISYGGN,0.4459070622144687,anti-toxic
GCFSVIGCD,0.4459010276227167,anti-toxic
GSYCCDHGR,0.445879255638298,anti-toxic
GVYCFDNFV,0.44586356098922036,anti-toxic
GFCDCCGFV,0.4458406557661512,anti-toxic
GIGYYRGVR,0.44580719205126035,anti-toxic
GYCYVCVHD,0.44580062432047707,anti-toxic
GFYYDRDYF,0.44580062432047707,anti-toxic
GYVCYVDCG,0.4457923242988444,anti-toxic
GCCLRYRVN,0.44578545749437753,anti-toxic
GLDIFGHIR,0.445781502513416,anti-toxic
GCVFCIGCS,0.445781502513416,anti-toxic
GFFFCLRYS,0.44577475729155835,anti-toxic
GYVDDGRGG,0.4457668038356725,anti-toxic
GYCFRYGCG,0.4457668038356725,anti-toxic
GCFGSDVVY,0.4457536825618403,anti-toxic
GCFSYVNFV,0.44574569031896144,anti-toxic
GHYHVCVYG,0.44570472999082683,anti-toxic
GHISSYGLS,0.44569862538113403,anti-toxic
GGFGCFSVD,0.44569049551785994,anti-toxic
GLYVLCGDV,0.4456883362614436,anti-toxic
GLLYDCFDN,0.4456883362614436,anti-toxic
GFCVSGYHL,0.4456883362614436,anti-toxic
GFINSNCDG,0.4456841798759858,anti-toxic
GFCLDVCYR,0.4456831730859623,anti-toxic
GYCLYSGFC,0.44567832128417134,anti-toxic
GFHCFDYDR,0.4456694455424169,anti-toxic
GDYIFNVVI,0.4456694455424169,anti-toxic
GFICGFSCD,0.44564678325126816,anti-toxic
GSRYRYVVG,0.4456338923877226,anti-toxic
GLFYCLLHH,0.4456234202687512,anti-toxic
GGYSSIGCG,0.4456234202687512,anti-toxic
GNCCRCDCG,0.44561048833328554,anti-toxic
GCDRYFGHG,0.44559709540243586,anti-toxic
GRSCYNCSG,0.4455876432658968,anti-toxic
GRLSRHGCD,0.44558164310726417,anti-toxic
GLSGDIDDI,0.4455757525314655,anti-toxic
GFSVSCGVD,0.4455574356168366,anti-toxic
GVNVGVSYG,0.4455518141651938,anti-toxic
GFLLYGDHR,0.4455222686479601,anti-toxic
GGLDYSRDG,0.4455222686479601,anti-toxic
GLSDCRDYG,0.4455222686479601,anti-toxic
GLHGSCGLR,0.44548840685059365,anti-toxic
GIYGFYFDR,0.4454665219715594,anti-toxic
GFYYFVVHN,0.4454582464643248,anti-toxic
GRRGHVGHR,0.4454582464643248,anti-toxic
GFYCYDFFY,0.4454470856681301,anti-toxic
GVDILLSGG,0.4454414501275446,anti-toxic
GFFVVRFGV,0.4454371990485428,anti-toxic
GVCYGVGYI,0.44543121204171326,anti-toxic
GFSISSLFH,0.4454068415424558,anti-toxic
GGLLCYRSG,0.4453340949292456,anti-toxic
GFYVIGGYD,0.44532942029581113,anti-toxic
GCHGGGGGG,0.44532942029581113,anti-toxic
GCCCRGDFG,0.4453203932750585,anti-toxic
GSHHYYIDY,0.44529954210227984,anti-toxic
GFDCGDDVG,0.44529564080393935,anti-toxic
GCCYCDRRH,0.44529459132588944,anti-toxic
GGRDLDVCS,0.44528370147776714,anti-toxic
GLCVSGCGD,0.44527388746766783,anti-toxic
GVFSCLGFN,0.44527388746766783,anti-toxic
GFIDRGSFD,0.44527388746766783,anti-toxic
GSGIRFNGH,0.44526267451485346,anti-toxic
GCIINDVII,0.445256906588234,anti-toxic
GCNSIDYFS,0.44525161995250395,anti-toxic
GDHCNYNDG,0.44525071829900464,anti-toxic
GFGFRSHHH,0.4452415534407829,anti-toxic
GYRHNDCVG,0.44523743348838735,anti-toxic
GHSVNHHYR,0.4452220097298168,anti-toxic
GFFYYVCDG,0.4452148760562171,anti-toxic
GICISSGVI,0.4452148760562171,anti-toxic
GFGCIGGLG,0.44520321416977815,anti-toxic
GFSGYHGCG,0.4451570254047224,anti-toxic
GLVCISGDR,0.4451570254047224,anti-toxic
GCCFVSYFR,0.4451535558553496,anti-toxic
GICRGHDSG,0.4451427401068937,anti-toxic
GVLRLVGLG,0.4451427401068937,anti-toxic
GNNHNSFFN,0.4451389924574504,anti-toxic
GCSVRDDDR,0.44513753127128763,anti-toxic
GGCRGVVDR,0.4451362699295029,anti-toxic
GYYCLYDGL,0.4451278652252487,anti-toxic
GGCFSYDSD,0.4451190863675069,anti-toxic
GCFGCFGGD,0.44510374271254216,anti-toxic
GFNFLVFDD,0.44508502271935396,anti-toxic
GICGVFNDG,0.44508502271935396,anti-toxic
GSRGHGFLN,0.4450796808766604,anti-toxic
GIFVYYGSS,0.44507235202215234,anti-toxic
GFSSVFRGD,0.4450616741813035,anti-toxic
GFCDSGVFD,0.44505785894139266,anti-toxic
GNFHYSGVV,0.4450490391675879,anti-toxic
GCDFFFDCG,0.44503173832177734,anti-toxic
GCFRCCDFD,0.44501725773621337,anti-toxic
GRSHGDIFS,0.44501336287563004,anti-toxic
GGLNFGDGG,0.445004219517669,anti-toxic
GFSYCSSCD,0.4449919695857116,anti-toxic
GCFFRLDDV,0.44498898295466977,anti-toxic
GCVVLNYLS,0.44493657134826115,anti-toxic
GRIVLCGFH,0.44493657134826115,anti-toxic
GRCLRYRDN,0.44493657134826115,anti-toxic
GLYFHFCVG,0.44493657134826115,anti-toxic
GFRYIGDHR,0.44493657134826115,anti-toxic
GLICDDFLR,0.44493657134826115,anti-toxic
GFFFVDRCC,0.44493657134826115,anti-toxic
GCFGDFDFG,0.44493657134826115,anti-toxic
GDYHFNSDD,0.44493657134826115,anti-toxic
GVFINDNGG,0.44490555142168087,anti-toxic
GFHYYCSCG,0.44488877577435026,anti-toxic
GGCCSVGFV,0.4448857201706487,anti-toxic
GCSVFNGGG,0.44487826504732064,anti-toxic
GFVLVCGSG,0.4448682484531461,anti-toxic
GSYVRFGFV,0.44486518243022366,anti-toxic
GVYGCIGYR,0.4448581434506389,anti-toxic
GLFDLDVGG,0.44484453055488854,anti-toxic
GVLSCCVRS,0.4448168155273167,anti-toxic
GFRVCGGIG,0.4448130975232168,anti-toxic
GYFYLDGLD,0.4448104878862337,anti-toxic
GFCFYIHGS,0.44479558953176485,anti-toxic
GISSFVGLR,0.44479558953176485,anti-toxic
GSVCCYGDD,0.44479040822572136,anti-toxic
GVGFIGGYR,0.44475750299050915,anti-toxic
GFYYFFDDH,0.4447445331041844,anti-toxic
GSCVGGGFV,0.4447295376970585,anti-toxic
GFLRYGSLG,0.4447181682851201,anti-toxic
GFYCSFCCG,0.4447181682851201,anti-toxic
GSSCCIGVD,0.4447181682851201,anti-toxic
GCSYCSRFD,0.444710405749137,anti-toxic
GICSIRGGS,0.44468341221436386,anti-toxic
GCVFSNGLN,0.4446750899255249,anti-toxic
GIFVVDLSG,0.4446719263354499,anti-toxic
GCFSDYDCS,0.4446580881826413,anti-toxic
GGSCLCGFR,0.4446509452400353,anti-toxic
GGFFIVCDN,0.44464910188093687,anti-toxic
GFRGSDVFY,0.4446408311380564,anti-toxic
GDIVLGGCG,0.4446355006381772,anti-toxic
GICFSNVYR,0.44462365651240016,anti-toxic
GLRCCSGDS,0.44462228272141985,anti-toxic
GFCCRSRDG,0.44462228272141985,anti-toxic
GFHCCSGCD,0.4446152287646747,anti-toxic
GLFNYDVCF,0.4446078508971668,anti-toxic
GFFDFCVDH,0.44458178456118813,anti-toxic
GLCDVSGIR,0.4445746089865084,anti-toxic
GLFSGYIRN,0.4445729375077258,anti-toxic
GNNCFFGDG,0.4445652207639396,anti-toxic
GFRSYGVCD,0.4445652207639396,anti-toxic
GFFGFDDVD,0.4445652207639396,anti-toxic
GFYGYLDYS,0.4445652207639396,anti-toxic
GSCVFFGGD,0.4445652207639396,anti-toxic
GVYVCCSYG,0.4445652207639396,anti-toxic
GDCFSRGCD,0.4445571694021259,anti-toxic
GVFVCDYFR,0.4445524099062256,anti-toxic
GDGCVDHGR,0.44454703460862605,anti-toxic
GFFDYFGSS,0.444542206297868,anti-toxic
GFRLYVHGY,0.4445338875160704,anti-toxic
GLNFRVCDG,0.4445161507133928,anti-toxic
GYFSFCVVD,0.4445075614529346,anti-toxic
GLNHGCSDG,0.44450473827907017,anti-toxic
GGFRGDSFH,0.4445004331547681,anti-toxic
GDDSLVIFD,0.44448852170375147,anti-toxic
GYYIRYVDV,0.44448640859025396,anti-toxic
GVFFCDVFR,0.44447994794177226,anti-toxic
GFCYYLRGN,0.4444755368231143,anti-toxic
GFGSSSCFD,0.44446645387228023,anti-toxic
GGFGDGGCG,0.44445922866209764,anti-toxic
GDHFICGFV,0.4444521379662943,anti-toxic
GLGLVNCYG,0.4444521379662943,anti-toxic
GSFSLGGCD,0.4444198616122307,anti-toxic
GVRLGFGVS,0.4444169766917819,anti-toxic
GGFDRDYGN,0.44441474874653003,anti-toxic
GSGNFYGSS,0.44441474874653003,anti-toxic
GCLLCDGFF,0.4443849461224373,anti-toxic
GFDCVLDSH,0.4443849461224373,anti-toxic
GFYRFHRSD,0.44437291846978605,anti-toxic
GLSSSGIFD,0.4443287413233549,anti-toxic
GSCVRNGFL,0.4443287413233549,anti-toxic
GFRGCNRFY,0.4443287413233549,anti-toxic
GCVCRDVYR,0.4443242852156815,anti-toxic
GIYCCNFFR,0.44430875124340374,anti-toxic
GCGNFGGGG,0.44430394999546247,anti-toxic
GHYLDNGGR,0.44430394999546247,anti-toxic
GRLGGIGGN,0.44429922358515944,anti-toxic
GGLFCCGLD,0.4442922705069157,anti-toxic
GFGDVDFGR,0.44429139069061613,anti-toxic
GGLCGLVVG,0.44428740159823654,anti-toxic
GRFVLLFDN,0.44428740159823654,anti-toxic
GVCFNDGFF,0.44428506949648894,anti-toxic
GGCHGCSVG,0.44428103238318795,anti-toxic
GCRVSLDVR,0.44427765944484293,anti-toxic
GFSCVHGFI,0.4442765665061723,anti-toxic
GYFCSIGLG,0.444272343104731,anti-toxic
GLFHGNFDR,0.444256569410949,anti-toxic
GDLVISGVR,0.44425038852686805,anti-toxic
GCIDYVCCD,0.4442400283250068,anti-toxic
GDSGFIGRV,0.4441935523784802,anti-toxic
GIGVFVHGY,0.44418519662467476,anti-toxic
GYFSDYRYG,0.44418519662467476,anti-toxic
GNYVFHGGR,0.4441617370983002,anti-toxic
GYIFCDGLD,0.4441617370983002,anti-toxic
GNVNRDCVS,0.44416002565702645,anti-toxic
GGLYYNSLD,0.4441544108812789,anti-toxic
GVVLNYSSS,0.4441544108812789,anti-toxic
GFVYCNRDG,0.44414557199044014,anti-toxic
GRSDHSCCD,0.4441404309201664,anti-toxic
GLIGVSGGV,0.444137068583906,anti-toxic
GVIYGHCVG,0.44412099461673704,anti-toxic
GVGCYDCVD,0.44412099461673704,anti-toxic
GICVNFGCS,0.4441047486808181,anti-toxic
GFRHCDVDH,0.4440989732450364,anti-toxic
GRYDLSGCF,0.44409213304623946,anti-toxic
GRGCVLGCG,0.4440845956323548,anti-toxic
GSGSRSGYS,0.4440791288547243,anti-toxic
GVYFYLVSD,0.4440749825088928,anti-toxic
GGGVRSIYV,0.4440749825088928,anti-toxic
GCNFGYGGN,0.44406695436507737,anti-toxic
GRDGVLVID,0.44406695436507737,anti-toxic
GRNRSVGDS,0.44405333250284695,anti-toxic
GLSRHDHSG,0.4440447959180762,anti-toxic
GRRGGYVDI,0.4440447959180762,anti-toxic
GYFFIDVFG,0.44403468440640764,anti-toxic
GNRLRILSG,0.44402147871950404,anti-toxic
GIVNVFSFY,0.4440161305616814,anti-toxic
GGGGYGGYV,0.4440075988402493,anti-toxic
GLVCCDVVS,0.44399183640555373,anti-toxic
GLDLVFGLG,0.44399183640555373,anti-toxic
GVHVVNGFI,0.44399183640555373,anti-toxic
GCCNRIGLD,0.4439810275482527,anti-toxic
GCNVYDGVG,0.4439775988760262,anti-toxic
GRHCCCGGS,0.44397098443186567,anti-toxic
GVVSSDGCG,0.44396292564978623,anti-toxic
GIYIRYCDN,0.4439481535970373,anti-toxic
GHSVYGVVD,0.4439481535970373,anti-toxic
GYIVYFVVD,0.44393704390613453,anti-toxic
GGDDGFDHG,0.44393493910845355,anti-toxic
GRRRCGGLD,0.4439230481767089,anti-toxic
GIFDFVSDN,0.4439230481767089,anti-toxic
GNIVVRGYV,0.44389944970456996,anti-toxic
GRVISDDFS,0.4438659610198923,anti-toxic
GFCFCFHNY,0.4438425420601119,anti-toxic
GVRHCYVFN,0.44383986752833393,anti-toxic
GFCGCHCFL,0.44383986752833393,anti-toxic
GFINYFVDH,0.44383480384400603,anti-toxic
GFSCFNSYN,0.4438177025221331,anti-toxic
GFRDVFGFY,0.44381407270862494,anti-toxic
GFYDCYDSN,0.44381407270862494,anti-toxic
GVCDVFVVR,0.44381407270862494,anti-toxic
GLCGDGGVS,0.4438074332876988,anti-toxic
GFFFYGVID,0.44380341180046196,anti-toxic
GLFDYCDCY,0.4437913905922619,anti-toxic
GFFVYCGCD,0.44378703525651264,anti-toxic
GVDHLRGGG,0.4437715729975015,anti-toxic
GVIVSYIDS,0.4437675410814096,anti-toxic
GGRRFYNCI,0.44374629362430423,anti-toxic
GIDFSCRDY,0.44369749923271273,anti-toxic
GGICVIRGG,0.44369749923271273,anti-toxic
GGSVCDGLD,0.44369749923271273,anti-toxic
GLGYVVVFD,0.44369749923271273,anti-toxic
GIFFDFGFY,0.44369749923271273,anti-toxic
GHYCYLFYR,0.44369749923271273,anti-toxic
GIVVICDSC,0.44369749923271273,anti-toxic
GCLVLDYGR,0.44369749923271273,anti-toxic
GGHCCYSDG,0.44369749923271273,anti-toxic
GLIFDFVVN,0.44362011247521943,anti-toxic
GFCVFCFDD,0.4436168802456791,anti-toxic
GFISRDSCG,0.44361516072039797,anti-toxic
GHGSFCGGG,0.44359283734959304,anti-toxic
GDDDLYCFD,0.44358683685935224,anti-toxic
GFDVSDGSD,0.4435782939943596,anti-toxic
GYCCGCGLS,0.4435725044176599,anti-toxic
GHVRRNFVH,0.4435288084238708,anti-toxic
GDVCNGSYG,0.4435288084238708,anti-toxic
GNDVSGVGN,0.4435126537385823,anti-toxic
GYYRYNIVD,0.44349307725581383,anti-toxic
GILCHCCVD,0.4434886536014203,anti-toxic
GFYGNYCDG,0.44348381942785037,anti-toxic
GFFGCFRFR,0.44347543890221797,anti-toxic
GDVCRSDGD,0.4434633150901264,anti-toxic
GFFCLDGVN,0.4434449290122162,anti-toxic
GGFNFLVYY,0.4434381415170899,anti-toxic
GSYNFCHDH,0.4434381415170899,anti-toxic
GGCDRDFFH,0.4434291263016308,anti-toxic
GHCVSSGSD,0.4434259803230226,anti-toxic
GCYVSYGSD,0.44339788246891243,anti-toxic
GCCCGCDDG,0.4433726716320027,anti-toxic
GLVSDHSCG,0.44334282834170385,anti-toxic
GFCLLFSHR,0.44334282834170385,anti-toxic
GFIHGNIFD,0.44332929702167645,anti-toxic
GCCHYVGFY,0.44332317656306736,anti-toxic
GIFRSDSGS,0.44328613810140977,anti-toxic
GFSCCYGCD,0.443262987458695,anti-toxic
GCSDGNGCD,0.443262987458695,anti-toxic
GLCHCGDGD,0.443262987458695,anti-toxic
GYFFFCGLS,0.443262987458695,anti-toxic
GCVLHHDIV,0.4432277377137868,anti-toxic
GCYNDIDDV,0.44321468152661664,anti-toxic
GFIGHGNGD,0.4432078774425176,anti-toxic
GVCDRYCVD,0.4431951342467918,anti-toxic
GCCVGFSVS,0.44318626376237263,anti-toxic
GLVIYNVYD,0.4431797334601839,anti-toxic
GVCGGLRDD,0.4431797334601839,anti-toxic
GFCRRYLNR,0.4431747251919746,anti-toxic
GVGFLDIFD,0.4431747251919746,anti-toxic
GCGDLIVDD,0.4431707623799034,anti-toxic
GFHFCVGFV,0.44316961908900576,anti-toxic
GFYVLGGSG,0.44316754860941454,anti-toxic
GSCHGFGVN,0.44315910168331557,anti-toxic
GLCSNLDYF,0.4431367574092951,anti-toxic
GRYYFGHVY,0.4431367574092951,anti-toxic
GVLHICGGD,0.4431367574092951,anti-toxic
GFDFCCRDG,0.4431367574092951,anti-toxic
GFYGCRGVS,0.4431244252785628,anti-toxic
GNCCRNDGS,0.4431082257611618,anti-toxic
GIFDVSIFR,0.44309284270356947,anti-toxic
GRFGYYSSS,0.4430817137486506,anti-toxic
GFDISLGGG,0.44306820083330434,anti-toxic
GYFHGNGCD,0.44306302946040343,anti-toxic
GHCHGSHDY,0.44306302946040343,anti-toxic
GHRNIIGCD,0.44304649385738915,anti-toxic
GYCFGFVVG,0.44304146514738707,anti-toxic
GYLFVRGGG,0.44304146514738707,anti-toxic
GCRHCIFGF,0.44304146514738707,anti-toxic
GGSDIHGSG,0.44303611296906215,anti-toxic
GHIYNIGFL,0.4430251422758348,anti-toxic
GCCGGYGLD,0.4430183834072257,anti-toxic
GFCCRSGYC,0.4429947324783304,anti-toxic
GCGIYVSDG,0.442989932132565,anti-toxic
GYHGLDVGR,0.4429669784853567,anti-toxic
GCCHFNNCC,0.4429635060601699,anti-toxic
GNCGLLFFN,0.4429071541885608,anti-toxic
GFRFCYCDS,0.4429071541885608,anti-toxic
GFRYLFVND,0.4429071541885608,anti-toxic
GSYGGFGFN,0.442875603936202,anti-toxic
GSVIFLDVR,0.44287508281669646,anti-toxic
GCLRYDDHH,0.4428694828104825,anti-toxic
GFCVSRGCG,0.4428492675530998,anti-toxic
GGDVRFGVF,0.44283665755957663,anti-toxic
GLFVDFGDR,0.44282177911075277,anti-toxic
GSDSLYDDI,0.44278834625390323,anti-toxic
GYFFNDFYG,0.4427822312819312,anti-toxic
GLGVYCDGY,0.4427822312819312,anti-toxic
GFHYCFFFD,0.4427822312819312,anti-toxic
GCRYCFDFN,0.4427822312819312,anti-toxic
GYCYGLIDI,0.442755647303402,anti-toxic
GLHICLGHR,0.44275235308839994,anti-toxic
GCDYFGCCD,0.4427505697176019,anti-toxic
GYGNDFNDG,0.442720458366401,anti-toxic
GLRFNGGGS,0.4427036899159692,anti-toxic
GDDSYFDCS,0.4427036899159692,anti-toxic
GFFFFFCFF,0.4427036899159692,anti-toxic
GCSDFHDFD,0.4427036899159692,anti-toxic
GFDNCFCIS,0.44268633583785044,anti-toxic
GFSCCDGHG,0.4426657453541607,anti-toxic
GGIVCDHGS,0.44264974364151893,anti-toxic
GIYIRDCDN,0.44264477456867635,anti-toxic
GLGFLSGGD,0.44264338589505753,anti-toxic
GLNGDFCID,0.44259749679084076,anti-toxic
GNVIFGDGH,0.4425961440908356,anti-toxic
GLHLCFDVN,0.4425923624872524,anti-toxic
GVCDRYIIY,0.4425828700707991,anti-toxic
GSSYFGRVD,0.442580445016527,anti-toxic
GLYYRGSYD,0.442580445016527,anti-toxic
GGLYGLGDG,0.44257529064472734,anti-toxic
GYCLHGCYG,0.4425568696029065,anti-toxic
GCGYCVRYG,0.44254878842761525,anti-toxic
GCFCGGSLG,0.442537833705474,anti-toxic
GLVSGGDSS,0.442518151646061,anti-toxic
GCCHCVSYG,0.44250898268029215,anti-toxic
GCFFCNNFL,0.44250898268029215,anti-toxic
GDFVGSGFF,0.44250898268029215,anti-toxic
GSFDFCDCD,0.44250505623333414,anti-toxic
GFSHFDCYV,0.4424747599297618,anti-toxic
GSFVCSLYG,0.4424738076162511,anti-toxic
GFCGRFHCY,0.44247240820340644,anti-toxic
GHHHGCSVD,0.4424658940630288,anti-toxic
GCVHLSIYV,0.4424600884915622,anti-toxic
GFCDIFHIR,0.44245488184161696,anti-toxic
GCFHFDDCF,0.44245488184161696,anti-toxic
GIFHCHGFS,0.4424459292544056,anti-toxic
GNCLGDDFL,0.4424322558559439,anti-toxic
GYCIGFCDG,0.4424131215521627,anti-toxic
GLVCICGCD,0.4423967285653416,anti-toxic
GYDNVCDGY,0.44238443857441334,anti-toxic
GRDFYGGVH,0.4423591484604505,anti-toxic
GGGVVSVFR,0.4423591484604505,anti-toxic
GCSVGVLCC,0.4423591484604505,anti-toxic
GGCICLIDI,0.4423591484604505,anti-toxic
GICFGYGHS,0.4423591484604505,anti-toxic
GRLNGFFRI,0.4423591484604505,anti-toxic
GRCLFGGGS,0.4423591484604505,anti-toxic
GFCCHLYDG,0.4423591484604505,anti-toxic
GGVCLGGYV,0.4423591484604505,anti-toxic
GRIYVCNYG,0.4423591484604505,anti-toxic
GYCLFGFVG,0.4423591484604505,anti-toxic
GDSFRVNDS,0.4423591484604505,anti-toxic
GHSCGIGLR,0.4423184594191593,anti-toxic
GFSRDFNYN,0.4422942848232747,anti-toxic
GCCDLYGSG,0.4422942848232747,anti-toxic
GHYGLLLYC,0.4422805502371062,anti-toxic
GCFIGSGVY,0.44227193197619247,anti-toxic
GRCCGICDN,0.4422712434946806,anti-toxic
GDCVYNSSD,0.4422691112502382,anti-toxic
GNHICLVFD,0.4422537755418447,anti-toxic
GIYRSRGCG,0.442222813666707,anti-toxic
GYYSLCHRC,0.442212004809406,anti-toxic
GGYHIFGYL,0.44219653398223235,anti-toxic
GFCVNYGFN,0.4421842765104722,anti-toxic
GVCVSLDDY,0.44216608578472016,anti-toxic
GCVFGFDGD,0.44214367116409103,anti-toxic
GDSDFIHGG,0.4421349964648148,anti-toxic
GDGCGFRGR,0.4421216083998859,anti-toxic
GCFGRSVDD,0.4421188748820378,anti-toxic
GSILCYSYG,0.44211536822283803,anti-toxic
GFVCHDSLD,0.44211536822283803,anti-toxic
GLFVVDYGR,0.44211536822283803,anti-toxic
GLFFDGSFD,0.4420785058129442,anti-toxic
GILVRYDCD,0.44207182163428815,anti-toxic
GRHSLGHHY,0.4420658336368815,anti-toxic
GICYGNVCG,0.44204921482952436,anti-toxic
GIDSRGCCG,0.44203988469403005,anti-toxic
GDCCFVGFV,0.44203671525124827,anti-toxic
GLDNSFCCG,0.4420285093261679,anti-toxic
GCIICDGCG,0.44201629340048454,anti-toxic
GIRYYFNHY,0.44199617770643185,anti-toxic
GGNNCGVCD,0.4419735544708982,anti-toxic
GFHIVYSVG,0.4419681387267332,anti-toxic
GFCRFVYDN,0.44195683765641147,anti-toxic
GVICDSGDD,0.44195683765641147,anti-toxic
GFLCYYLDG,0.44195683765641147,anti-toxic
GSFFFSGII,0.44195683765641147,anti-toxic
GYLDHRGCD,0.44194792365754204,anti-toxic
GNCDLIDFG,0.44193647739847175,anti-toxic
GVCIRNVCG,0.4419079333737289,anti-toxic
GGHLGDVLS,0.44189995932722226,anti-toxic
GYCLCLYDD,0.4418888782662559,anti-toxic
GSRYIDGYV,0.44187083416371664,anti-toxic
GLFVCLGVG,0.44184549437111936,anti-toxic
GFSVCFVLR,0.44184549437111936,anti-toxic
GRHFSCGHG,0.44184549437111936,anti-toxic
GCGICLGSG,0.44183432122811706,anti-toxic
GVCGGYSVD,0.4418322373164653,anti-toxic
GCDIVIGCG,0.44182202258849096,anti-toxic
GFRFGVYYD,0.4418153966905291,anti-toxic
GYFGDGVLG,0.4418153966905291,anti-toxic
GYDVCCRFR,0.4417932923779195,anti-toxic
GLFVRSGVL,0.44176799637174385,anti-toxic
GFCCRDIDN,0.4417665245587546,anti-toxic
GFYYFGHDF,0.441762999455513,anti-toxic
GSRVGGDCD,0.4417432151819109,anti-toxic
GGDGGDGCD,0.44173344334841613,anti-toxic
GSNLVVFDG,0.4417227346649642,anti-toxic
GCFVDFHYG,0.44170276025964655,anti-toxic
GVHIISGFR,0.4416857489738168,anti-toxic
GDCYVCGHG,0.4416795325264515,anti-toxic
GFGDFSCFS,0.4416795325264515,anti-toxic
GFDGVDNFV,0.4416795325264515,anti-toxic
GSRGVYVFR,0.441674698734198,anti-toxic
GFFCRDFVS,0.4416489365574435,anti-toxic
GIVNCIGFY,0.4416489365574435,anti-toxic
GCGCSIGLD,0.4416489365574435,anti-toxic
GCICLYDCS,0.4416489365574435,anti-toxic
GCFSNFGIR,0.4416489365574435,anti-toxic
GFCDFCGCD,0.4416489365574435,anti-toxic
GRCVVIRGG,0.4416489365574435,anti-toxic
GVNFNLDFG,0.4416489365574435,anti-toxic
GFICSGCGS,0.4416159636443099,anti-toxic
GVYVRGCVD,0.44159582809123205,anti-toxic
GFVFYRVDD,0.44159449834084463,anti-toxic
GVFHVYCDG,0.4415931002907295,anti-toxic
GVGFCYNYG,0.44158843932845443,anti-toxic
GFRVDDIVY,0.4415682276774671,anti-toxic
GCGCRYGYR,0.4415651161505434,anti-toxic
GFSLNHRYR,0.4415617550893392,anti-toxic
GGSVSYGFR,0.4415617550893392,anti-toxic
GVFGGCGLR,0.4415581132221612,anti-toxic
GRRGSGSGG,0.44154510045846634,anti-toxic
GSYVYVGYC,0.44154510045846634,anti-toxic
GFDVGIVFS,0.44153803870216074,anti-toxic
GCGGLDLCG,0.4415205799784382,anti-toxic
GCHHDVRDG,0.4415205799784382,anti-toxic
GCFCHGVFD,0.4415205799784382,anti-toxic
GFFICDRID,0.4415205799784382,anti-toxic
GRFCCLDYF,0.4415174755799585,anti-toxic
GINDCDVGN,0.4415033955098672,anti-toxic
GRDSSFHGY,0.4415033955098672,anti-toxic
GYYVRLCGR,0.4414808984505287,anti-toxic
GFIFDNGFC,0.44146682334294846,anti-toxic
GCYGSFRCG,0.4414501747773594,anti-toxic
GCFYSFGYY,0.4414501747773594,anti-toxic
GDYDFLRVS,0.4414501747773594,anti-toxic
GLCSCCGFV,0.4414417569533274,anti-toxic
GYFDDNRFI,0.44142568333610643,anti-toxic
GCLFSSGGL,0.4414057024531279,anti-toxic
GFFCSDVGY,0.4414057024531279,anti-toxic
GLHDGGGGD,0.4413912905836115,anti-toxic
GHCCVDGDN,0.4413877188724341,anti-toxic
GFDRDNVDH,0.44138445984597247,anti-toxic
GGVLCGGFV,0.44137323547879936,anti-toxic
GFICDFSLY,0.44135267180626997,anti-toxic
GDCHFGRYG,0.44133559276181367,anti-toxic
GCSNHRDSS,0.44133559276181367,anti-toxic
GVNYCFGSG,0.4412957579616947,anti-toxic
GVFGLGGGG,0.4412914294668343,anti-toxic
GYVFRLVGG,0.44124504602591774,anti-toxic
GSCYIDDHV,0.44124504602591774,anti-toxic
GDCSYFCDG,0.44123653375816735,anti-toxic
GCIGRIGFL,0.44120869882901803,anti-toxic
GRYYSGICY,0.44120869882901803,anti-toxic
GCFHRRDGY,0.44120869882901803,anti-toxic
GCFDFCNYD,0.441146034593731,anti-toxic
GFCSRVVYL,0.44113528246811234,anti-toxic
GCVDNNVYV,0.44112360144814355,anti-toxic
GFVYYDVSG,0.4411101634952083,anti-toxic
GRVFDNVYR,0.4411093793047433,anti-toxic
GFRDYDGFR,0.4410969257021874,anti-toxic
GNGCHLGVS,0.44109168563097667,anti-toxic
GVCCIFDFY,0.44108388363002604,anti-toxic
GVCFCDGLG,0.4410791601883639,anti-toxic
GGYVSSGVR,0.4410371878091216,anti-toxic
GFSICLGFV,0.44101666058494127,anti-toxic
GYSCVYHSG,0.4409977226374007,anti-toxic
GFFYFYFFY,0.4409746408972394,anti-toxic
GFCVRLDGC,0.4409411937500934,anti-toxic
GCDSVRGCG,0.4409411937500934,anti-toxic
GDRFFDCDG,0.4409375613256563,anti-toxic
GLFFLFDVG,0.4409188251802705,anti-toxic
GISGRGCGR,0.4409090820652177,anti-toxic
GNRCVYRFS,0.4409090820652177,anti-toxic
GCFIIYIGV,0.4409090820652177,anti-toxic
GRSYLDYCD,0.4409090820652177,anti-toxic
GGCFCYGGR,0.4409090820652177,anti-toxic
GSLVIDNSD,0.4408877936417972,anti-toxic
GICDFNGVG,0.4408830186623471,anti-toxic
GCYGNVGCD,0.44087391794375375,anti-toxic
GFDNYYGGN,0.44087391794375375,anti-toxic
GNGCVCSYG,0.44084855743521195,anti-toxic
GFRGHDCYN,0.4408294023141634,anti-toxic
GILLRCGDY,0.4408294023141634,anti-toxic
GNVHLFRCG,0.4408190397638908,anti-toxic
GGSDRSSCD,0.44081442328500353,anti-toxic
GGDVFHGID,0.44081240388831044,anti-toxic
GFFRHVCGY,0.44081181099522454,anti-toxic
GCYGYLDTD,0.4408080950907124,anti-toxic
GYGFFHGCS,0.4407712326808186,anti-toxic
GRRIYNSHL,0.4407573899638141,anti-toxic
GFVHHYRYG,0.4407573899638141,anti-toxic
GVLVGDGIG,0.44074045675465306,anti-toxic
GFCYLCHDG,0.4407304886703278,anti-toxic
GIVINDCFN,0.4407139373834786,anti-toxic
GFCGRLCGG,0.440713111851772,anti-toxic
GYFGCGCYD,0.44070776985576254,anti-toxic
GIFIRLGLD,0.4406919890929875,anti-toxic
GIVYFDSGN,0.4406919890929875,anti-toxic
GLGNYVVVF,0.4406919890929875,anti-toxic
GCLIDSYFR,0.4406919890929875,anti-toxic
GFGGFVIDS,0.4406919890929875,anti-toxic
GFCSSCSYG,0.4406919890929875,anti-toxic
GCIRINGYS,0.4406765664298738,anti-toxic
GGRIDGCFN,0.44066378723694954,anti-toxic
GYCICHDDG,0.4406614898140745,anti-toxic
GFYYRCVCF,0.44065555346379515,anti-toxic
GHDCLGSVG,0.4406467477280939,anti-toxic
GCLCCISLY,0.4406044208939,anti-toxic
GNFDVGDGG,0.4406044208939,anti-toxic
GFCVVFVLR,0.4406044208939,anti-toxic
GFNHHFHVS,0.4405855313202021,anti-toxic
GCVFRLLSG,0.4405842638085698,anti-toxic
GCGGLCYVI,0.4405776860308977,anti-toxic
GYDLDSGSD,0.4405702527272561,anti-toxic
GDHYGCDDG,0.4405570940827701,anti-toxic
GDNFCFRVD,0.4405274524432062,anti-toxic
GYCCNGFLY,0.44051316338528446,anti-toxic
GRNVRFVYG,0.4404992120763266,anti-toxic
GFYVVCRGG,0.4404923593575013,anti-toxic
GCNNVSGVH,0.4404811153418655,anti-toxic
GGLYFGGID,0.4404664581687611,anti-toxic
GYGSIYDFG,0.44045926899351695,anti-toxic
GFLCFCCVD,0.44043823829295337,anti-toxic
GFFCGIHDI,0.44042801466786546,anti-toxic
GLNVNCGSS,0.4404191495793273,anti-toxic
GSCVLFGGD,0.44039844769492253,anti-toxic
GSSCRHCVF,0.44039844769492253,anti-toxic
GYFDSDCSG,0.44039844769492253,anti-toxic
GVYCDSHFF,0.4403822580812358,anti-toxic
GYYVFLRDV,0.4403543232872744,anti-toxic
GYIHGCHDG,0.44033886960553587,anti-toxic
GFVNCDSLD,0.4403365118017909,anti-toxic
GVNDFLHDR,0.4403299261442113,anti-toxic
GCFYRFHFN,0.44031860681191376,anti-toxic
GLDVLDNFC,0.44031046793611767,anti-toxic
GVIVSCDFG,0.4403031846964702,anti-toxic
GLHDIIVFR,0.4402945867636842,anti-toxic
GFSLVNVHD,0.4402945867636842,anti-toxic
GSFRLIYHC,0.4402945867636842,anti-toxic
GVRINFGID,0.4402945867636842,anti-toxic
GVFCCDNFV,0.4402945867636842,anti-toxic
GYYLRHRGG,0.4402945867636842,anti-toxic
GIFGCNVFG,0.4402836836083838,anti-toxic
GFFGGHGLR,0.4402734303915071,anti-toxic
GYVFNIIHY,0.44026067384552314,anti-toxic
GFGCDVFDS,0.4402414501398813,anti-toxic
GLGHGDCGG,0.4402401647486818,anti-toxic
GSYCGCDDH,0.44023590624989367,anti-toxic
GNLLFNDGF,0.4402258689197912,anti-toxic
GSCYLGVVD,0.44021630447465454,anti-toxic
GNNHDGHGG,0.44020917138689136,anti-toxic
GRLDGNGFV,0.44020917138689136,anti-toxic
GVNRGFVVF,0.44020917138689136,anti-toxic
GGLFYYIDH,0.44019954937136213,anti-toxic
GFHSIYYDV,0.44018397371452767,anti-toxic
GDVVRIGHR,0.44017191048155313,anti-toxic
GLCYRDCGN,0.4401679650220516,anti-toxic
GFNRVYCYG,0.44016483526497,anti-toxic
GHFFCCDCG,0.4401376884664925,anti-toxic
GGYIRNGVF,0.4401376884664925,anti-toxic
GCCYYSGGV,0.4401122569221915,anti-toxic
GFSDRSSFY,0.4401105017325073,anti-toxic
GSLDFGGCS,0.4401018430188603,anti-toxic
GCFRSNHYG,0.4401001343584745,anti-toxic
GHYYHFCVR,0.44009128700462846,anti-toxic
GHRHVVGVR,0.44007698618364804,anti-toxic
GVYFSDSVG,0.4400677481358955,anti-toxic
GSRIRFCDG,0.4400587365993654,anti-toxic
GFYFFVVDC,0.44004994334407993,anti-toxic
GCLGVYGGD,0.4400128732675005,anti-toxic
GLLYHSHCR,0.4399890033057046,anti-toxic
GVRIDFRSG,0.4399794467150958,anti-toxic
GNGRSYNDR,0.4399710806597532,anti-toxic
GLYFHDCLG,0.439965622504692,anti-toxic
GRFGNSDGN,0.43993967433703757,anti-toxic
GCRCCFDDI,0.4399045102155736,anti-toxic
GRFCIYGHC,0.43988668020502397,anti-toxic
GHYRCLNGD,0.43988530171994245,anti-toxic
GCFGHGVVS,0.4398832468073145,anti-toxic
GFDHIGGFV,0.43988069955837295,anti-toxic
GCNFDIGFH,0.43987319730003294,anti-toxic
GHLGSGVCG,0.4398587926007198,anti-toxic
GCCRFINDD,0.43984513575626955,anti-toxic
GRFSRYVCN,0.43984411453927785,anti-toxic
GFNVNYRVD,0.4398385698127995,anti-toxic
GFLSGGDGG,0.43981984416951087,anti-toxic
GLFFSNIFL,0.43980811202979514,anti-toxic
GVLCVVSSG,0.4398058330881972,anti-toxic
GGHGRFGLR,0.4398043258931603,anti-toxic
GNNISYVSD,0.4397969316958501,anti-toxic
GSVCYLRNN,0.4397969316958501,anti-toxic
GHCLYFDDV,0.4397841903694229,anti-toxic
GGHFDYDFG,0.43977607771961963,anti-toxic
GFCLSFDCG,0.43974808791444525,anti-toxic
GGYGVCGCG,0.43973952709833036,anti-toxic
GFYICLRSG,0.43973952709833036,anti-toxic
GIFSLLNGY,0.4397340132630123,anti-toxic
GGCYHRGGG,0.4397173316039687,anti-toxic
GCICFDGYD,0.4397158385237532,anti-toxic
GFCGCFVVR,0.4397085436866098,anti-toxic
GCNHVFCVN,0.43970383284892145,anti-toxic
GSLDRSDID,0.43970383284892145,anti-toxic
GYGVHGSLG,0.4396947567790388,anti-toxic
GVFLGSVCG,0.4396819455434178,anti-toxic
GVVHCVGYV,0.4396758739997622,anti-toxic
GYCIRSSSG,0.4396588631898698,anti-toxic
GLNFGFNGG,0.43963864275584513,anti-toxic
GLCLSDVCG,0.4396294444273249,anti-toxic
GCVSIFDCS,0.43961103421145153,anti-toxic
GYCDCIDDD,0.43952907388420936,anti-toxic
GFYVSYGSS,0.439485104599296,anti-toxic
GCVSVYSGG,0.43947943972856823,anti-toxic
GFICICGGG,0.43947317401324504,anti-toxic
GVYFGCCVD,0.4394594618284491,anti-toxic
GCGCCCGFV,0.43945722271481574,anti-toxic
GCHLDNFDG,0.4394541578170433,anti-toxic
GGCCCYYDS,0.4394385289671099,anti-toxic
GDCCRYVDI,0.43943470075542995,anti-toxic
GYDVCCDGN,0.43941615582377463,anti-toxic
GCLFGLGCG,0.4394062096123939,anti-toxic
GLDFSDLSG,0.43933269383026263,anti-toxic
GFVIFLDSH,0.43933269383026263,anti-toxic
GSSHLNGFL,0.43933269383026263,anti-toxic
GIFRYLNCD,0.43933269383026263,anti-toxic
GVFDVNDCG,0.43933269383026263,anti-toxic
GDINCGGFN,0.43933269383026263,anti-toxic
GFCGSCCDD,0.43933269383026263,anti-toxic
GCNFHVFDG,0.43933269383026263,anti-toxic
GFNVSDVFY,0.43933269383026263,anti-toxic
GCIYHYVVD,0.43933269383026263,anti-toxic
GFYVGCVHR,0.43933269383026263,anti-toxic
GFFLCLNSC,0.43933269383026263,anti-toxic
GFHGSNGHD,0.43933269383026263,anti-toxic
GYVRDFNCG,0.43933269383026263,anti-toxic
GYYYGCRGD,0.43933269383026263,anti-toxic
GCFVYDSVG,0.43933269383026263,anti-toxic
GLVHLGCVF,0.43933269383026263,anti-toxic
GFRFSNFLG,0.43933269383026263,anti-toxic
GCYLDLSLR,0.43933269383026263,anti-toxic
GVICNNGDD,0.43927940943268606,anti-toxic
GVNHRFYDG,0.4392402218865718,anti-toxic
GCYIHFRGY,0.4392126732458583,anti-toxic
GCSFNFHYD,0.43921044344749816,anti-toxic
GILNLGVCD,0.4391997397554746,anti-toxic
GLVIGNHVD,0.4391931614653987,anti-toxic
GDVRGDGVH,0.4391617453998313,anti-toxic
GCDHFLRFG,0.43915873248930126,anti-toxic
GYGFCCSSG,0.43915237641770627,anti-toxic
GYRNHCSDG,0.4391462453313258,anti-toxic
GCFLFGSFD,0.43914374691325,anti-toxic
GRVGFVSYG,0.43913017833025203,anti-toxic
GFCSYDFDG,0.43912593615822937,anti-toxic
GHIHDFGDR,0.43912151245877673,anti-toxic
GYYVSFHGR,0.4391044181446373,anti-toxic
GINIRLRFG,0.43909621438967794,anti-toxic
GRNVCLIDH,0.43909125623731354,anti-toxic
GDYLFVVDI,0.4390676376841633,anti-toxic
GVHLDCGCG,0.4390565129103649,anti-toxic
GRSYCVCVR,0.4390525941869492,anti-toxic
GFYIYIFFR,0.4390485626576136,anti-toxic
GFSDGSGSV,0.4390285508161492,anti-toxic
GIVDRYFLR,0.43902170600322304,anti-toxic
GFYGVLNSC,0.43902170600322304,anti-toxic
GLSCYVGFY,0.4390167283875129,anti-toxic
GFDFHFDDR,0.4390115888382568,anti-toxic
GCIRSCGCD,0.4390007912677553,anti-toxic
GVFRRSFGF,0.4389979774499923,anti-toxic
GGINFRGHD,0.43898924226479213,anti-toxic
GFHFHSGHG,0.43896355272694765,anti-toxic
GLGCYVGYV,0.4389416136760525,anti-toxic
GLSCGSSCD,0.438928260013759,anti-toxic
GYYCYDVFR,0.4389254790963462,anti-toxic
GCCYGSDDR,0.4389226596705484,anti-toxic
GICDVDFYR,0.4389097758088163,anti-toxic
GFCCRCDCG,0.43890664637498533,anti-toxic
GDFRRIGSG,0.43889379082989216,anti-toxic
GCCGYIGNS,0.43889215839241774,anti-toxic
GFYFFNCVY,0.43887864832951917,anti-toxic
GFCDCFSFD,0.43887864832951917,anti-toxic
GCVYYIRGS,0.4388567546243799,anti-toxic
GSYCILRVN,0.4388567546243799,anti-toxic
GDNCVIRHD,0.43884739432518444,anti-toxic
GSFHHCVCD,0.43884499643830066,anti-toxic
GNCGFFGVN,0.43884094686483155,anti-toxic
GVCDVLDCG,0.43882229950438534,anti-toxic
GRIICNVFG,0.43882229950438534,anti-toxic
GFFSRDYDG,0.43881964653857924,anti-toxic
GFFVCGGIG,0.43881964653857924,anti-toxic
GIDHYVSDH,0.43880595697745334,anti-toxic
GRSNCCDDD,0.43880595697745334,anti-toxic
GRVFCCFDS,0.4387762626434427,anti-toxic
GICFFCFDD,0.43876012356683586,anti-toxic
GRYYCRGHD,0.4387499827782605,anti-toxic
GSYFLYSGD,0.43874302030871004,anti-toxic
GCRRCNCRR,0.43874302030871004,anti-toxic
GCCFIDDSD,0.43873708987601495,anti-toxic
GGFNVFGDD,0.43871409808649015,anti-toxic
GDLLDYRDN,0.4386806977884189,anti-toxic
GFSSDVYVD,0.43867295020821867,anti-toxic
GYCNIFLGD,0.4386630029004867,anti-toxic
GYFCDFVHD,0.4386630029004867,anti-toxic
GGYVSFFCD,0.4386630029004867,anti-toxic
GGCDGFDSC,0.43862709744125394,anti-toxic
GDNDGGHVD,0.4386076611378247,anti-toxic
GHCCYNDGN,0.43859899958714366,anti-toxic
GDYLGCGGN,0.4385927132765527,anti-toxic
GYHFVRGCS,0.4385927132765527,anti-toxic
GFVHCYFFS,0.43858712372113706,anti-toxic
GVFGCFVCD,0.43857277328308647,anti-toxic
GFSSCGGCD,0.4385578595803017,anti-toxic
GSGFCGCCD,0.4385578595803017,anti-toxic
GGSVLYYGY,0.4385578595803017,anti-toxic
GFFCGISDG,0.4385578595803017,anti-toxic
GFIFCCGDD,0.43851506983871297,anti-toxic
GCYLNVDCG,0.43850938650899696,anti-toxic
GFFSGYCSD,0.4385059384275226,anti-toxic
GIHRFHRDN,0.43849973665704794,anti-toxic
GGDCVDDHG,0.4384672777712543,anti-toxic
GRVGGSGVI,0.4384544438203409,anti-toxic
GSVVFGNSS,0.438450877320393,anti-toxic
GFHDFIGLY,0.4384465590974005,anti-toxic
GFCIGDVFF,0.4384412234893889,anti-toxic
GDFGRDRFY,0.43843737283187917,anti-toxic
GFYSCFFDI,0.43842412763716543,anti-toxic
GHCGDDSDG,0.4384220319702668,anti-toxic
GYCNHNVDH,0.43841355172653884,anti-toxic
GFFVVSDGD,0.43841355172653884,anti-toxic
GCYCLYGGD,0.43840115942276425,anti-toxic
GDRFYDSLG,0.4383916436637853,anti-toxic
GFFDYLGYY,0.4383878903788033,anti-toxic
GNRFGFCID,0.4383841070347141,anti-toxic
GVVGSCGFY,0.4383686657276458,anti-toxic
GFCGGGVLD,0.43835915726051594,anti-toxic
GFSDNLRFG,0.43835675076360153,anti-toxic
GHFFLSCCG,0.43834453758619657,anti-toxic
GSHYRVFCC,0.43831917065871046,anti-toxic
GSYCVFCDY,0.43831917065871046,anti-toxic
GCLHCHVFD,0.43831917065871046,anti-toxic
GLYCSCVDD,0.43831168198356724,anti-toxic
GSLDDGSYR,0.43828138738150935,anti-toxic
GFFSGDGFH,0.438270704349266,anti-toxic
GGNRGGVCG,0.43825262741458987,anti-toxic
GFFGSVNYD,0.4382496646358194,anti-toxic
GLCVRHLYG,0.43823737299265986,anti-toxic
GFFFGCGVY,0.4382297599812894,anti-toxic
GYFNYGVCR,0.43820318868929276,anti-toxic
GFRHRGFVD,0.43820318868929276,anti-toxic
GCFISDVHR,0.43820318868929276,anti-toxic
GRCVRNFDG,0.4381812274502851,anti-toxic
GHHFRFFGH,0.4381668019034725,anti-toxic
GVYRRFRCG,0.43814900685628594,anti-toxic
GCFSDCHYR,0.43814266405928703,anti-toxic
GFDIVFCFR,0.4381346393273158,anti-toxic
GNFGCGVVY,0.4381199187279787,anti-toxic
GVYLGCGGV,0.4381199187279787,anti-toxic
GVSLLVGNG,0.4381161818810476,anti-toxic
GRLCHCGVR,0.4381035576836758,anti-toxic
GLDGNSRDN,0.4380775065926543,anti-toxic
GVSFCFVHR,0.4380752857338982,anti-toxic
GLDRGICFR,0.43805723188002,anti-toxic
GLGLNYGVN,0.43805723188002,anti-toxic
GNRNSGGHS,0.43805723188002,anti-toxic
GVFGCRGVG,0.43803008253597325,anti-toxic
GFLCYFHSD,0.4380209079900757,anti-toxic
GGLVHGGFC,0.43801465190234945,anti-toxic
GFFRCYGDG,0.43801465190234945,anti-toxic
GDNHRGRYG,0.43799347420925083,anti-toxic
GIFCCLVFC,0.43798771139293335,anti-toxic
GYGCVFGYC,0.4379855517607075,anti-toxic
GGIYIDSCG,0.4379855517607075,anti-toxic
GYFGVDGCG,0.4379763375891051,anti-toxic
GDYGLVDIY,0.43797216228060276,anti-toxic
GFGFGRGDD,0.43796913075751415,anti-toxic
GYLDCLGCG,0.43795858463782344,anti-toxic
GCCVFLRDR,0.43794517034362146,anti-toxic
GSLCHLDFH,0.43793699531172625,anti-toxic
GRYRYNCVD,0.43793399863769783,anti-toxic
GLCFIFDFD,0.43792035280700486,anti-toxic
GRVRYFFDD,0.43792035280700486,anti-toxic
GNRIHFSFG,0.43791471675447313,anti-toxic
GFYVGGGCD,0.4379101754215242,anti-toxic
GNDYLDGDD,0.4379001653783495,anti-toxic
GYGHVICYD,0.4378998502939878,anti-toxic
GLNVLVDDV,0.437898363027412,anti-toxic
GFGSFSSLG,0.437898363027412,anti-toxic
GFSCCYSVG,0.43789463131794504,anti-toxic
GFFCIYVDS,0.43786795557198893,anti-toxic
GFVDYSGVV,0.43786795557198893,anti-toxic
GCCLNDYGD,0.4378337335569282,anti-toxic
GFYCHCGDG,0.43782603323189134,anti-toxic
GYYLCDCFN,0.43782315292255486,anti-toxic
GSVVGGGFC,0.43781800508807583,anti-toxic
GCCFCYVYS,0.43777552299062406,anti-toxic
GGRIHLDCR,0.43775897131382774,anti-toxic
GCIGGRSCR,0.437750562820388,anti-toxic
GHDNLGVIF,0.43773895082370534,anti-toxic
GHCRNVGID,0.4377334733590115,anti-toxic
GGDFGIRGG,0.4377247894319407,anti-toxic
GLSLLIGDY,0.4377247894319407,anti-toxic
GINVDGFFR,0.43767571172903175,anti-toxic
GVCGYDFYD,0.43767063867540823,anti-toxic
GFIYCCFYD,0.43767063867540823,anti-toxic
GFSNFDFFS,0.437652635712241,anti-toxic
GFCVLSSYD,0.4376517686951791,anti-toxic
GSHCRNGFY,0.43763733260676174,anti-toxic
GYSIHDGRR,0.4376338588206074,anti-toxic
GDNHILFGR,0.4376272106981293,anti-toxic
GFVGRDGGS,0.4376246192541488,anti-toxic
GFSLDLCCG,0.43761271343598884,anti-toxic
GDHVISDGN,0.43761271343598884,anti-toxic
GSILRSVCD,0.43761271343598884,anti-toxic
GCFCHGGVD,0.43761271343598884,anti-toxic
GCVVDLLIR,0.43761271343598884,anti-toxic
GCSFGFVFR,0.43758113871629023,anti-toxic
GHIYVNCVI,0.43756880317035274,anti-toxic
GCCDYFVID,0.43755814354436673,anti-toxic
GCCSFFNDG,0.4375506048220963,anti-toxic
GFRYIDDVR,0.4375506048220963,anti-toxic
GRVDRRVVF,0.4375506048220963,anti-toxic
GFCICVGID,0.4375343704246998,anti-toxic
GCSGYIIHN,0.4375343704246998,anti-toxic
GCHRLSGIG,0.4375197983328546,anti-toxic
GSSVICGHR,0.43749471466283985,anti-toxic
GCFDCNSGG,0.4374863130514181,anti-toxic
GCRFCDVLG,0.437466971388214,anti-toxic
GVNYCFHID,0.43744854995571125,anti-toxic
GCVCVSDDG,0.437441865879929,anti-toxic
GFDGVFFYN,0.43743648437674965,anti-toxic
GDCDIDRGS,0.43743205849082845,anti-toxic
GFVSRCGYV,0.43742835443933176,anti-toxic
GSDGICVDD,0.4374118836141889,anti-toxic
GLGVRGCCD,0.4374077212932854,anti-toxic
GCLSNCGCG,0.4373948526965619,anti-toxic
GCYDGFVVS,0.4373754507637015,anti-toxic
GCGYCLDCY,0.437326711132664,anti-toxic
GDYGLDDVN,0.43732538660982645,anti-toxic
GHYCSRGCS,0.43732218114936455,anti-toxic
GYYVRLCVD,0.43731070057131205,anti-toxic
GRHGRNSSG,0.4373032766705623,anti-toxic
GFFGCIGIS,0.4373032766705623,anti-toxic
GGVLFFLSG,0.43728301557851224,anti-toxic
GCIVLDDFL,0.4372806742358384,anti-toxic
GLDLDDCCD,0.4372806742358384,anti-toxic
GGFDGGDYD,0.4372786407411287,anti-toxic
GHHGVYNGH,0.43727685812429806,anti-toxic
GFCFHCGIG,0.437266513074956,anti-toxic
GIHVRCCCY,0.4372497426819702,anti-toxic
GHFSYDHDV,0.4372497426819702,anti-toxic
GSNGHGGVI,0.4372497426819702,anti-toxic
GFCGHDGLH,0.4372153717047924,anti-toxic
GCVCFCHDG,0.4372048381188424,anti-toxic
GIVFSHGCS,0.43719330781971116,anti-toxic
GSCDCDHVY,0.43719330781971116,anti-toxic
GVCINFCVD,0.43719330781971116,anti-toxic
GYCFCCGGG,0.43715795477464275,anti-toxic
GIHVRSDDY,0.4371337297303245,anti-toxic
GFVCNFYVS,0.4371337297303245,anti-toxic
GRGCSGGHG,0.4371337297303245,anti-toxic
GHCCCCGGG,0.4371337297303245,anti-toxic
GLCCVSDFG,0.43712839182701874,anti-toxic
GCYIDHVYV,0.4371225390251458,anti-toxic
GCVIRNGYC,0.43711609304807864,anti-toxic
GVSFDYFFF,0.43711609304807864,anti-toxic
GHFHIYFGR,0.43709758821805766,anti-toxic
GNDIGGDDD,0.43709213263418584,anti-toxic
GIIVCLFYN,0.4370799571205977,anti-toxic
GSGGNFGHG,0.43704262345926864,anti-toxic
GFCSFCGLG,0.43703289231498565,anti-toxic
GDVDSCGLS,0.43700403151168,anti-toxic
GVHGCFGHG,0.4369894835012305,anti-toxic
GCVYSLCGS,0.4369894835012305,anti-toxic
GLRDIGFFR,0.43690871833629397,anti-toxic
GRNVRSVVS,0.4369007551094882,anti-toxic
GCLYDCGFC,0.4368851467613796,anti-toxic
GCHLSIFYG,0.43688365830713344,anti-toxic
GCCHYNDFR,0.43688003594141495,anti-toxic
GYVFDSSGG,0.43687209528260584,anti-toxic
GCYGDDFIY,0.4368580747024073,anti-toxic
GSSLSDIGN,0.4368580747024073,anti-toxic
GCLSYDCGS,0.4368580747024073,anti-toxic
GFYLCLRRH,0.4368217558752377,anti-toxic
GFVFVSGYC,0.43681868112608174,anti-toxic
GGCYRFVSD,0.4368129508536573,anti-toxic
GVCSFVSGY,0.43680526973159584,anti-toxic
GLDHVCGFF,0.4367940619553088,anti-toxic
GGDCSCFVD,0.4367613749992052,anti-toxic
GFFGIDCVF,0.4367597401651586,anti-toxic
GLVVSVDGY,0.436755270942452,anti-toxic
GCSDCISDG,0.43675016204639094,anti-toxic
GCVVLSDFD,0.4367458232884732,anti-toxic
GVCDGSGFL,0.43672361426754575,anti-toxic
GCVRRVVVS,0.43669259766405427,anti-toxic
GFYHYLCCG,0.43669259766405427,anti-toxic
GLNDFLGFC,0.43669259766405427,anti-toxic
GFDVYSSVG,0.43669259766405427,anti-toxic
GNDFGVCYD,0.43669259766405427,anti-toxic
GCDVRLFGY,0.43669259766405427,anti-toxic
GNYDYIRGD,0.43669259766405427,anti-toxic
GCFFCSSFR,0.4366601039689358,anti-toxic
GFYLCDNGG,0.43662972932551025,anti-toxic
GSDLSLRYG,0.4366246914045299,anti-toxic
GSVGNYDGF,0.43662003990231113,anti-toxic
GVVIGFGVR,0.43661611043562426,anti-toxic
GHRGFVDVG,0.43661173098811007,anti-toxic
GGCHRDDLD,0.436601272990833,anti-toxic
GRNRVDRCR,0.43659907392565317,anti-toxic
GCNYNFVYR,0.4365637937832545,anti-toxic
GFGNGYYDN,0.4365576397754905,anti-toxic
GRHIRCGYH,0.4365531996587158,anti-toxic
GGSLCCGFD,0.43654338121115077,anti-toxic
GIDLGDGYD,0.43654338121115077,anti-toxic
GCDLVNVYN,0.4365034038113984,anti-toxic
GHGGCICDS,0.4365034038113984,anti-toxic
GVRNSVRDD,0.4364909357289486,anti-toxic
GNYYYDVLF,0.43647413967056303,anti-toxic
GLSDCFGVG,0.43647413967056303,anti-toxic
GCGHDFDNG,0.43646716579711703,anti-toxic
GVDFYGGIS,0.4364622638045564,anti-toxic
GVCFFLGFF,0.43643416595044615,anti-toxic
GDLDVGFVR,0.43643416595044615,anti-toxic
GYYIYDCGG,0.43643416595044615,anti-toxic
GVGVHCGGG,0.4363982604912133,anti-toxic
GVSGCCGYV,0.4363982604912133,anti-toxic
GCFFCSCVG,0.4363982604912133,anti-toxic
GVHVILVGR,0.4363898479258244,anti-toxic
GLFVYVNDY,0.4363507680660029,anti-toxic
GRFHDVRDR,0.4363363995863436,anti-toxic
GIDFRVRFG,0.43633484394826816,anti-toxic
GGCYNDLFY,0.4363271836905374,anti-toxic
GIYCCIDFR,0.4363271836905374,anti-toxic
GRCDGGDDN,0.4363124295847147,anti-toxic
GRFNGDGVH,0.4362850007482573,anti-toxic
GCDFVGGHG,0.4362850007482573,anti-toxic
GRHCFLRSG,0.4362850007482573,anti-toxic
GLYLHFHNR,0.43627223057368525,anti-toxic
GFYHFNGFF,0.43626242885657046,anti-toxic
GFFCSYSSG,0.43624837151685175,anti-toxic
GLGLRHGRR,0.43624161685312074,anti-toxic
GGFYRLVVF,0.43622094551482216,anti-toxic
GYLVLNVFD,0.4362162669533994,anti-toxic
GCYYCFRYR,0.4362162669533994,anti-toxic
GHVVGLFGN,0.4362162669533994,anti-toxic
GCVIHCGVR,0.4362162669533994,anti-toxic
GGYGSCGCD,0.4362162669533994,anti-toxic
GDRYLLHYG,0.4362108511011755,anti-toxic
GDYHRSGGY,0.43620885103908713,anti-toxic
GSVGDVYDG,0.4361941473295856,anti-toxic
GICFCLGFV,0.43618789745396724,anti-toxic
GLGIHVGLR,0.43618789745396724,anti-toxic
GFVRCDFFG,0.43618789745396724,anti-toxic
GSFRCSNFG,0.43616390659734444,anti-toxic
GLDNDGGGG,0.436162647040756,anti-toxic
GFDFCHCIG,0.4361510350440734,anti-toxic
GFVRCDIYG,0.43614730121711515,anti-toxic
GHLFCVCDN,0.436130508027798,anti-toxic
GFRCYDNNN,0.43610714969458086,anti-toxic
GYDFLDVYS,0.43610564315309003,anti-toxic
GFYHNNHLN,0.4360844028315716,anti-toxic
GFFGLHGFV,0.4360828065157452,anti-toxic
GSCVDCDDR,0.4360724813915946,anti-toxic
GNCLCGDGG,0.436057705220922,anti-toxic
GVCHRIVFS,0.4360549840690267,anti-toxic
GGFFLFNCR,0.43603712693278507,anti-toxic
GDFYSFGHD,0.43603005828017705,anti-toxic
GCFFDGHFY,0.43603005828017705,anti-toxic
GDLLSLFVD,0.43602166522425967,anti-toxic
GRYNCVVFD,0.4359990737632086,anti-toxic
GNVVRNVID,0.4359833624592726,anti-toxic
GDFNDFGSS,0.4359738643897055,anti-toxic
GCCFRFCGG,0.4359467531791403,anti-toxic
GCSVGLRLD,0.43594377991366257,anti-toxic
GFLFSVVDG,0.4359353272334707,anti-toxic
GGGHCYCDG,0.4359353272334707,anti-toxic
GCDISCRSG,0.4359353272334707,anti-toxic
GVVHCHGFR,0.4359168407172647,anti-toxic
GDDRFGCVG,0.4359135331425566,anti-toxic
GGVIYVDGG,0.43589589550529234,anti-toxic
GFVIFDFDR,0.43588589413548284,anti-toxic
GHSYRCGHS,0.43587702093253017,anti-toxic
GCHRNFSYG,0.435859756537787,anti-toxic
GFDHHYIHD,0.4358270378720062,anti-toxic
GIFYSSGYF,0.4358089870196624,anti-toxic
GFNNCIGFY,0.43579016724708114,anti-toxic
GSYVGVLYG,0.4357874130656129,anti-toxic
GCILFFGFG,0.4357804534969753,anti-toxic
GFDGSCDDD,0.43577666152559746,anti-toxic
GDFRYVCGR,0.4357557801426877,anti-toxic
GVDLCSGCD,0.43574474410127667,anti-toxic
GDGCGGGDN,0.43572856956143735,anti-toxic
GFSGYDFID,0.43572856956143735,anti-toxic
GVSVCLGGS,0.43572856956143735,anti-toxic
GDCGLYDGD,0.43572856956143735,anti-toxic
GFNYGGHVF,0.43572856956143735,anti-toxic
GDGVFIDCD,0.43572856956143735,anti-toxic
GIFFCLDGD,0.43572856956143735,anti-toxic
GGHSDFGLR,0.43572856956143735,anti-toxic
GVVCYCGDG,0.43570911148746727,anti-toxic
GVRGCVGGD,0.4356841609022747,anti-toxic
GLYLRCHHR,0.4356833987795668,anti-toxic
GGHYRFVDG,0.4356791589598819,anti-toxic
GVRLICGLG,0.43567514752042,anti-toxic
GLRIRNFDR,0.43563864421027165,anti-toxic
GVFGNFVVR,0.4356320489516605,anti-toxic
GCDCSSRFR,0.4356048213110195,anti-toxic
GRFFISHYG,0.4356031363761814,anti-toxic
GFIGINGSG,0.43559871622457425,anti-toxic
GCFSNLNGN,0.43559871622457425,anti-toxic
GCGVRVGYI,0.4355883388589264,anti-toxic
GCYGINGGG,0.4355829064770924,anti-toxic
GNFDGGVCG,0.4355700389950108,anti-toxic
GFDINYFDG,0.43555619627800635,anti-toxic
GFSRVFGCN,0.4355384052714492,anti-toxic
GFGYVHDGG,0.4355251052888458,anti-toxic
GSCYFIHDY,0.43549501511541966,anti-toxic
GDLCCRGCS,0.43549501511541966,anti-toxic
GGHINGGCS,0.43549501511541966,anti-toxic
GCGVNCGGG,0.4354636750842386,anti-toxic
GLRCRGNFG,0.4354512718089688,anti-toxic
GVFRDDVFL,0.43544865045287273,anti-toxic
GFYNDNGHG,0.43544462415615875,anti-toxic
GIRSFGHVN,0.4354102885051227,anti-toxic
GFLHFVHFL,0.4354102885051227,anti-toxic
GCNVIDLIY,0.4354102885051227,anti-toxic
GVFLYRGCS,0.4354102885051227,anti-toxic
GDNVVDRCR,0.4353853893919378,anti-toxic
GVYVIYDDF,0.43538238023907805,anti-toxic
GDDRVSVFD,0.43538019833169656,anti-toxic
GSCCSYGCS,0.43537854376622304,anti-toxic
GNFCVFDSN,0.43536650661266124,anti-toxic
GYSVCGNYD,0.4353299513765887,anti-toxic
GHDIGSFVR,0.43531696476161597,anti-toxic
GIYHVSCFS,0.4352958167255772,anti-toxic
GFNYFVGCV,0.4352949255095291,anti-toxic
GFCNYVVHS,0.43528518567208035,anti-toxic
GLGSGSNYG,0.43527237783681977,anti-toxic
GCVGCCGDG,0.4352588080425115,anti-toxic
GSFVRFGHG,0.43524575185534126,anti-toxic
GCVVFYRSG,0.4352290933914853,anti-toxic
GNYYRVGHY,0.4352290933914853,anti-toxic
GICVNGYVY,0.4352290933914853,anti-toxic
GGRNHHRDN,0.4352290933914853,anti-toxic
GFCCGSDIY,0.4352161276354305,anti-toxic
GCDYYYGYV,0.43518806609166705,anti-toxic
GSYGGSHYG,0.4351683444080455,anti-toxic
GSLLYGVGD,0.4351567531761264,anti-toxic
GGHNRCSVG,0.4351567531761264,anti-toxic
GCCCFSGGN,0.43512302130386943,anti-toxic
GCFNFSGCV,0.43512302130386943,anti-toxic
GSVHFVDNG,0.4351121117121509,anti-toxic
GCRVIFSGG,0.4351121117121509,anti-toxic
GFCYVFHHY,0.435095640887008,anti-toxic
GDFCFCNDG,0.43509077203291396,anti-toxic
GRNNYRDVD,0.43509077203291396,anti-toxic
GNCRLCNYD,0.43509077203291396,anti-toxic
GCYRGSDGG,0.43508843949277665,anti-toxic
GGFYCFHFG,0.43508707094863586,anti-toxic
GFVVHGCVG,0.4350599097189511,anti-toxic
GFGFCFRGR,0.4350599097189511,anti-toxic
GGCIFLGGG,0.4350599097189511,anti-toxic
GNRYYGGLR,0.43504333074615203,anti-toxic
GLHCHNFDG,0.4350343502049571,anti-toxic
GILFGDVIR,0.4350199028577093,anti-toxic
GCCDFDGSD,0.43501456285412,anti-toxic
GLGCGDRFR,0.4350034158082164,anti-toxic
GFFHCVYYG,0.4349980488140814,anti-toxic
GLSYHCHGR,0.4349953354147799,anti-toxic
GCCGYDLVD,0.43499281278615987,anti-toxic
GYYLDYVVR,0.4349817173018796,anti-toxic
GCHRRGVVH,0.4349807527913824,anti-toxic
GIVDSFGID,0.4349807527913824,anti-toxic
GIVIGGGGD,0.4349786220742645,anti-toxic
GRVDDDGHV,0.43497227083621937,anti-toxic
GYNDCFFFS,0.43496997638707163,anti-toxic
GLCGFRLCC,0.4349235749252076,anti-toxic
GRSRSLGLD,0.4349235749252076,anti-toxic
GFCNLLGID,0.4349235749252076,anti-toxic
GVDRCLFVS,0.4349235749252076,anti-toxic
GHIYFINSY,0.4349235749252076,anti-toxic
GYDLGFNVD,0.4349235749252076,anti-toxic
GSCVYNGFL,0.4349073714187454,anti-toxic
GVYVRLDDV,0.43489157680532553,anti-toxic
GGFVRDGCL,0.4348569295660799,anti-toxic
GCHCNCGYS,0.4348520920048086,anti-toxic
GFFRRVCIS,0.4348422539846267,anti-toxic
GCRYDNGCD,0.43483219260358624,anti-toxic
GFVFSDGLS,0.4348228456004134,anti-toxic
GFCRLCGID,0.43481547424464867,anti-toxic
GIGFYFVFD,0.4348113686251639,anti-toxic
GIISHFGYI,0.43478823853212006,anti-toxic
GHCIDGFFR,0.4347623967894169,anti-toxic
GFSGNCGLS,0.43475880105598386,anti-toxic
GIFNGDCVF,0.43475880105598386,anti-toxic
GRGYLYSCG,0.43475410783242446,anti-toxic
GFGNCLNDD,0.4347530962255099,anti-toxic
GFIVCCGCG,0.43474538455163253,anti-toxic
GLCHDDRID,0.434727659964446,anti-toxic
GGVIVYDCD,0.4347174061665751,anti-toxic
GSCGFCVVF,0.4347174061665751,anti-toxic
GSFHSFVVG,0.4347042896481916,anti-toxic
GIFFHCDVG,0.43469856353117714,anti-toxic
GLYVNLFVD,0.43469330212983226,anti-toxic
GLFDYDCVF,0.4346877887844991,anti-toxic
GFHFGCSFD,0.4346839641704932,anti-toxic
GNYLVFVCD,0.43468115544813274,anti-toxic
GGYCDHYVD,0.43466894499488296,anti-toxic
GSYLGLCDG,0.4346482344722498,anti-toxic
GGSFRIFGR,0.4346375726218828,anti-toxic
GFHCFYSGG,0.43462713736593767,anti-toxic
GFSIRDVCS,0.4346019943981831,anti-toxic
GNIFIDDLH,0.43456890403419873,anti-toxic
GVVDDLIDI,0.43456890403419873,anti-toxic
GICYCLDVR,0.43456890403419873,anti-toxic
GIIGCFSGY,0.43456890403419873,anti-toxic
GFFVFVDGF,0.43456890403419873,anti-toxic
GLGVYFSCD,0.43456890403419873,anti-toxic
GFHYVSHCR,0.43454625562961985,anti-toxic
GFYCYLFHG,0.4345338109484939,anti-toxic
GNGFCFNFD,0.4345306587361331,anti-toxic
GCVLYDNFR,0.4345227049509252,anti-toxic
GFHLCGGYG,0.43451725662186463,anti-toxic
GIFVGFVDR,0.434491010664444,anti-toxic
GDSSVNDGH,0.43448219831762885,anti-toxic
GNRYIYFFS,0.4344480036069613,anti-toxic
GVDVRSDGG,0.434437650978678,anti-toxic
GVCCDGDCG,0.43440189980914395,anti-toxic
GYCGIYGVG,0.43439346695570585,anti-toxic
GSYVRLCDH,0.43439227779361467,anti-toxic
GCHCGFGSG,0.43438549899216367,anti-toxic
GSNRGDVVG,0.4343852225381394,anti-toxic
GFYCHHFVD,0.4343837433057903,anti-toxic
GCFILDRGH,0.4343692742987125,anti-toxic
GGRYSLRYS,0.4343692742987125,anti-toxic
GGINRGCCG,0.4343692742987125,anti-toxic
GFYDCCGGD,0.43433938170952063,anti-toxic
GNICSYGVG,0.4343322957570832,anti-toxic
GLCILGGFN,0.4343322957570832,anti-toxic
GIGLNLVGR,0.43431520713625205,anti-toxic
GCFVSFCCG,0.434313041602818,anti-toxic
GCVSIIRIR,0.43431189245521185,anti-toxic
GVFYFDSLD,0.43427850316620464,anti-toxic
GIFDDCVDN,0.43427603713219803,anti-toxic
GFGHFGGFL,0.4342687548023945,anti-toxic
GFYCVYYDG,0.4342509669395938,anti-toxic
GNHRFLGHG,0.43424125823827103,anti-toxic
GLHVSCGYY,0.43424125823827103,anti-toxic
GNGLHGVLD,0.43424125823827103,anti-toxic
GYFCSYRVD,0.43423263264155376,anti-toxic
GYDICVDDS,0.4342242574169147,anti-toxic
GHDGVCDFG,0.43422276069873617,anti-toxic
GFCLGGRVD,0.43420821570910356,anti-toxic
GVIHYCCLG,0.43417181001202515,anti-toxic
GFCFCYHFS,0.43415914390765464,anti-toxic
GLSLVYSGY,0.43415218132648237,anti-toxic
GCYHDNCLD,0.43415218132648237,anti-toxic
GCSGICVVD,0.43415218132648237,anti-toxic
GVGVVDRGG,0.43415218132648237,anti-toxic
GFGDLLLSG,0.43411708540485805,anti-toxic
GYYDRSCVS,0.4341079510647943,anti-toxic
GHGVRDCFN,0.4341064637116285,anti-toxic
GIHGHLGFI,0.43410133411797464,anti-toxic
GIIHYGGFC,0.43408662249446056,anti-toxic
GLLICSSFS,0.43408662249446056,anti-toxic
GYSHFSCFV,0.43408662249446056,anti-toxic
GRGVYDCDN,0.43406845383790543,anti-toxic
GSIFSFGVN,0.43406845383790543,anti-toxic
GVFVGVDYD,0.43404198692950174,anti-toxic
GCCLGLGFG,0.4340363540203142,anti-toxic
GFSCHYGSS,0.4340363540203142,anti-toxic
GNVYNGGCG,0.4340267352014324,anti-toxic
GCSGDVGHR,0.43402210574742034,anti-toxic
GHCSHGSFD,0.43400175026093146,anti-toxic
GSCGRSGLS,0.43399658528424834,anti-toxic
GGFRGFSDR,0.43399658528424834,anti-toxic
GICVIIDGD,0.43399658528424834,anti-toxic
GLYCFDNFH,0.43399658528424834,anti-toxic
GFCDFVDNY,0.43399658528424834,anti-toxic
GGYNIIFYS,0.43398790798513615,anti-toxic
GRICDSDGH,0.43397966131324284,anti-toxic
GFYFVCDGF,0.4339643376895127,anti-toxic
GVYGLCGVR,0.43395308405900007,anti-toxic
GIGGHVSDG,0.4339376619435565,anti-toxic
GFCSRNVDG,0.4339376619435565,anti-toxic
GCNNCVGGD,0.4339376619435565,anti-toxic
GIVDGGSFD,0.4339376619435565,anti-toxic
GYFGFFDGF,0.4339297656084641,anti-toxic
GIYCGDGYH,0.43391522879796907,anti-toxic
GDCLRFFDY,0.43390529900290264,anti-toxic
GIRLIDFVH,0.4338961006743824,anti-toxic
GLNFYDDLF,0.433879597302531,anti-toxic
GLHGVLCVD,0.43387216666969736,anti-toxic
GRYGSCDCG,0.43387216666969736,anti-toxic
GHCRLCGGD,0.433865213118315,anti-toxic
GVLLGNSFN,0.4338413553721665,anti-toxic
GCRFVLCGG,0.4338223727254907,anti-toxic
GNNIDFGFL,0.43378492433581617,anti-toxic
GSFVRLIGN,0.4337769117935236,anti-toxic
GYVYFFHSG,0.4337623590411399,anti-toxic
GFFLGCGHC,0.43375736461505876,anti-toxic
GRDFCRGHD,0.4337558020196642,anti-toxic
GHLLHRHFS,0.4337528164494261,anti-toxic
GDIVLLVSR,0.4337473488458996,anti-toxic
GNLVGGRLG,0.4337424632864165,anti-toxic
GSFVCLGFV,0.4337424632864165,anti-toxic
GFGFFDRHD,0.4337341023045342,anti-toxic
GVYSLFNSG,0.43372567062988643,anti-toxic
GCGCGDYGH,0.43372278398365693,anti-toxic
GFYFCNGFF,0.43372142800200364,anti-toxic
GRCNFDYDY,0.43371539347733223,anti-toxic
GYRRLDCVG,0.43365556093857216,anti-toxic
GYCLSNCLG,0.43365556093857216,anti-toxic
GGCGVVSNF,0.43365556093857216,anti-toxic
GFFLGGGVD,0.43365556093857216,anti-toxic
GSLSHSGLD,0.43365556093857216,anti-toxic
GFCCYSCVG,0.43365556093857216,anti-toxic
GGCDLGYFD,0.43365556093857216,anti-toxic
GCGFGYSVR,0.43365556093857216,anti-toxic
GFYVCSDGH,0.43365556093857216,anti-toxic
GGGILVGHR,0.43363341153237567,anti-toxic
GSCGGLRFG,0.4336265159974542,anti-toxic
GCYDFCDCY,0.4335767344601085,anti-toxic
GFFGRNFIR,0.43357273563424875,anti-toxic
GRCSLGCVG,0.43356591402280265,anti-toxic
GDNCSHGVG,0.4335527409526355,anti-toxic
GCYCFCVYD,0.4335499702543896,anti-toxic
GICVVLGFD,0.4335319887420055,anti-toxic
GLYHVIGHF,0.43352712844261815,anti-toxic
GIRGILVYG,0.4335161629332337,anti-toxic
GCFYCGGFV,0.4334874577888429,anti-toxic
GFNIDFNDG,0.4334681631009705,anti-toxic
GRDLCCVVN,0.4334681631009705,anti-toxic
GGFGFLGVR,0.4334505116043082,anti-toxic
GYDHFCNFR,0.43344386486715974,anti-toxic
GVFICYDNG,0.43341893654701896,anti-toxic
GDGSCNFFS,0.43340926916529643,anti-toxic
GGYVCVGVR,0.43340291725378394,anti-toxic
GIRLIYGFS,0.4333465644958656,anti-toxic
GCVFNGGFG,0.43334233014107526,anti-toxic
GFVLYDLDG,0.43334233014107526,anti-toxic
GRYRGYSDH,0.43333827201578,anti-toxic
GYCFNDDDR,0.43333198376087906,anti-toxic
GLGLVLGID,0.4333265499516978,anti-toxic
GIRCRSHGR,0.4333265499516978,anti-toxic
GGVRYVGIG,0.4333162948624928,anti-toxic
GLCIDCDCG,0.4333142685973118,anti-toxic
GCCYRHGLR,0.4333090954380245,anti-toxic
GNFRGVGLD,0.4333090954380245,anti-toxic
GLHLVYGCS,0.43329826393618703,anti-toxic
GCLHCSHHY,0.43329639249750546,anti-toxic
GIYHHVRGG,0.4332827226138534,anti-toxic
GLIVGNFFY,0.43327210870826477,anti-toxic
GFGHSFIVR,0.43326797101378056,anti-toxic
GRHVGFFFD,0.4332283553641501,anti-toxic
GFFVNHFDN,0.4332157690205808,anti-toxic
GIYCYNNDN,0.4332157690205808,anti-toxic
GDDYGFVHD,0.4332124535044713,anti-toxic
GHHVVLSCG,0.43318401422351305,anti-toxic
GYSDCDNFG,0.4331723851254442,anti-toxic
GDFGVHVYD,0.4331699901345191,anti-toxic
GCHCFVGFV,0.43312673958628783,anti-toxic
GCIYVDFCR,0.43311950514300535,anti-toxic
GVRFDNGCD,0.4330750308669635,anti-toxic
GVGFCVSYG,0.4330715700636142,anti-toxic
GHYGRDYLR,0.43306907269022016,anti-toxic
GGHGYDFDD,0.43305362808836206,anti-toxic
GIISGDVFG,0.43304232378231344,anti-toxic
GVHDCVDSG,0.43302454814045177,anti-toxic
GCIGFGSFG,0.43301422021374647,anti-toxic
GCCYSDFCD,0.43301422021374647,anti-toxic
GLLFVDGFL,0.43299251579924364,anti-toxic
GHYYRDILY,0.43299251579924364,anti-toxic
GVHLSSSYD,0.43298895377484387,anti-toxic
GRYCDDSVR,0.4329766084504917,anti-toxic
GSIISIGFH,0.4329495056994904,anti-toxic
GVRSRGGCS,0.4329495056994904,anti-toxic
GNFFFSGCR,0.43294067274109477,anti-toxic
GDNRLLRSR,0.43291759222760895,anti-toxic
GNDVNGFFR,0.43291759222760895,anti-toxic
GVRYIDHSG,0.43291759222760895,anti-toxic
GLSCGDHGG,0.43289858382485275,anti-toxic
GSHFGVHFR,0.43289702076267356,anti-toxic
GVSCYGGFG,0.4328929716611519,anti-toxic
GLGNCDRFV,0.4328902841204598,anti-toxic
GYCLVCRDG,0.4328734004715899,anti-toxic
GYHYSINSC,0.4328734004715899,anti-toxic
GFICNGDCG,0.43285543270137317,anti-toxic
GGDHHSDFN,0.43284425025632883,anti-toxic
GICFSGNFG,0.4328081568025866,anti-toxic
GGHCVCGIS,0.4328081568025866,anti-toxic
GFRNLCGIF,0.4328018266713049,anti-toxic
GFNSCRDYG,0.4327962097169937,anti-toxic
GYCGSLCFD,0.4327866820587494,anti-toxic
GCRCIFSGS,0.4327866820587494,anti-toxic
GGCYYDGVF,0.4327866820587494,anti-toxic
GGDIRINGG,0.43278151374242757,anti-toxic
GDLYGIHDR,0.4327775198245553,anti-toxic
GGGFFDCFG,0.43277553129215524,anti-toxic
GFDYFHDFD,0.4327669785684254,anti-toxic
GFYCNGHFY,0.43276021064157677,anti-toxic
GFYCNSSDG,0.43275472161557327,anti-toxic
GHSCHFVFS,0.43274636071417233,anti-toxic
GCIGVDCFN,0.43274029298779065,anti-toxic
GGDVYDDLF,0.43272916450815735,anti-toxic
GIFFYDDYI,0.43272476333582843,anti-toxic
GDRRYGCVD,0.43271920271161823,anti-toxic
GFCSFFDGV,0.43270211493124955,anti-toxic
GFYFCSGYL,0.43270211493124955,anti-toxic
GGHIRSGVR,0.43270211493124955,anti-toxic
GCIDYVLDS,0.43270211493124955,anti-toxic
GIFDLVSDG,0.43270211493124955,anti-toxic
GYDFYNCLG,0.43270211493124955,anti-toxic
GFCCGVGCG,0.43265334245863907,anti-toxic
GIFFYCDCG,0.43264866001310676,anti-toxic
GCRLNDRCG,0.43264791667701735,anti-toxic
GIHCIFGCD,0.4326270359299556,anti-toxic
GIIFRNVCG,0.4326270359299556,anti-toxic
GCYDYDDCF,0.4326227555008043,anti-toxic
GNHCLVGHN,0.43261533413729447,anti-toxic
GFCFYVIDY,0.4325993111712943,anti-toxic
GSFGLNGSD,0.4325993111712943,anti-toxic
GCCSGNSVG,0.4325888551882936,anti-toxic
GGFIVSGID,0.43257603146922213,anti-toxic
GCYSCFDSV,0.43257603146922213,anti-toxic
GSNLVFGFY,0.4325700503166076,anti-toxic
GYYVRVHGH,0.432568465297358,anti-toxic
GSCNFVGFY,0.4325677321877777,anti-toxic
GRRLLFVGS,0.43253912206692197,anti-toxic
GCNCYDNCI,0.43253912206692197,anti-toxic
GCSDVNHHV,0.43253912206692197,anti-toxic
GCFNSFFDG,0.43252898577531784,anti-toxic
GCVSGGDFY,0.4325214975521009,anti-toxic
GFHHVVVDY,0.43251750515932913,anti-toxic
GLGGYGRSG,0.4325111742898343,anti-toxic
GDDGDDHFH,0.4325029303574131,anti-toxic
GHVVRLNCG,0.43249959943123895,anti-toxic
GVCFDSVFY,0.43249959943123895,anti-toxic
GLRHSGGFC,0.4324932692999572,anti-toxic
GVYRLDCVG,0.4324892776410778,anti-toxic
GYRYNDCGG,0.4324892776410778,anti-toxic
GRFVLDCCS,0.4324771364491609,anti-toxic
GHFRYDDYS,0.43247165884629646,anti-toxic
GICLHDCYY,0.43244233410831373,anti-toxic
GFYYCFFVD,0.43244075040689095,anti-toxic
GFCSLFDDI,0.43243477452151285,anti-toxic
GFGYRFVGY,0.4324191583160527,anti-toxic
GVCLFFGYD,0.43241151975018105,anti-toxic
GDDCRCVVD,0.43241151975018105,anti-toxic
GSFLHNCDG,0.43241151975018105,anti-toxic
GVHSIIGVG,0.4324099638557385,anti-toxic
GNGFVGGLD,0.43240026699442763,anti-toxic
GRDFSYFVN,0.4323892533766776,anti-toxic
GGIDVCVVD,0.43238736181311516,anti-toxic
GFFDVYDCC,0.43236791369744065,anti-toxic
GYFSCDGHS,0.43235365294815536,anti-toxic
GHCVCDNFH,0.4323390727842585,anti-toxic
GCILCCGGG,0.43230891030330015,anti-toxic
GCCLGGSFG,0.43230891030330015,anti-toxic
GRISRYSNR,0.43230891030330015,anti-toxic
GHSCYCGYV,0.4322843231896466,anti-toxic
GGGIICDGH,0.4322732817309923,anti-toxic
GLGCCIGVD,0.4322609828649793,anti-toxic
GYCVCGGLG,0.4322609828649793,anti-toxic
GGCDDGFFR,0.4322609828649793,anti-toxic
GFIDHIDGY,0.4322564561113283,anti-toxic
GNCGSGDGG,0.4322246058321234,anti-toxic
GCDGCFVCD,0.4322151135752648,anti-toxic
GCFSSGGGD,0.4322095180424468,anti-toxic
GINSGYGGN,0.4321960527994635,anti-toxic
GCCFCFSGG,0.43218785260721226,anti-toxic
GHIDRFSFG,0.432173044673566,anti-toxic
GCSVDFNSC,0.4321706282682752,anti-toxic
GLFYCDVIY,0.4321631385698888,anti-toxic
GICSGNGGD,0.4321541092031393,anti-toxic
GYCSSIGFL,0.4321541092031393,anti-toxic
GGNGYGVVG,0.4321399832787644,anti-toxic
GLFCRGGGS,0.4321382529632681,anti-toxic
GFLYIYGCV,0.4321360395748147,anti-toxic
GSDDRGSFS,0.43212904097709964,anti-toxic
GIDYFLCDD,0.43212904097709964,anti-toxic
GVIVYGSCG,0.4321187777288354,anti-toxic
GGIVVNNCD,0.4321187777288354,anti-toxic
GFVGCFVHR,0.4321131939944884,anti-toxic
GGIFCVSYG,0.43209428490634333,anti-toxic
GCNCHFFFR,0.43209428490634333,anti-toxic
GCHLDGGGS,0.43209428490634333,anti-toxic
GRYGFVDSC,0.43206613849201253,anti-toxic
GDVFDCFDG,0.4320428799844743,anti-toxic
GYFIYSVFS,0.43203695860791186,anti-toxic
GRILSSDDG,0.4320334550887632,anti-toxic
GRDCNGCLF,0.43202949545617664,anti-toxic
GCLCIDFVY,0.43201979824431297,anti-toxic
GFNCCYDGD,0.43200668726959834,anti-toxic
GCSFCLGFY,0.43199823393129666,anti-toxic
GCCRNDVHR,0.43198462842756274,anti-toxic
GFDSCFSDG,0.43197654206113156,anti-toxic
GFLNYYSDR,0.43197654206113156,anti-toxic
GFCVIVGYR,0.43197365933901943,anti-toxic
GCCYYDVCG,0.4319590959614686,anti-toxic
GLYRVDFFG,0.4319590959614686,anti-toxic
GFCFCLVDI,0.4319397168988874,anti-toxic
GLCFVVNSG,0.43190867575105574,anti-toxic
GYLCCGGFI,0.4318963735463205,anti-toxic
GFYCLLLYC,0.4318823247960038,anti-toxic
GDHCIVYDG,0.43186612914490824,anti-toxic
GGYVSYNSC,0.4318595677447739,anti-toxic
GFRNDDCYY,0.43185516668023,anti-toxic
GYYFRCHFH,0.4318412732581135,anti-toxic
GCFYHYVFD,0.4318297454074511,anti-toxic
GCLDLVHDD,0.4318097498760686,anti-toxic
GFRSCDVGY,0.43180828260301857,anti-toxic
GIRLGCCVG,0.431798275933005,anti-toxic
GYVSCGCVD,0.431798275933005,anti-toxic
GFYGHLVDG,0.431762382343836,anti-toxic
GGGYFNGYH,0.431762382343836,anti-toxic
GICVYYFDD,0.43175590367267547,anti-toxic
GCGSCYCVD,0.4317465711312411,anti-toxic
GCCSGIVFD,0.4317465711312411,anti-toxic
GCNVVVGFY,0.4317336264758768,anti-toxic
GDFINFFDR,0.43173196637002353,anti-toxic
GCYRVFSDG,0.4317058630202394,anti-toxic
GCGCHIDFD,0.4317058630202394,anti-toxic
GYLGICGYV,0.4317058630202394,anti-toxic
GFIHIVSDG,0.4317058630202394,anti-toxic
GCIRLSGDI,0.43167298060629955,anti-toxic
GFVYRSVSC,0.43165880118249683,anti-toxic
GGDCYVGGD,0.4316458651639717,anti-toxic
GCFVSIVFD,0.43163240388595736,anti-toxic
GSYFFRSCG,0.4316302842544357,anti-toxic
GNGGGYVYD,0.4316284568271859,anti-toxic
GSGYYGVLD,0.4316089996249738,anti-toxic
GIFIIHGFS,0.4316037721683581,anti-toxic
GYYGFFHDY,0.4316037721683581,anti-toxic
GYGGRLVCG,0.4315987629181184,anti-toxic
GVHSCNGFG,0.4315902541155695,anti-toxic
GSNIVHVHS,0.43158710923045807,anti-toxic
GCFHCDNGD,0.43157260979027967,anti-toxic
GFFSNFDCL,0.43157260979027967,anti-toxic
GSGRYSDGC,0.43156604384680963,anti-toxic
GRFVNDFDG,0.43156291330011465,anti-toxic
GCNYLDVVC,0.43152955705350066,anti-toxic
GISCSCGGG,0.4315140650713382,anti-toxic
GFVCRHVVN,0.4315106341238309,anti-toxic
GNSFCYGFL,0.4315012208722422,anti-toxic
GVLFFGCVD,0.43149039908681364,anti-toxic
GFCVVNFHH,0.43148115691058825,anti-toxic
GYLCSLVGS,0.431473172014939,anti-toxic
GGRCRFDIV,0.4314513323580748,anti-toxic
GSYHLCYDG,0.4314454061334553,anti-toxic
GGVDIRDSC,0.43144146242950554,anti-toxic
GLGLDLVLR,0.43143162797378326,anti-toxic
GHFDIFGGR,0.43143162797378326,anti-toxic
GFCNGYCDS,0.43142888065688323,anti-toxic
GYIFFSSFD,0.43142888065688323,anti-toxic
GLFVNVCDC,0.43141615507308706,anti-toxic
GFCCFGHFD,0.4313898330375271,anti-toxic
GCHIGYSYG,0.4313894172782188,anti-toxic
GFFSVGGVG,0.43136376415898736,anti-toxic
GDFGSDFRL,0.43136376415898736,anti-toxic
GFLFFCVHR,0.43136376415898736,anti-toxic
GVSYGVVDD,0.43136376415898736,anti-toxic
GDCLRGHCL,0.43136376415898736,anti-toxic
GNGSFGGGG,0.43136376415898736,anti-toxic
GNRNGFNSV,0.43136376415898736,anti-toxic
GRDRYLCFS,0.43136376415898736,anti-toxic
GFFGRCNFN,0.4312916282096638,anti-toxic
GVYFHDCFR,0.43128824125089277,anti-toxic
GRCLYFFDN,0.43128642563471503,anti-toxic
GLFISIGHV,0.4312825192832657,anti-toxic
GFSLNCVFD,0.43127422813518734,anti-toxic
GFVYCCNSG,0.43127077743731673,anti-toxic
GFYVDCCYG,0.43125959360412247,anti-toxic
GFGVCCGVR,0.43125862083880223,anti-toxic
GCGSHCGCD,0.4312457653858383,anti-toxic
GNRCYYGVR,0.4312274293652439,anti-toxic
GDHVFGGCG,0.43122387223253916,anti-toxic
GCHHRSCCD,0.4312075712129041,anti-toxic
GFCYHDDGV,0.4311996006787097,anti-toxic
GCRSCDVID,0.431190772927103,anti-toxic
GYCRLDGIG,0.43117741166442963,anti-toxic
GCYHRLSHR,0.4311699259580889,anti-toxic
GVLLCCNSC,0.4311699259580889,anti-toxic
GRSVRLCGH,0.43115749748120674,anti-toxic
GDFVSGHYR,0.43114336604113707,anti-toxic
GCDHNRGFD,0.43110837192469226,anti-toxic
GFYFLDIHR,0.43108634831952997,anti-toxic
GFIDFDCCD,0.43108023584344735,anti-toxic
GFDRISGDS,0.43107384793867276,anti-toxic
GCCSIRFLL,0.43107384793867276,anti-toxic
GCCRGYVDR,0.43106016786427276,anti-toxic
GFYICDGID,0.431039784672196,anti-toxic
GYFFDYHYF,0.431039784672196,anti-toxic
GRCGIFYGY,0.43102853104168337,anti-toxic
GICDFLVVR,0.43098953364733195,anti-toxic
GFCYLNFDR,0.43098953364733195,anti-toxic
GSNNCVGCD,0.4309691303454606,anti-toxic
GICIYVDGS,0.43095807101234135,anti-toxic
GCGVSLDYF,0.4309552086425887,anti-toxic
GFFGYDIGH,0.43094026877496294,anti-toxic
GHLCLCDDY,0.43094026877496294,anti-toxic
GFRYVDIGH,0.43089631406798723,anti-toxic
GYFFYFHDY,0.43089387557443776,anti-toxic
GGRCVDHFH,0.4308760667670253,anti-toxic
GSCHVDGGH,0.43085598517814216,anti-toxic
GYVVSVDLL,0.4308547806912762,anti-toxic
GLFYYRGYG,0.43082123506669323,anti-toxic
GFHSFCGSS,0.4308087551608919,anti-toxic
GNVDGRGYV,0.430788920286969,anti-toxic
GLSGGHVDN,0.430788920286969,anti-toxic
GCCDRYHGS,0.430788920286969,anti-toxic
GFLVFCRGS,0.430788920286969,anti-toxic
GFCLRDVVV,0.4307834627149231,anti-toxic
GSRFICGVN,0.4307828138270607,anti-toxic
GGLHCVGGG,0.43074124713352613,anti-toxic
GGHLINFDR,0.4307325220683451,anti-toxic
GYFRYSGVV,0.43072556495243847,anti-toxic
GLVIIRGCG,0.4307235489491616,anti-toxic
GNCVFLDLY,0.4306999589370482,anti-toxic
GDYDFDDVG,0.43068358472174945,anti-toxic
GDHDGFRFS,0.430663853480661,anti-toxic
GFYICSCCD,0.430663853480661,anti-toxic
GFGDCSDFG,0.43062829491987614,anti-toxic
GLFYSHGLR,0.43062074518920634,anti-toxic
GSYDYDYVY,0.4306136373180447,anti-toxic
GFYVLDGCD,0.4305971364543522,anti-toxic
GVRYRFRVH,0.4305971364543522,anti-toxic
GNYRDIGFL,0.4305822370776451,anti-toxic
GFLSCRFVD,0.430578421301394,anti-toxic
GVIFRYDCD,0.4305644839614302,anti-toxic
GFCFGCGCG,0.43056113239361354,anti-toxic
GFDHCYSDF,0.43055783152272964,anti-toxic
GYDVFVNYG,0.43055004299659566,anti-toxic
GCYGDCGCD,0.4305495684659484,anti-toxic
GNICDNVDR,0.4305163600230018,anti-toxic
GGCRGFGYN,0.4305163600230018,anti-toxic
GYGYIYRGR,0.4305088534854744,anti-toxic
GINHNNVVN,0.4305034097320583,anti-toxic
GVYHHSGSD,0.4304692334989576,anti-toxic
GSRFLLGIS,0.4304692334989576,anti-toxic
GVYDRLCYG,0.4304407149658086,anti-toxic
GINNFRDSG,0.4304322297514889,anti-toxic
GFDFFCDGD,0.43042576275352284,anti-toxic
GVYVVLFDG,0.4304165566255953,anti-toxic
GCGYYCCVS,0.4304024035408503,anti-toxic
GFRRRVHVY,0.43039582954680056,anti-toxic
GGCHLILFN,0.4303482095377722,anti-toxic
GGVNGGGCD,0.4303482095377722,anti-toxic
GISDCSGFC,0.4303295533034093,anti-toxic
GVLLCSGFD,0.43030579900265364,anti-toxic
GCVIGRGCS,0.43030337728846246,anti-toxic
GGDGFDRDV,0.4302810724623055,anti-toxic
GSFCGDRDN,0.43024753025155615,anti-toxic
GCFYCVFDG,0.4302265554148225,anti-toxic
GCDDGNCVG,0.43021331452755485,anti-toxic
GLIYCSVYR,0.43020409863174863,anti-toxic
GCLGLGVVN,0.4301246920434389,anti-toxic
GFCGVIHGY,0.4301246920434389,anti-toxic
GCRGRYGLF,0.4301246920434389,anti-toxic
GCGSNDHYR,0.4301246920434389,anti-toxic
GVLLCNSFS,0.43010568946267913,anti-toxic
GFVISNVYR,0.4300983464168177,anti-toxic
GLYNRYDYN,0.43008175423314104,anti-toxic
GFISFRGSD,0.4300630309519495,anti-toxic
GNFIGCDYR,0.43005761435670375,anti-toxic
GRCVSRCVD,0.4300313856767886,anti-toxic
GCGFGLGSG,0.4300313856767886,anti-toxic
GCRCRGGIR,0.43002659073696725,anti-toxic
GNCFLGGDN,0.42999266757611926,anti-toxic
GVCFGDSFR,0.42999266757611926,anti-toxic
GVHDGCGVY,0.4299714747259551,anti-toxic
GRIDCGDFD,0.42996726291584386,anti-toxic
GFGLVCVDD,0.4299421770241932,anti-toxic
GYISGLNYY,0.4299421770241932,anti-toxic
GRYHCGCYG,0.4299155111056692,anti-toxic
GYGLRLCVD,0.42991161980469744,anti-toxic
GGFHGVGDG,0.4298929378452305,anti-toxic
GFVSFRGID,0.42987104004640847,anti-toxic
GFSCYLGFD,0.4298291530855193,anti-toxic
GRCICDVFD,0.4298291530855193,anti-toxic
GIFHCLYDR,0.4298130719760844,anti-toxic
GRHGVDFVR,0.4298096434391961,anti-toxic
GYGDYDRGN,0.42979514012533404,anti-toxic
GCCLDNFDG,0.42976775395320105,anti-toxic
GFYNFNDLF,0.42976172128942025,anti-toxic
GIFCFDVCV,0.42975228000240795,anti-toxic
GSYRYFHVH,0.42973976449162476,anti-toxic
GRCGIYRYR,0.42972637851942846,anti-toxic
GYLFYSSHG,0.42969660479152433,anti-toxic
GFVVCCDGY,0.42969660479152433,anti-toxic
GNDIISCVG,0.42969660479152433,anti-toxic
GSNFDDGCR,0.42969660479152433,anti-toxic
GSFLDFVGD,0.42969660479152433,anti-toxic
GLGGDGGFH,0.42968130815408184,anti-toxic
GFSDGFCVG,0.42966202032151574,anti-toxic
GFYFRYSGR,0.42963368635868654,anti-toxic
GSCCLCGCD,0.429628934335994,anti-toxic
GIFIDLDSC,0.4296213566787304,anti-toxic
GFIYGCDFG,0.4295832901675025,anti-toxic
GFFFRFSFS,0.42957285654110644,anti-toxic
GNSVYCGLD,0.42957285654110644,anti-toxic
GIYFVHSVG,0.42957285654110644,anti-toxic
GCDCDFSDY,0.42954908628402466,anti-toxic
GVGHHIHDR,0.42952986985573993,anti-toxic
GHYYHLGVS,0.42952562751796125,anti-toxic
GFCYFHDSC,0.42952562751796125,anti-toxic
GFYYCDVYC,0.4295215790769813,anti-toxic
GFDRFDHDC,0.4295140130369308,anti-toxic
GFSFFNRYD,0.4295140130369308,anti-toxic
GRGNGHGYV,0.4294924390828814,anti-toxic
GYNYVDNIY,0.42942547391627006,anti-toxic
GGCCRLGID,0.4294244051700136,anti-toxic
GDVNFSGIN,0.42939973828191086,anti-toxic
GCVVDVLVC,0.42938202601842895,anti-toxic
GIVFFHHDY,0.42937498096419263,anti-toxic
GIYCFNDCD,0.42934847292366174,anti-toxic
GYYNYVCDV,0.42934847292366174,anti-toxic
GCRIGVGIG,0.42934847292366174,anti-toxic
GVDLRIGLG,0.42934847292366174,anti-toxic
GCLYIDVCG,0.429317202845389,anti-toxic
GSHRVVGID,0.4293137640739407,anti-toxic
GFYYIRDYY,0.42929871701114775,anti-toxic
GVRCRVYVD,0.42928650610014174,anti-toxic
GCRVRVFVD,0.42926063907122297,anti-toxic
GCFHLLVYC,0.42924214547010003,anti-toxic
GCFSGFCVG,0.42923747113854543,anti-toxic
GLVVLGCYG,0.4292172859473121,anti-toxic
GLHYFCCVY,0.4291977024024797,anti-toxic
GVCSDLDGD,0.4291772549116261,anti-toxic
GNYCYNSHG,0.42916208843863146,anti-toxic
GFFCVFSYG,0.42915039105847036,anti-toxic
GHYNSGNCD,0.4291394597736084,anti-toxic
GFFYFCGVY,0.4291335288549815,anti-toxic
GCGDSGCVF,0.4291335288549815,anti-toxic
GSSDNFFCR,0.42912725151711084,anti-toxic
GSFCCVDGG,0.429115026703915,anti-toxic
GCHVRLVVF,0.42911352864857655,anti-toxic
GGSYSDGGC,0.42911352864857655,anti-toxic
GLVGIVGGN,0.42911352864857655,anti-toxic
GGLRGFVCY,0.4290979906624243,anti-toxic
GDLRCLFDG,0.4290979906624243,anti-toxic
GIFYSNSVF,0.42909463313509016,anti-toxic
GFVVCGGCD,0.429059809249423,anti-toxic
GCGVDFGLN,0.42903963343552876,anti-toxic
GHCLFFNGH,0.42903963343552876,anti-toxic
GVGCHVGDS,0.42903855035152594,anti-toxic
GGVSSDHYG,0.4290359933692984,anti-toxic
GHGYLDRYV,0.428995186902469,anti-toxic
GVFLDFDSC,0.4289742424120064,anti-toxic
GIGVRFHFR,0.4289742424120064,anti-toxic
GHRSDNFFN,0.4289638785016405,anti-toxic
GRYHRFGGR,0.42895358582174337,anti-toxic
GLYDIVHDD,0.428948092029922,anti-toxic
GHLSCGGDG,0.42894132760037185,anti-toxic
GSICIYCDN,0.4289332112360202,anti-toxic
GFCVHHSCG,0.4289332112360202,anti-toxic
GICLCDGGS,0.4289260864567646,anti-toxic
GYCLGVNSC,0.42892221462944113,anti-toxic
GRSNRNVYV,0.4289197820091633,anti-toxic
GFLVYCVHS,0.4289091259141105,anti-toxic
GLLNFDGFR,0.42888723809383195,anti-toxic
GCYIIRGCG,0.42888207465234307,anti-toxic
GDIGFCGFN,0.42888207465234307,anti-toxic
GSIGYGCCG,0.42886726015209764,anti-toxic
GFGYRDGYF,0.42886211060852036,anti-toxic
GHCIDFFDR,0.4288481912396071,anti-toxic
GRNVDIGVR,0.42883537292388424,anti-toxic
GLGVGGSYS,0.42883461624935354,anti-toxic
GYSIRCVFS,0.42882943836560156,anti-toxic
GRVCRDCLG,0.4288165751451074,anti-toxic
GIVFFDRDH,0.4288165751451074,anti-toxic
GRDCYRGSD,0.4288165751451074,anti-toxic
GLRHFSGII,0.4288165751451074,anti-toxic
GYDLCGGFI,0.42879603869957084,anti-toxic
GDYVFLIDY,0.42878491756723114,anti-toxic
GVCVLIGVG,0.42878491756723114,anti-toxic
GFRCNCGCG,0.428774520871626,anti-toxic
GSLHLLDHL,0.4287724507374593,anti-toxic
GSFYSFRID,0.42875395608625716,anti-toxic
GCCVYYDCS,0.42875395608625716,anti-toxic
GFFCFSSCD,0.42875395608625716,anti-toxic
GIGLYGNCD,0.42874378632705323,anti-toxic
GFSVFRYSG,0.42874378632705323,anti-toxic
GRDHFGCVS,0.4287359277136481,anti-toxic
GIVSLDGFF,0.428729672797263,anti-toxic
GVLISLGSG,0.4287142397210224,anti-toxic
GRICHSGGN,0.42870876963831,anti-toxic
GYIINVHYG,0.42869937247757556,anti-toxic
GFCFGHFCC,0.428674625648206,anti-toxic
GFYRFSVCD,0.428674625648206,anti-toxic
GGCIVSGFF,0.428674625648206,anti-toxic
GCVVSHGFV,0.4286578707830624,anti-toxic
GDCCCCGFS,0.4286479170917632,anti-toxic
GCLLDGHLR,0.42863663129256285,anti-toxic
GSCYCVGFL,0.4286088284384896,anti-toxic
GIFCCGGYN,0.4286088284384896,anti-toxic
GFCHDLRYD,0.4286088284384896,anti-toxic
GGFYCVDGG,0.4286088284384896,anti-toxic
GYCIILDFY,0.4286088284384896,anti-toxic
GCGVGNHFF,0.4286088284384896,anti-toxic
GDVICCGDG,0.4286088284384896,anti-toxic
GGYHGGGGG,0.42859143543975264,anti-toxic
GLFDYVSCD,0.4285876014054736,anti-toxic
GFGDSGCFG,0.4285815990907328,anti-toxic
GGVLNLVGS,0.4285781264850709,anti-toxic
GCDYCCRGS,0.4285752736154509,anti-toxic
GVICLFRDY,0.42857086397481714,anti-toxic
GCSVHFSYD,0.42857086397481714,anti-toxic
GSGCVSRFR,0.4285461551600918,anti-toxic
GCLFNLSFD,0.4285461551600918,anti-toxic
GFGVGLFCD,0.428536776263807,anti-toxic
GYHGCDGFH,0.4285228352070219,anti-toxic
GRVNIFDYR,0.428515921286161,anti-toxic
GGGHGDDVF,0.428515921286161,anti-toxic
GCHVRLCGY,0.428475818374465,anti-toxic
GYSCDYDFR,0.4284650619879949,anti-toxic
GFNYLVLDD,0.4284601285706797,anti-toxic
GCDVVDYYS,0.42842933081993795,anti-toxic
GSRSYDDDC,0.42842933081993795,anti-toxic
GGNYDYVYF,0.42842933081993795,anti-toxic
GYNVFGCCG,0.428418919205148,anti-toxic
GFSGGSVYG,0.42840859532938025,anti-toxic
GYFNRYSYS,0.4284031965776861,anti-toxic
GVYVFDRCS,0.42838551358921895,anti-toxic
GFSIFCDCS,0.42838244342643456,anti-toxic
GFRYCFFHD,0.4283748020381596,anti-toxic
GGFVLCGHR,0.42837248599238253,anti-toxic
GYFIFLVGN,0.4283641850188853,anti-toxic
GFYRRLVSY,0.42835966349654125,anti-toxic
GRFGGFNDG,0.42833730952879945,anti-toxic
GCCHHVHDR,0.42833730952879945,anti-toxic
GFLYDDGVC,0.4283272862304642,anti-toxic
GCCYNHDFG,0.42832263766575845,anti-toxic
GHSLVFVCG,0.42828910011742694,anti-toxic
GVFYDYGGR,0.4282874483082987,anti-toxic
GDGCNFVCD,0.4282840251312228,anti-toxic
GLGYRCDHG,0.4282840251312228,anti-toxic
GLCGLGCVH,0.42828250696143283,anti-toxic
GLHGCLSGY,0.4282781323003207,anti-toxic
GYCIYFVVD,0.42827268718184547,anti-toxic
GNFCISVHR,0.42827268718184547,anti-toxic
GHHSDCFDD,0.42827268718184547,anti-toxic
GFCYGCGVR,0.42827268718184547,anti-toxic
GFCCFDDFC,0.42827268718184547,anti-toxic
GRIDRHVVH,0.4282663277596346,anti-toxic
GNGIGDGSD,0.42822481257650524,anti-toxic
GLYNRYRFD,0.42820929346835795,anti-toxic
GFFNLIGGG,0.4282016137045731,anti-toxic
GHGRHGGVN,0.4282016137045731,anti-toxic
GIHHGCVHR,0.4282016137045731,anti-toxic
GFYSGNRGG,0.42818792198553784,anti-toxic
GYYHVFVGD,0.42818792198553784,anti-toxic
GCCFVNYNR,0.4281681669254128,anti-toxic
GRNVGLDYF,0.4281522184297582,anti-toxic
GFYRYYVCD,0.42813479402878885,anti-toxic
GVYFGDRFY,0.42813479402878885,anti-toxic
GHYCYFHIN,0.4280765685043475,anti-toxic
GRCDSDDGR,0.4280663167235352,anti-toxic
GFCYDCYGR,0.4280516834205736,anti-toxic
GVLVVNCYG,0.4280516834205736,anti-toxic
GYILDFVIS,0.4280516834205736,anti-toxic
GCGVYLVFR,0.42804918885875354,anti-toxic
GHFYCVGLG,0.42802909626769353,anti-toxic
GGHFDDVVR,0.4280213913433408,anti-toxic
GGVCIIVDV,0.4280124747822674,anti-toxic
GFCYCDYRR,0.42799611933074677,anti-toxic
GVNVYIYSG,0.42798965021351154,anti-toxic
GLRHGYVDY,0.4279840235076067,anti-toxic
GCFDIGGCG,0.4279840235076067,anti-toxic
GRDISCSFR,0.4279814762586652,anti-toxic
GIFHHFVDD,0.42797471496987977,anti-toxic
GNCCGFVDR,0.42797471496987977,anti-toxic
GDFVFDGFR,0.42797471496987977,anti-toxic
GGDGCCRFG,0.42797471496987977,anti-toxic
GFCIIFSVG,0.427967329825688,anti-toxic
GLGCNGYYD,0.42796201581810106,anti-toxic
GVGSYCCCD,0.42795635350779465,anti-toxic
GRVLRRCVY,0.42795635350779465,anti-toxic
GLLRDNRGS,0.4279454970956826,anti-toxic
GFDNCDRFV,0.4279332340861688,anti-toxic
GFSVFFRGH,0.4279032320494808,anti-toxic
GSVVGCGCG,0.4279032320494808,anti-toxic
GDGRDFVHR,0.4279032320494808,anti-toxic
GFVGVHVDN,0.4279032320494808,anti-toxic
GIYVVSGFC,0.42789039240715254,anti-toxic
GYYIFSRGS,0.4278741326168656,anti-toxic
GIYFFVVDI,0.4278528761468326,anti-toxic
GCCIFDFYR,0.4278458956599457,anti-toxic
GSVIDFGYC,0.4278422741601389,anti-toxic
GFCRGCFFR,0.4278400573483871,anti-toxic
GFGLGSGRR,0.4278366684074004,anti-toxic
GIRCFRDGD,0.42783289526385404,anti-toxic
GDCCCDNHV,0.4278050753122784,anti-toxic
GFCLFYFDS,0.4278050753122784,anti-toxic
GCLYVLVDG,0.4277988845040717,anti-toxic
GVCFGCGFI,0.4277918602109674,anti-toxic
GIVCGVNSC,0.4277866272744742,anti-toxic
GGCVGGDCG,0.4277745331355435,anti-toxic
GNYYCIYGD,0.427759639890162,anti-toxic
GVYHGRYYD,0.4277377550111278,anti-toxic
GYCGFYGGD,0.4277368907357624,anti-toxic
GFLHVNRYG,0.4277163985418012,anti-toxic
GYGLHFDGS,0.4277163985418012,anti-toxic
GLDSLSVCD,0.42770184346163687,anti-toxic
GVVGFFGID,0.42765710312144034,anti-toxic
GCIVCIDDY,0.42764879039030285,anti-toxic
GICCLSGFY,0.42764290266545124,anti-toxic
GSFRIDRIG,0.42761067933925795,anti-toxic
GHNGLFNGG,0.4276016992622984,anti-toxic
GHYHRLVNH,0.4275983570057894,anti-toxic
GLYYCCFDH,0.42756247527883845,anti-toxic
GSDSLFGLG,0.42756247527883845,anti-toxic
GYVYLYDNY,0.42756247527883845,anti-toxic
GCSHHGCCD,0.42756247527883845,anti-toxic
GSGCSDHFV,0.42756247527883845,anti-toxic
GGCVCCGGG,0.42753269287337475,anti-toxic
GVVDGRGFG,0.4275281396278024,anti-toxic
GVHIYIDFR,0.4275233549363445,anti-toxic
GVNLCYHDH,0.4274952522337537,anti-toxic
GSCNRCCVD,0.4274740872695982,anti-toxic
GVNGCFFVD,0.4274535011779723,anti-toxic
GGCFVNHVS,0.42743347053055497,anti-toxic
GNRGCDGVR,0.42740758885701313,anti-toxic
GNYRGDVYF,0.42738753288698517,anti-toxic
GNLYRYGGR,0.4273764951966715,anti-toxic
GFSYYRDIG,0.4273584758002868,anti-toxic
GNFDRCNFG,0.4273584758002868,anti-toxic
GFCRVCGFG,0.4273384389148796,anti-toxic
GIYLYSDFH,0.4273237863572472,anti-toxic
GLGYNCGYI,0.4273237863572472,anti-toxic
GGFCRLCGG,0.4273237863572472,anti-toxic
GFCHDFGYI,0.42729280184027885,anti-toxic
GCCFGRGLS,0.42727640446991194,anti-toxic
GFSGDFGFR,0.4272748820745647,anti-toxic
GFLVCYNSG,0.4272593557537757,anti-toxic
GYVVNCCDL,0.4272293847740251,anti-toxic
GSNYFSDSD,0.4272293847740251,anti-toxic
GVSRYNSVD,0.4272214509331622,anti-toxic
GSYYCFNID,0.4272197014000316,anti-toxic
GYDVHDRFY,0.4272078043878296,anti-toxic
GSHCSCGYG,0.42718695041159915,anti-toxic
GIDHDFVHH,0.42718695041159915,anti-toxic
GVRVFGHYD,0.4271788040551486,anti-toxic
GYYGDGVDN,0.4271558705474214,anti-toxic
GSICCNGCG,0.4271520967153481,anti-toxic
GICRGYGHG,0.42714727975782385,anti-toxic
GCCNCGGVG,0.42713212563315067,anti-toxic
GYGRFDIHR,0.4271101113310903,anti-toxic
GVYCHVFDD,0.4271101113310903,anti-toxic
GYDGGLFGD,0.4271101113310903,anti-toxic
GCIYISGVV,0.4270889146882691,anti-toxic
GYCCYINSC,0.4270752156272506,anti-toxic
GILDRFHSN,0.4270752156272506,anti-toxic
GVCFVYGDS,0.42703187718974295,anti-toxic
GYRCRDSLY,0.4270266974286149,anti-toxic
GYSCRCVHF,0.4270266974286149,anti-toxic
GFCHGYCDS,0.4270114566192959,anti-toxic
GCLFYFVVY,0.4270114566192959,anti-toxic
GFGCVFGFY,0.4270114566192959,anti-toxic
GGDVIDVCD,0.4269822554438334,anti-toxic
GCYSCNHYG,0.4269822554438334,anti-toxic
GRIVFSGVY,0.42697421027170346,anti-toxic
GCCDFNCFS,0.4269728818107345,anti-toxic
GFFGGLCCD,0.4269728818107345,anti-toxic
GHCSRCGIR,0.4269728818107345,anti-toxic
GYRCRGCID,0.4269623791752015,anti-toxic
GYDRFVGVR,0.4269614058059588,anti-toxic
GRVHIGSGG,0.4269546452539323,anti-toxic
GLVICGDFG,0.4269546452539323,anti-toxic
GCSYRIDCD,0.4269336170990885,anti-toxic
GDCCRIGVY,0.42692849947373096,anti-toxic
GCGCFSGLR,0.42692849947373096,anti-toxic
GFHVGIDDI,0.42692849947373096,anti-toxic
GGYDGDHFH,0.42692343584844267,anti-toxic
GFYFGFNFG,0.4269037046073542,anti-toxic
GCRIVNLYG,0.4269037046073542,anti-toxic
GCHDSGHVR,0.4268957219132404,anti-toxic
GRFVRYDGR,0.42688787437600495,anti-toxic
GNFFRDRCI,0.42688477243873796,anti-toxic
GFCCRCVYD,0.4268725712705257,anti-toxic
GVSYGLCYG,0.4268714151881537,anti-toxic
GLDGFSRVD,0.4268651092301324,anti-toxic
GDDSDDIGY,0.4268577693931908,anti-toxic
GVCGNDGYN,0.4268577693931908,anti-toxic
GLFDFCSCD,0.4268364538035081,anti-toxic
GIINGVVYD,0.4268341483312896,anti-toxic
GFGGLLVNS,0.426826174765818,anti-toxic
GCCGNLFCD,0.42680311193700643,anti-toxic
GCGCCVGYN,0.42677822827906675,anti-toxic
GYRICVIHR,0.42677822827906675,anti-toxic
GHCLSVYDS,0.42677822827906675,anti-toxic
GCYCFDCCG,0.4267326629563335,anti-toxic
GVNVRICDD,0.42673132154970134,anti-toxic
GDYSCVGFR,0.4267220620048005,anti-toxic
GLVFFCGCS,0.4267220620048005,anti-toxic
GNICGGCCG,0.4267117512420621,anti-toxic
GISNYCDGY,0.4267117512420621,anti-toxic
GVYCCNHFG,0.4266731841410974,anti-toxic
GVNGYIVYS,0.42665536400725124,anti-toxic
GFCFYVNFD,0.4266302624564017,anti-toxic
GVSVYGHVG,0.4266302624564017,anti-toxic
GISGFISSG,0.4266302624564017,anti-toxic
GHCIRSHYD,0.42659951594439566,anti-toxic
GRSGFDGGV,0.42659587242733005,anti-toxic
GSISNVGYV,0.42658680980445896,anti-toxic
GFGSFGGCD,0.42658519012156765,anti-toxic
GGCCFDGYH,0.42657150056044174,anti-toxic
GRHRFDNDR,0.4265609790324163,anti-toxic
GNDCIDCDG,0.4265552205206331,anti-toxic
GCYLFCDGN,0.4265368088502088,anti-toxic
GCDFVDYGD,0.42653238515075625,anti-toxic
GRVCHVDCG,0.42651126136457523,anti-toxic
GFSIFRVSD,0.42651126136457523,anti-toxic
GVFCLCNYG,0.42649546912509045,anti-toxic
GVFDRFFVI,0.42649040738834476,anti-toxic
GGGYSDGHD,0.4264854420083116,anti-toxic
GSCFCDLFG,0.4264834822221991,anti-toxic
GSGRFYGGR,0.42648057025952,anti-toxic
GCIRHGGLD,0.4264757895183261,anti-toxic
GSGFGNCFG,0.42646649104528367,anti-toxic
GILCRHCVF,0.42645316565424807,anti-toxic
GFIIRYYGN,0.42645316565424807,anti-toxic
GGYDCVGFV,0.42645316565424807,anti-toxic
GRVYYGGGS,0.42645316565424807,anti-toxic
GFFSRVLYH,0.42645316565424807,anti-toxic
GYYCGSSGG,0.42645217011513165,anti-toxic
GYCNCFSVY,0.4264480331507539,anti-toxic
GSVCVRISC,0.4264384937912071,anti-toxic
GRFNYGHFI,0.4263959772471253,anti-toxic
GFVGSCGCS,0.4263900093272403,anti-toxic
GYGCNYCVD,0.42637671208800826,anti-toxic
GDCVIRFVF,0.42637671208800826,anti-toxic
GVVCIFGFD,0.42637540227368004,anti-toxic
GCRHRGCCD,0.4263699281270509,anti-toxic
GLFVRGGVN,0.4263549434866202,anti-toxic
GDCCDNGFR,0.42634296278393646,anti-toxic
GVVRFFGVG,0.42631996114860476,anti-toxic
GCCDRIGIG,0.4263078923690991,anti-toxic
GFRVVIGFV,0.4262927117590724,anti-toxic
GVGSGDVGG,0.4262927117590724,anti-toxic
GFLGVHRDG,0.4262815118910606,anti-toxic
GHNYRHHDR,0.42627360731597264,anti-toxic
GNHNGDVFH,0.4262710605002253,anti-toxic
GGICLFNGG,0.42626366911343205,anti-toxic
GCGCSDRGR,0.42624561751079815,anti-toxic
GHCHINHYG,0.4262424760455444,anti-toxic
GFNCVIDGG,0.42624144467176245,anti-toxic
GGDNCGGGG,0.42624144467176245,anti-toxic
GLFFRCSGR,0.4262296481599147,anti-toxic
GIFDLDGLY,0.4261747054712586,anti-toxic
GLGCFLSFG,0.4261585048258375,anti-toxic
GSGNVDVSD,0.42614381571827403,anti-toxic
GHYSLGHIR,0.42611542860264173,anti-toxic
GFVGYLCVD,0.42605685127063625,anti-toxic
GYRSSDDGF,0.4260504818220573,anti-toxic
GVGCRSSYD,0.42602285333682915,anti-toxic
GHVICVGHS,0.4259687322722811,anti-toxic
GFGHGCGDR,0.4259687322722811,anti-toxic
GYGDCLGVG,0.4259687322722811,anti-toxic
GGFRHLIDD,0.4259687322722811,anti-toxic
GFGCFVFHF,0.4259687322722811,anti-toxic
GDDGFHCVD,0.4259687322722811,anti-toxic
GGLCYNGLS,0.4259687322722811,anti-toxic
GLDGCDRFH,0.4259687322722811,anti-toxic
GFLHFSFVD,0.4259687322722811,anti-toxic
GRNVRGGLR,0.4259687322722811,anti-toxic
GFYFRFFFD,0.4259687322722811,anti-toxic
GFDCSCSFS,0.4259687322722811,anti-toxic
GRSRNVSDS,0.4259687322722811,anti-toxic
GVCGYVDDY,0.4259687322722811,anti-toxic
GHYGYCVCD,0.4259687322722811,anti-toxic
GGLVDDDCY,0.4259687322722811,anti-toxic
GCYVGHGYC,0.4259687322722811,anti-toxic
GDFNSGDDG,0.4259687322722811,anti-toxic
GYCDFYFGR,0.4259687322722811,anti-toxic
GIFYNCGFV,0.4259687322722811,anti-toxic
GLSIDLVFG,0.4259687322722811,anti-toxic
GLNHRSNYD,0.4259687322722811,anti-toxic
GLSNVNHYY,0.4259687322722811,anti-toxic
GYCCDNSDG,0.4259687322722811,anti-toxic
GHCIRSSVG,0.4259687322722811,anti-toxic
GDVDRGGVS,0.4259687322722811,anti-toxic
GVRGYFCDN,0.4259687322722811,anti-toxic
GLGGFDNVF,0.42590952778961794,anti-toxic
GCCFRYFDS,0.42590187144820896,anti-toxic
GCYVGSSCG,0.42589194074491227,anti-toxic
GYYDCVGFY,0.42586391883339825,anti-toxic
GDVHSYGFV,0.4258517190742398,anti-toxic
GFYFYSCVN,0.42579580992004507,anti-toxic
GFHRYDDNG,0.4257852921504817,anti-toxic
GDFYLISGS,0.42577549779438656,anti-toxic
GRDRYGYVD,0.4257586744776645,anti-toxic
GNGCIVIDH,0.4257549520652063,anti-toxic
GCLHNFYGG,0.4257386424751623,anti-toxic
GICYNYGDN,0.42573263850082216,anti-toxic
GGCRNFHFD,0.4257263127952063,anti-toxic
GFNYFGDFD,0.4257230211019909,anti-toxic
GFYDSDSVY,0.4257196387857259,anti-toxic
GVYVHDVFG,0.42569307724436395,anti-toxic
GCYCYDNSV,0.42569307724436395,anti-toxic
GVGYGFVFS,0.4256798766035658,anti-toxic
GCCYSFGHD,0.4256735949983312,anti-toxic
GYSDFFNSS,0.4256548222608527,anti-toxic
GIFGFRVHR,0.4256492806345579,anti-toxic
GYVFHLGDG,0.4256492806345579,anti-toxic
GVRVLIGYC,0.42561835348610955,anti-toxic
GRYRRFSGH,0.42561835348610955,anti-toxic
GFVCRDCGG,0.425611435269896,anti-toxic
GFHDRLDYV,0.425611435269896,anti-toxic
GFCYVNIFG,0.425604238350841,anti-toxic
GCNFDFDHY,0.4255967455412707,anti-toxic
GDDSCCFNV,0.4255936614467376,anti-toxic
GYDLFVDCD,0.4255807961304496,anti-toxic
GCFLGCGHR,0.42557659275859305,anti-toxic
GSVVVDSVG,0.42557229730006796,anti-toxic
GLHCGLRDG,0.42557229730006796,anti-toxic
GSCCCFSFR,0.42557229730006796,anti-toxic
GNDDHFCVS,0.42556790669523337,anti-toxic
GYVVYVDGF,0.42556642146824214,anti-toxic
GCFSYSHVF,0.42556341774738554,anti-toxic
GRDLYCGLD,0.42556341774738554,anti-toxic
GCIRHFVYD,0.42556341774738554,anti-toxic
GGLIGDDCS,0.42555413130341563,anti-toxic
GHCFYNCVY,0.4255493266560035,anti-toxic
GSFDRYCVF,0.4255393753595019,anti-toxic
GVCGCVRYF,0.42552353030412615,anti-toxic
GYCLGCSGG,0.42552353030412615,anti-toxic
GISNLCGIG,0.42551798549398484,anti-toxic
GLRHRFFLG,0.42551230082522074,anti-toxic
GFCGFNDFF,0.4255044944066937,anti-toxic
GICSDHLHL,0.42550049019791614,anti-toxic
GVCYLYGYR,0.42548158193303287,anti-toxic
GGNGCNSGG,0.4254704023473771,anti-toxic
GYIVDYSCG,0.42546108232330054,anti-toxic
GGFGVDVCG,0.42545386027136844,anti-toxic
GHGYVDCGS,0.42543878164898297,anti-toxic
GCCGFHDGS,0.4254348729771481,anti-toxic
GRDFVSDFR,0.4254309062197654,anti-toxic
GNHGGFCYG,0.42542688007235535,anti-toxic
GFYRRYGNG,0.42542279319108245,anti-toxic
GCFCVNGLN,0.42541443164578613,anti-toxic
GGCVVCDYD,0.42541443164578613,anti-toxic
GLYRVHCSF,0.42539691588697015,anti-toxic
GLLVYHGGG,0.42538773622321857,anti-toxic
GFCSGFGVN,0.42538773622321857,anti-toxic
GFYGVCGYI,0.4253782570189772,anti-toxic
GGDVRDCFH,0.4253717638182818,anti-toxic
GRRFHCSDN,0.42536242967219784,anti-toxic
GFNNCFVFD,0.4253478680037057,anti-toxic
GLCYCFGFF,0.4253258091616701,anti-toxic
GCVVNGDSS,0.4253258091616701,anti-toxic
GLRYRCVYG,0.42531418130903675,anti-toxic
GDFSCSGHR,0.42531418130903675,anti-toxic
GSHVRSGCR,0.42528961644679414,anti-toxic
GIHVRLDCY,0.42528961644679414,anti-toxic
GVFSVHCSR,0.42528961644679414,anti-toxic
GGLLRLDGI,0.42528961644679414,anti-toxic
GFGCHDHDV,0.42528101323403045,anti-toxic
GCGDLFNFS,0.42526313588327247,anti-toxic
GFGIFNSGG,0.42526313588327247,anti-toxic
GHFRYDHYV,0.4252491057913006,anti-toxic
GYNCFLDSC,0.4252491057913006,anti-toxic
GVVFCFNFY,0.4252345064306168,anti-toxic
GFCYCDRRH,0.4252278259534263,anti-toxic
GCCCNDDHG,0.42521618576288744,anti-toxic
GLNYGDDDG,0.4252034554541689,anti-toxic
GCHCLLGCG,0.4251577246007396,anti-toxic
GRVVCVGHS,0.4251577246007396,anti-toxic
GDNLYGGGG,0.425151621058702,anti-toxic
GGVLDGFCF,0.4251327464859398,anti-toxic
GCFLCCGID,0.4251327464859398,anti-toxic
GFLLDSSCD,0.4251215642808333,anti-toxic
GFIFVSRFR,0.42511586024244935,anti-toxic
GVCRYGGYR,0.4251129793216979,anti-toxic
GLVDCGNFG,0.4251027409945075,anti-toxic
GRYRVDCFH,0.4250964795550851,anti-toxic
GRNFCNFDS,0.4250922547156524,anti-toxic
GYGHFRNSS,0.4250922547156524,anti-toxic
GIDCFGDVD,0.4250922547156524,anti-toxic
GVFFRSDDD,0.4250778714842049,anti-toxic
GFFCYLYSD,0.42504764076708956,anti-toxic
GFCCIFFLR,0.42504764076708956,anti-toxic
GRFYYGHDN,0.42504764076708956,anti-toxic
GVRDHFVHS,0.4250442796278485,anti-toxic
GFYIVVYYD,0.4250357684722349,anti-toxic
GIFNVDDYV,0.42502358612796837,anti-toxic
GFYDFFYSD,0.4250152862649586,anti-toxic
GYIGVVDDR,0.4250152862649586,anti-toxic
GCSCCDGCG,0.4250110814280091,anti-toxic
GDFRFGSGI,0.4249982414060736,anti-toxic
GVDYGLDHG,0.4249982414060736,anti-toxic
GCYNLGGCS,0.4249982414060736,anti-toxic
GCGVYGDGG,0.42497149995833244,anti-toxic
GCDGVHDSG,0.42494324305459086,anti-toxic
GFCDIGDGG,0.42494324305459086,anti-toxic
GVDVRFGYI,0.4249234983576311,anti-toxic
GYLNRSVYV,0.42490892300542715,anti-toxic
GGYGYIDGS,0.42490558735481926,anti-toxic
GRCYRFGCR,0.4249029784076212,anti-toxic
GDCIILYYD,0.4248897392156417,anti-toxic
GFHHNDHDY,0.4248875414228319,anti-toxic
GSRSNFRRL,0.424881636631067,anti-toxic
GNGVFLVFS,0.424881636631067,anti-toxic
GSSFLVHFN,0.424881636631067,anti-toxic
GNILIYFDD,0.424881636631067,anti-toxic
GFFHVLVCD,0.424881636631067,anti-toxic
GGDFLYVGD,0.424881636631067,anti-toxic
GRDLCCDGD,0.424881636631067,anti-toxic
GFYVSVGNR,0.4248594226476907,anti-toxic
GGLFGNRGG,0.4248479716969853,anti-toxic
GSDYSCDHG,0.4248479716969853,anti-toxic
GNYVVVGFC,0.4248303450361917,anti-toxic
GGVGNCGLS,0.4248303450361917,anti-toxic
GGCVSNFFF,0.4248277815791586,anti-toxic
GVYLGDFGN,0.4248243456235433,anti-toxic
GGVCLYCGH,0.42481215507233894,anti-toxic
GDIDGRCVD,0.4247869778508528,anti-toxic
GCIVSGCVG,0.42478300681353387,anti-toxic
GDHSVHGCG,0.42477397365933767,anti-toxic
GCSHGHCVD,0.4247683124069908,anti-toxic
GCNDDYGYV,0.4247557724128542,anti-toxic
GLCYFCGCS,0.42474017563431593,anti-toxic
GRYGDGFCS,0.4247331852599742,anti-toxic
GYLVFSGDV,0.4247044097435215,anti-toxic
GRYCHLDVG,0.4247007182856457,anti-toxic
GDFVRFCVY,0.4246770619133632,anti-toxic
GGVLLSSVD,0.42465547308621343,anti-toxic
GFGCSYRFR,0.4246546783744499,anti-toxic
GYFCGIGVN,0.4246094370095563,anti-toxic
GIVNIGCVF,0.4245922034434778,anti-toxic
GVRVRDSCN,0.4245922034434778,anti-toxic
GRYVGCFDD,0.4245922034434778,anti-toxic
GFNFNHGYS,0.42456551786284313,anti-toxic
GFSCFDDCY,0.4245612094784475,anti-toxic
GLDSGNVYS,0.42455639124902333,anti-toxic
GFHHYYVHR,0.4245377771658324,anti-toxic
GFVIRNVCN,0.4245377771658324,anti-toxic
GCFVCDGFV,0.4245377771658324,anti-toxic
GLYFVNCYN,0.42453019342172527,anti-toxic
GGSGDFGYV,0.4245046994033804,anti-toxic
GSIGCLDCG,0.4244910361140838,anti-toxic
GNCGVSGDV,0.4244835727913436,anti-toxic
GFFRSDVVS,0.4244788698097701,anti-toxic
GCLNVVDGG,0.424464580438418,anti-toxic
GYHCCDCDG,0.42444755915174837,anti-toxic
GRIDYLSGD,0.424443998762651,anti-toxic
GSYCVLIDS,0.42443952477011654,anti-toxic
GRFGRDHNY,0.424431405067352,anti-toxic
GYFYSFRGS,0.42441490420365946,anti-toxic
GNDLVFVVR,0.42441490420365946,anti-toxic
GYRFCDVVF,0.42441490420365946,anti-toxic
GCCSCFGGG,0.4243808164926492,anti-toxic
GIYSVCRDG,0.4243808164926492,anti-toxic
GFVDDFDSR,0.42436911911248815,anti-toxic
GGDIGFSGY,0.42436911911248815,anti-toxic
GRRLGNHYN,0.42434228110945754,anti-toxic
GFINDYFLS,0.42433472799409905,anti-toxic
GNDHVIGGR,0.42432055389220796,anti-toxic
GVIFGCFDD,0.42432055389220796,anti-toxic
GFSYFLSYI,0.42431337422496135,anti-toxic
GHYVFFSRC,0.42430794829081664,anti-toxic
GVILVDSDG,0.4242788683429064,anti-toxic
GCNCYLDCN,0.4242782879645908,anti-toxic
GSFCIDNFD,0.42426894739438675,anti-toxic
GNNCRGHCD,0.42426894739438675,anti-toxic
GRVFDVDDN,0.4242364025645238,anti-toxic
GSSVVIRGD,0.4242364025645238,anti-toxic
GGIFVCRNV,0.4242280706959799,anti-toxic
GYCSFGVLG,0.4241976483302427,anti-toxic
GCCDISGFH,0.4241910200811207,anti-toxic
GVCFIYVVD,0.4241851795318639,anti-toxic
GISDVDGGH,0.4241851795318639,anti-toxic
GCFISGGLG,0.4241851795318639,anti-toxic
GSLCFGCFS,0.4241704088667183,anti-toxic
GIGYYVSVF,0.4241308349804693,anti-toxic
GLSGHCLYD,0.4241308349804693,anti-toxic
GLRCCDDGF,0.42412459157391086,anti-toxic
GVFCCDGVG,0.42410560422434884,anti-toxic
GVNYCIDFR,0.4240927272735258,anti-toxic
GCLFDSDGD,0.4240927272735258,anti-toxic
GFCVHDVVI,0.42408384499674784,anti-toxic
GVCVCYGYN,0.42405858435714067,anti-toxic
GGNCFCGSS,0.4240325075675889,anti-toxic
GCYCYRDGD,0.4240309125942906,anti-toxic
GFSHCDRHG,0.424025576986279,anti-toxic
GNSFLCYDS,0.424025576986279,anti-toxic
GFVDVDNDG,0.4240115659049653,anti-toxic
GRGCRGIFD,0.42399485809409115,anti-toxic
GHFRYVCYD,0.42399016629019326,anti-toxic
GSLVILDCI,0.42399016629019326,anti-toxic
GSLLYDHVD,0.42399016629019326,anti-toxic
GVGYCSNFD,0.42397459208560845,anti-toxic
GCVYNYDGY,0.4239682935354404,anti-toxic
GCIVDDFFY,0.42396274957468255,anti-toxic
GFYCLFGDS,0.4239602194214213,anti-toxic
GRCVSGSFD,0.4239578322633084,anti-toxic
GGVSNFYDG,0.42395344103695554,anti-toxic
GGYGHLCYS,0.4239230644207368,anti-toxic
GFYCFRGIG,0.42391532664122233,anti-toxic
GFSRLIGCR,0.42391532664122233,anti-toxic
GYLGGYGVR,0.42391233496276887,anti-toxic
GCIVRNCDD,0.42389124525557514,anti-toxic
GGRDCGVYD,0.42387574276643736,anti-toxic
GYVVSDGFH,0.42387574276643736,anti-toxic
GVVVYGCCD,0.4238520503149488,anti-toxic
GFDYYVVSS,0.42385125132518436,anti-toxic
GCIFGDFFY,0.4238450386424256,anti-toxic
GFCICGYRV,0.42384057864497343,anti-toxic
GNGVCYVDG,0.42384057864497343,anti-toxic
GIYHIHSFS,0.4238261799153818,anti-toxic
GLCVVCSSG,0.4238110406481467,anti-toxic
GVCCFSVDN,0.4238005076892629,anti-toxic
GFCDFCFDG,0.4237918130180066,anti-toxic
GFCVHFDGS,0.4237918130180066,anti-toxic
GLDLSCNDN,0.4237665824084658,anti-toxic
GCDGGIFDY,0.4237472722783231,anti-toxic
GGGGYGGFV,0.42373201755021234,anti-toxic
GNFILFSSD,0.4237143250050908,anti-toxic
GFSICYVFN,0.4237045088701795,anti-toxic
GFHCFDIYG,0.4237008708164591,anti-toxic
GCYDVGFVD,0.4237008708164591,anti-toxic
GDFFCYHFF,0.4236769354926963,anti-toxic
GVFRLHRYR,0.42366782897290894,anti-toxic
GNYFLIRVN,0.42363590043980964,anti-toxic
GDSVCVRYG,0.42361817955918274,anti-toxic
GVFGDGGGG,0.423613845057354,anti-toxic
GIYISCGVN,0.4236136226444315,anti-toxic
GLVFYFHFN,0.42360199899317413,anti-toxic
GCFVHCSFG,0.42360199899317413,anti-toxic
GFFYFGFVD,0.42360199899317413,anti-toxic
GVYYYIFDD,0.42360199899317413,anti-toxic
GVIRFSGIS,0.42360199899317413,anti-toxic
GGCSLVGFN,0.42360199899317413,anti-toxic
GFVSDDYYR,0.42360199899317413,anti-toxic
GVCFGRGCS,0.42360199899317413,anti-toxic
GFVGVILGS,0.4235626625064027,anti-toxic
GRFNGSGGG,0.4235626625064027,anti-toxic
GDLVCGFCD,0.4235253001382206,anti-toxic
GGGIYGNVD,0.42351763556667615,anti-toxic
GVFFVFGSS,0.42351012370577773,anti-toxic
GRSCRGIVY,0.42350813372462437,anti-toxic
GFYHGIRGR,0.42350276003658055,anti-toxic
GCVHGLDGL,0.42349411314442575,anti-toxic
GFHDYLYSD,0.4234713448159242,anti-toxic
GGFVLNYCD,0.423459298564111,anti-toxic
GYFVILDGL,0.4234559317314245,anti-toxic
GYCYCFSGI,0.423436395756886,anti-toxic
GSRGVDVVF,0.423436395756886,anti-toxic
GDFRFIRFS,0.423436395756886,anti-toxic
GHLGFDCGN,0.423436395756886,anti-toxic
GIYRIDFYH,0.423436395756886,anti-toxic
GFNRDDVVR,0.423436395756886,anti-toxic
GYFHGCSYY,0.4234201843874334,anti-toxic
GNLFVNVGG,0.42340749038892106,anti-toxic
GIDHCLYDN,0.4234047358711856,anti-toxic
GLVCCVGHS,0.42339824357321615,anti-toxic
GLYGGDIYG,0.42338713088451707,anti-toxic
GFDIFGGYV,0.4233797858161274,anti-toxic
GVYVFYLDG,0.42337592169400157,anti-toxic
GILVCVGDD,0.42337592169400157,anti-toxic
GFGLCLCYN,0.4233634786173757,anti-toxic
GNSGNDVHD,0.4233532087353696,anti-toxic
GCLIYFYDG,0.4233495860523821,anti-toxic
GGFCCDIVD,0.4233445884461324,anti-toxic
GFNYFVCGD,0.4233339750593137,anti-toxic
GSSCYSCVG,0.4233339750593137,anti-toxic
GVLDFNCIF,0.42332542233558385,anti-toxic
GRYVDCLVI,0.42332542233558385,anti-toxic
GCYFHLRFD,0.4233124886285411,anti-toxic
GSNGFIDVS,0.42329614241095426,anti-toxic
GSSYCCSFG,0.42329614241095426,anti-toxic
GYRGGVGVN,0.42329614241095426,anti-toxic
GFLIIYCVN,0.4232906488718342,anti-toxic
GLYYDCCDN,0.4232906488718342,anti-toxic
GSVCCIVFR,0.4232770296082516,anti-toxic
GFGIILLFD,0.42327482786740983,anti-toxic
GLGVGNGVR,0.4232652452199308,anti-toxic
GRVSSYGCS,0.42326283889635624,anti-toxic
GYSRCDSYH,0.4232615414085137,anti-toxic
GGFYDRGDD,0.42324587393680785,anti-toxic
GLFVISGHR,0.42324587393680785,anti-toxic
GCIDGIGVY,0.42324587393680785,anti-toxic
GHVHSYGLL,0.42324587393680785,anti-toxic
GSCHIDGVH,0.42323214803228865,anti-toxic
GHYSDSGFV,0.42322938622845174,anti-toxic
GCFFGLGIR,0.423208110841101,anti-toxic
GFCFCDDLD,0.4231995763532766,anti-toxic
GRFIRHCCG,0.42318605787970576,anti-toxic
GCVDGCDDR,0.4231655308634304,anti-toxic
GFCFIDGYV,0.42315379411415754,anti-toxic
GICFCFFDN,0.4231394422534169,anti-toxic
GIRYFVGHV,0.4231320501956496,anti-toxic
GFINIDDHD,0.42312935258873063,anti-toxic
GCGYSRDYD,0.42312355469028645,anti-toxic
GHLVYVGLD,0.423102091620678,anti-toxic
GVGRLDRFR,0.423102091620678,anti-toxic
GFVFDIGYC,0.423102091620678,anti-toxic
GVYYDIVYD,0.4230714934960377,anti-toxic
GNDSRCGCG,0.4230714934960377,anti-toxic
GCGDCGHVD,0.42305817913510946,anti-toxic
GIIDVFDYF,0.4230525952982031,anti-toxic
GLFLSGDCG,0.4230507292550687,anti-toxic
GNDYRDFLG,0.42304735227773194,anti-toxic
GIYCSFRDR,0.42302435162549984,anti-toxic
GCYDYNDDI,0.4230170747560862,anti-toxic
GFSHYNSNG,0.42301168979422143,anti-toxic
GLCGGFRFG,0.42299749275651555,anti-toxic
GFYYFFYCD,0.42297565025377476,anti-toxic
GVHCLFGGS,0.42295753880284,anti-toxic
GCCCRYNDG,0.42294227764209336,anti-toxic
GLYDCYVCS,0.42294227764209336,anti-toxic
GCFLLLSGR,0.42291798076766235,anti-toxic
GVFYYVGFC,0.42291798076766235,anti-toxic
GGSHCCSCV,0.42289950054460457,anti-toxic
GFGFFDGCY,0.42289950054460457,anti-toxic
GLCNRYLSG,0.42289182580226903,anti-toxic
GIYVCDLFY,0.4228768964629102,anti-toxic
GFHHNDGGI,0.42287324887585037,anti-toxic
GFVRIFGGH,0.4228486148096168,anti-toxic
GCYYDDCVF,0.42283301841942256,anti-toxic
GHSLYYRSS,0.4228193748750738,anti-toxic
GIGFCSFVD,0.4227966424699066,anti-toxic
GVFNYVGFV,0.4227903998710391,anti-toxic
GRCVGFLYR,0.42276359239706973,anti-toxic
GVIYSGVGL,0.42276359239706973,anti-toxic
GVSVYSCVD,0.42276359239706973,anti-toxic
GCSNLNDFC,0.42276359239706973,anti-toxic
GLSGFDRCS,0.42274517408955825,anti-toxic
GCGFCNVDH,0.4227342124429317,anti-toxic
GFLSNNGIG,0.4227277136344484,anti-toxic
GVFVGDVYG,0.4227239561387687,anti-toxic
GIFCSCGYV,0.4227193195511266,anti-toxic
GCCCDCDDG,0.4227155748745593,anti-toxic
GFVGCVGSS,0.42271113820509787,anti-toxic
GFFYYGRGG,0.4226992477074338,anti-toxic
GFFVVVLYD,0.4226992477074338,anti-toxic
GDHGGGRYG,0.4226660967221956,anti-toxic
GVFHYLRHG,0.42265349112080425,anti-toxic
GHRSFIGYV,0.42262129407276156,anti-toxic
GRRLDYVLS,0.42261509026469335,anti-toxic
GFYLYNCCD,0.42260090482000223,anti-toxic
GFFVNYVSD,0.42259865403557645,anti-toxic
GIYGRDNHD,0.4225788451936443,anti-toxic
GGDDGGGGG,0.42255176356847396,anti-toxic
GVLVFCGLS,0.42254529911179867,anti-toxic
GGFRFVGGN,0.42253909278912244,anti-toxic
GCIFDHNYG,0.42250317938829723,anti-toxic
GCRFSYGVG,0.4225003038276823,anti-toxic
GYCNCFDVN,0.42248294974956346,anti-toxic
GSFVVYDCS,0.4224782477863427,anti-toxic
GYIRVGGGG,0.4224782477863427,anti-toxic
GCGVGCGLR,0.42246835480452816,anti-toxic
GCLCNSVVD,0.422452158549444,anti-toxic
GVLYVDSCG,0.422452158549444,anti-toxic
GLDFVYSFI,0.422435811716586,anti-toxic
GYRFDDNHG,0.4224234515076315,anti-toxic
GILIFHGYN,0.422421748255088,anti-toxic
GLFVNGDIS,0.4224208185182629,anti-toxic
GGVSHIVYD,0.4224208185182629,anti-toxic
GGVCSDVFG,0.4224137780552382,anti-toxic
GIGCRFSFG,0.4224089215060609,anti-toxic
GYGGSNRSG,0.4223889148502055,anti-toxic
GYLFRVFSS,0.4223824651396975,anti-toxic
GCNDIGIFD,0.42236460800345593,anti-toxic
GDDFCDFFN,0.42235643220206626,anti-toxic
GFYLSGCVG,0.42232785996169847,anti-toxic
GCFLYDGFH,0.4223257374261156,anti-toxic
GRDCDGCVF,0.4223229619154693,anti-toxic
GCFDYSVFD,0.4223215969571307,anti-toxic
GFCYGCCVG,0.4223215969571307,anti-toxic
GDCFGVYDS,0.4222815526068418,anti-toxic
GVDGSLGVG,0.42227258671231743,anti-toxic
GIYGNNNGG,0.42227258671231743,anti-toxic
GHISIGVVG,0.42227258671231743,anti-toxic
GCCYLCGVF,0.42226145081360267,anti-toxic
GLVVHSCFL,0.4222536156745551,anti-toxic
GIHFHIGRR,0.42224542548263266,anti-toxic
GYFVRCCFS,0.42224542548263266,anti-toxic
GFFLRFCGY,0.4222389764904299,anti-toxic
GVNDGDHFG,0.42223444888731787,anti-toxic
GFFRDIRFH,0.42223444888731787,anti-toxic
GYNNYGCVF,0.42222038471911755,anti-toxic
GLRLSIDGH,0.42222038471911755,anti-toxic
GFFYGNDCD,0.4222085833989744,anti-toxic
GDRSRLSCG,0.4222085833989744,anti-toxic
GYFICDCGD,0.4222085833989744,anti-toxic
GIFSHGGHD,0.42218988758193265,anti-toxic
GISCYLHDV,0.422175743255142,anti-toxic
GFHHCLSCD,0.422175743255142,anti-toxic
GCFDGVGCG,0.42216808313252363,anti-toxic
GICGCYGGD,0.42216149264458797,anti-toxic
GLCFRIGCN,0.4221557623721635,anti-toxic
GRLLVRGSS,0.4221423244192283,anti-toxic
GYFCHHGVG,0.42212539319052095,anti-toxic
GCDYSLVGN,0.42211516234017116,anti-toxic
GVIFGDLGG,0.422073688388757,anti-toxic
GYFGVCDFG,0.422073688388757,anti-toxic
GYFHRCGVV,0.422073688388757,anti-toxic
GVHCNLDVD,0.422073688388757,anti-toxic
GFYHDDVCG,0.422073688388757,anti-toxic
GNLIDFSVG,0.42203335081552373,anti-toxic
GYCDLGDFD,0.4220313119939433,anti-toxic
GCCISNVCD,0.42202057342728877,anti-toxic
GRYVIDVVG,0.4220197186506605,anti-toxic
GVRCDGDGD,0.42201698087651307,anti-toxic
GYSVLIGNS,0.4220040229279237,anti-toxic
GSCGLCGHR,0.4219959483935788,anti-toxic
GIVCNDFGD,0.4219959483935788,anti-toxic
GCDHYFGGN,0.421992169011342,anti-toxic
GFCGCRGFR,0.42199082621114625,anti-toxic
GYDFCDCFY,0.42198800337675896,anti-toxic
GIYCNFGHG,0.42198800337675896,anti-toxic
GVYSIRGVS,0.42197824953947644,anti-toxic
GVYDRYYFD,0.4219659898186072,anti-toxic
GDCYYDCFF,0.421947004208199,anti-toxic
GCGFGHDVD,0.4219437314334499,anti-toxic
GFYNNFDDY,0.42189846366098016,anti-toxic
GRVFVDCVF,0.42189846366098016,anti-toxic
GYCIGCVFD,0.42189846366098016,anti-toxic
GIFYGGVCD,0.42189213979756585,anti-toxic
GFRCSDHVF,0.42188880354905406,anti-toxic
GIYSVHCSD,0.42187801617012666,anti-toxic
GYHVHLYVD,0.42187009694105476,anti-toxic
GFLLCFGHV,0.4218658919819682,anti-toxic
GFYHFDNCF,0.42186328458545397,anti-toxic
GHYFRVCDH,0.42185216607744896,anti-toxic
GLYGLLNSG,0.42185216607744896,anti-toxic
GRNGNNDGY,0.42183980692373496,anti-toxic
GDHGDIGFL,0.42183077173364786,anti-toxic
GCDRSLCGS,0.4218184462527569,anti-toxic
GRIIHSDFC,0.4218184462527569,anti-toxic
GDYVRDVYY,0.42179741962504924,anti-toxic
GCIGLRGHS,0.4217927916181449,anti-toxic
GFHRLCSVG,0.42177261767867297,anti-toxic
GVFCHIDVG,0.42177261767867297,anti-toxic
GFDCSDVFR,0.42176010577357415,anti-toxic
GRYGCFHVR,0.4217552941972607,anti-toxic
GCYLFIRDI,0.4217493217429344,anti-toxic
GDLIIFGRY,0.42174292334466235,anti-toxic
GRFHSYDNG,0.42173167932902655,anti-toxic
GCFNGCGDN,0.42171785511862275,anti-toxic
GGHVGGGGG,0.42170673062978636,anti-toxic
GIYDFCVCY,0.42170673062978636,anti-toxic
GLGYGIDGD,0.42170673062978636,anti-toxic
GVRVSFGHG,0.4216854921779689,anti-toxic
GGCRRNGFH,0.42164404830566754,anti-toxic
GVFIGDDHG,0.42162669519833257,anti-toxic
GYGGRRSVC,0.42160392686983106,anti-toxic
GVLYCSHFY,0.42160392686983106,anti-toxic
GIYDCFSSG,0.4215555402081016,anti-toxic
GVRVSCGSD,0.4215555402081016,anti-toxic
GYVRLIGGY,0.42152740594955496,anti-toxic
GCYCCFGCG,0.42151733640360795,anti-toxic
GNCYFDVYH,0.4215090094873304,anti-toxic
GVSGYVSSG,0.4214960410210827,anti-toxic
GFGFNCDCG,0.4214960410210827,anti-toxic
GYHFCDNVN,0.4214852293383939,anti-toxic
GSCCYGGCG,0.4214789680193349,anti-toxic
GVVFDHCCD,0.4214748837900217,anti-toxic
GLCHVLIDS,0.4214682310456047,anti-toxic
GCFHSDLFY,0.4214554754987383,anti-toxic
GVVSHSGIG,0.42144340405081515,anti-toxic
GFVFVGGFN,0.4214400730735455,anti-toxic
GVFSHHNSG,0.4214211045215605,anti-toxic
GRILRCGVR,0.4214211045215605,anti-toxic
GFFFFLDGV,0.4214211045215605,anti-toxic
GIFNLLGLH,0.42140745797622786,anti-toxic
GFIVFDSFV,0.4214048354593209,anti-toxic
GNFDRGHVN,0.42140372196509707,anti-toxic
GRFFFIGIR,0.42140096519618864,anti-toxic
GRGDVSGIN,0.42140096519618864,anti-toxic
GLYVCFDGD,0.4213916098370503,anti-toxic
GHYYFCGFC,0.4213826866806842,anti-toxic
GHCCNNGFF,0.4213704195145702,anti-toxic
GCDFVSGYY,0.4213660224640444,anti-toxic
GYYRCLVFR,0.4213660224640444,anti-toxic
GLNFVVHFR,0.42135823033195663,anti-toxic
GDCNDGVYD,0.42132382722651757,anti-toxic
GSYNFDCCY,0.42130078467540977,anti-toxic
GFFFCFVFF,0.42128819113662,anti-toxic
GHCNLFGFC,0.4212736110639013,anti-toxic
GSCSFDHDG,0.4212634372546615,anti-toxic
GHCGIYGLS,0.4212410860808884,anti-toxic
GCSFGRGCG,0.4212410860808884,anti-toxic
GFHGCNNDN,0.42120929305630433,anti-toxic
GFCVSFGCD,0.4212084235761233,anti-toxic
GFCRRYHIC,0.42119246830574913,anti-toxic
GYFSFDVFN,0.4211827133730345,anti-toxic
GYCCCCHDN,0.4211743902961111,anti-toxic
GYCLCDIFD,0.4211592204185004,anti-toxic
GGRSNLDHD,0.4211445989773012,anti-toxic
GCRYHSDYS,0.42113782059283555,anti-toxic
GGSIGYDGD,0.4211098423716354,anti-toxic
GILCGSRFG,0.42110415081168634,anti-toxic
GCFHYFDCD,0.42110296918499895,anti-toxic
GDSHGHHGI,0.42110068871166517,anti-toxic
GFSNVDVHR,0.42108896765419457,anti-toxic
GYVFNFGRR,0.42108412491441677,anti-toxic
GVYLDFGFV,0.4210613977775369,anti-toxic
GFYRFHGGD,0.42100531274073105,anti-toxic
GFGFCHVRC,0.42100531274073105,anti-toxic
GRCRRGVYC,0.42100531274073105,anti-toxic
GRIYRSVVF,0.42100531274073105,anti-toxic
GNHSDLGSS,0.42100531274073105,anti-toxic
GICRSSGYH,0.42100531274073105,anti-toxic
GGGDINDVG,0.42100531274073105,anti-toxic
GICFRDVRG,0.42096824266415156,anti-toxic
GNIFDDGFY,0.42095025163360145,anti-toxic
GFFFLCGYI,0.42094540592197227,anti-toxic
GFCIRFGGH,0.4209362949444947,anti-toxic
GSYDCRGCS,0.4209239155927272,anti-toxic
GCFFGGHLR,0.4209187395356396,anti-toxic
GFNFSRGGD,0.42091440385308876,anti-toxic
GCRGDFSFG,0.42091286048239296,anti-toxic
GFLGDCCFD,0.42089196854333055,anti-toxic
GRYVCLDGF,0.4208892067430061,anti-toxic
GLDCNGGHS,0.4208892067430061,anti-toxic
GSHFGNVCG,0.4208829452434003,anti-toxic
GCFYFFSGS,0.4208783817207121,anti-toxic
GCYYDRGDD,0.4208783817207121,anti-toxic
GRCLSNNFS,0.42084562803771375,anti-toxic
GRCVLIGVR,0.42083725024866003,anti-toxic
GVYSRIGVH,0.42083281393723065,anti-toxic
GSLVVYVVN,0.4208211465854927,anti-toxic
GYCCGLVGG,0.42080289163154183,anti-toxic
GLSCGGCVG,0.4207966878234736,anti-toxic
GCFRSVVSV,0.4207866347492511,anti-toxic
GNGDDCSCD,0.4207723258095281,anti-toxic
GRYLNYHCG,0.42076753858647337,anti-toxic
GFGYLYNGD,0.42076753858647337,anti-toxic
GFGSYDGCV,0.42075668271710726,anti-toxic
GFGFGCGFH,0.42072703775348497,anti-toxic
GGHCGLVDS,0.4207172235216076,anti-toxic
GNCCVISVG,0.4207172235216076,anti-toxic
GFYYRDFYF,0.4207172235216076,anti-toxic
GRDGFGVYC,0.4206995791963178,anti-toxic
GLVVSYVDR,0.42068313581059735,anti-toxic
GVVYGLCYG,0.42068313581059735,anti-toxic
GFYYRFGGH,0.4206677747890411,anti-toxic
GRGDRSVLG,0.4206628767033537,anti-toxic
GGNVGDIFG,0.4206585152441402,anti-toxic
GFCRDFSVG,0.42063989876721425,anti-toxic
GLRVGGNYD,0.42063989876721425,anti-toxic
GNYVSHGYH,0.42063989876721425,anti-toxic
GGRIIDSGD,0.42063989876721425,anti-toxic
GFIDFGVVR,0.42063989876721425,anti-toxic
GHVGRCCFY,0.420628666093454,anti-toxic
GRFYGLDLR,0.4206104596640188,anti-toxic
GRGLSSDSS,0.4206039933079814,anti-toxic
GVCSFFVDR,0.42059900282275126,anti-toxic
GVNLYNGIS,0.42058823087328573,anti-toxic
GYYDFISVY,0.4205832578174237,anti-toxic
GNFFVVDYG,0.42056975510528294,anti-toxic
GFIIRVGCG,0.42054779941750986,anti-toxic
GVRYFNNFG,0.42053998056088293,anti-toxic
GLFNVHGFY,0.4205307109647778,anti-toxic
GRYIVLGHG,0.420505836570779,anti-toxic
GDIYCLVYI,0.420505836570779,anti-toxic
GVIFYCRSG,0.420505836570779,anti-toxic
GVGVSFCVG,0.420505836570779,anti-toxic
GIDSRFRVH,0.420505836570779,anti-toxic
GFCVDHGIS,0.4204662851403156,anti-toxic
GVFRFDVCG,0.42040587236688426,anti-toxic
GSGVRLGDD,0.42040265597826204,anti-toxic
GVLCGNGYV,0.42040265597826204,anti-toxic
GVICFLRNR,0.4203936302707353,anti-toxic
GVFYSYVFF,0.4203936302707353,anti-toxic
GCFLYSCVD,0.4203648547542826,anti-toxic
GCRCSCGLS,0.4203648547542826,anti-toxic
GRFCNGLVD,0.4203601856993196,anti-toxic
GVVVGVVHD,0.42034411827365686,anti-toxic
GVRCFIGVR,0.42034411827365686,anti-toxic
GHIHGDVIR,0.4203363831585801,anti-toxic
GSYIDVSYR,0.42030945651683227,anti-toxic
GFYCFDVFN,0.4202983380088273,anti-toxic
GFSIDNVLY,0.42029159938059063,anti-toxic
GSYGDLHGG,0.4202620818430173,anti-toxic
GGVHGIGVV,0.42024316955261704,anti-toxic
GNIIDIGYY,0.4202318584278314,anti-toxic
GFFFDYVFS,0.4202164033831899,anti-toxic
GCIYVGSLL,0.4202164033831899,anti-toxic
GFFFDFFDI,0.4202164033831899,anti-toxic
GGYRYDCVG,0.4202164033831899,anti-toxic
GYGFCVGSD,0.4202164033831899,anti-toxic
GFVGDVYDD,0.4202164033831899,anti-toxic
GNLHSGVGS,0.4202041867702436,anti-toxic
GYGRVDRGD,0.4201725330379934,anti-toxic
GRFSYVGFH,0.420167876149003,anti-toxic
GHFCFGGYY,0.42015479695966595,anti-toxic
GSFFLDGCS,0.4201452017301239,anti-toxic
GLVCFNCDG,0.42013824567281677,anti-toxic
GSCCCGGSG,0.42013206616923354,anti-toxic
GHGIGFSFG,0.420112987623229,anti-toxic
GFGCSFGRR,0.42010808701352914,anti-toxic
GFRDFDCHD,0.420091856642473,anti-toxic
GFGGCNSFG,0.42008896332302853,anti-toxic
GFGICGSCG,0.42008275374929827,anti-toxic
GRINLDFDG,0.42008275374929827,anti-toxic
GVVFYGGCG,0.42007768439074533,anti-toxic
GVIVGSCCG,0.4200734676031744,anti-toxic
GYCHYGYVR,0.42006832320380333,anti-toxic
GYYLFVRNR,0.4200573979294695,anti-toxic
GSSVNHGCD,0.4200503992471673,anti-toxic
GLNVVCDCG,0.42004521911534354,anti-toxic
GYFCYSRFR,0.4200419528960467,anti-toxic
GGIFVYDSC,0.420027538634876,anti-toxic
GISGYVRYS,0.42000578529860444,anti-toxic
GCNGCIGDD,0.41999954076990614,anti-toxic
GLRHCCGFH,0.41999737615391775,anti-toxic
GGSVCNGGG,0.4199877671673784,anti-toxic
GCGYFYNGY,0.4199869041612016,anti-toxic
GVLGLLNSG,0.4199757581304398,anti-toxic
GRRYFLCHS,0.419965293528317,anti-toxic
GLYCCVGCG,0.41995574848975786,anti-toxic
GILDVHDFY,0.41995574848975786,anti-toxic
GFSGVCFDD,0.41995574848975786,anti-toxic
GDCFFYGIS,0.41994847393624635,anti-toxic
GRIFFCDVY,0.41994274585560765,anti-toxic
GFFYDCGCG,0.41994274585560765,anti-toxic
GFGYFYSVG,0.4199381184897458,anti-toxic
GCDYVFDSC,0.41993430237820545,anti-toxic
GLCIGDRDR,0.41993014603252565,anti-toxic
GVYVRLVID,0.41991793058788035,anti-toxic
GFIIRHHDS,0.41987687993383593,anti-toxic
GSRGHDCFH,0.4198761600015334,anti-toxic
GYILRGGHG,0.41987510379295967,anti-toxic
GYFCVNRDN,0.41983328941625153,anti-toxic
GFYGFRDYD,0.4198135594699456,anti-toxic
GVCYICDGD,0.4197959149057039,anti-toxic
GSDRYIGHR,0.4197959149057039,anti-toxic
GGFVCIGVR,0.41978819198682116,anti-toxic
GRIVFLRSD,0.4197684461677103,anti-toxic
GVCYVFRYS,0.4197684461677103,anti-toxic
GFCSYILSG,0.41975863386813317,anti-toxic
GGLCCDDDD,0.41975554358502387,anti-toxic
GDYVLSGHR,0.4197501720105511,anti-toxic
GFRVYGRDG,0.4197480490945381,anti-toxic
GLYDFDRCV,0.41974586283206294,anti-toxic
GGIGDFHGG,0.4197197829952796,anti-toxic
GVSFVIGDR,0.41968360836847074,anti-toxic
GSVCRYGVY,0.41965329069140583,anti-toxic
GNRVSDCGH,0.41965161024858866,anti-toxic
GCFGGGRFS,0.41962536088774316,anti-toxic
GDHHFCFDR,0.41960998790383314,anti-toxic
GYCNYVSGD,0.41960998790383314,anti-toxic
GRCNVCGCG,0.41960998790383314,anti-toxic
GSSFSGVCG,0.41960199757253447,anti-toxic
GLFFSVYDG,0.41959275296993,anti-toxic
GVSLIVNSG,0.4195914095535984,anti-toxic
GSVFCNLGC,0.4195690996599671,anti-toxic
GFGCFNCSG,0.4195569734406444,anti-toxic
GYFNYLNCS,0.4195569734406444,anti-toxic
GYIDCRGGD,0.41954464070957354,anti-toxic
GICFCCFFL,0.41954107840134597,anti-toxic
GCCHGDCLH,0.41953462226687127,anti-toxic
GGCSFVCYD,0.41953462226687127,anti-toxic
GYFRFGVCG,0.41953462226687127,anti-toxic
GCLFGDVVY,0.41953462226687127,anti-toxic
GVFRSRRGS,0.4195214472556638,anti-toxic
GGGVCHSSG,0.41951569075847894,anti-toxic
GCGNLYGCD,0.41950515759832285,anti-toxic
GYYSFHSCG,0.41948944913578173,anti-toxic
GFVHFLYGR,0.4194796865281473,anti-toxic
GYDYFGYVR,0.4194796865281473,anti-toxic
GVFVHHVVD,0.4194796865281473,anti-toxic
GRYLHDRHD,0.41946979735714524,anti-toxic
GINNCSFFR,0.41946820318008804,anti-toxic
GFRSVFRSH,0.4194627392223872,anti-toxic
GDLVNIGVS,0.4194574486581558,anti-toxic
GGGYCFVLC,0.4194574486581558,anti-toxic
GFCDRYFCD,0.4194574486581558,anti-toxic
GCLGSSFFR,0.41944159256301256,anti-toxic
GLNFLGHFL,0.41943786511332337,anti-toxic
GLFRHVDLY,0.4194204874256311,anti-toxic
GVCLRFSYS,0.4194204874256311,anti-toxic
GVRCGNCVH,0.41940496276989286,anti-toxic
GCFCVCGFH,0.41940496276989286,anti-toxic
GHVISLSGR,0.41940496276989286,anti-toxic
GYFYIDFRR,0.41940496276989286,anti-toxic
GSDCCSGDD,0.4193910097576701,anti-toxic
GFLHVNHFV,0.4193866674424867,anti-toxic
GGCVRDSSG,0.4193866674424867,anti-toxic
GNVFYRSCG,0.4193706494997304,anti-toxic
GIRCCDGGG,0.4193565086270441,anti-toxic
GFNLFCDYG,0.41934694467056094,anti-toxic
GFCFCDIYD,0.41934393313893253,anti-toxic
GVCLCFRYG,0.4193381533732681,anti-toxic
GGIINNDFV,0.4193351300805876,anti-toxic
GCFVIYDDR,0.41932254221987025,anti-toxic
GHLLNDDHR,0.41931558030837546,anti-toxic
GRGGSDGFV,0.41930910260353893,anti-toxic
GCCFSVGFC,0.4192904260825004,anti-toxic
GFFFCGGDD,0.4192780642023796,anti-toxic
GLLYVHNFD,0.4192780642023796,anti-toxic
GSRGRSCCD,0.4192780642023796,anti-toxic
GYVYSCNFY,0.4192561646092142,anti-toxic
GDLCYSCCG,0.4192173017615054,anti-toxic
GYGHNFHLR,0.41921040091407263,anti-toxic
GCSGCDRSG,0.4192079344248922,anti-toxic
GYCHGCVYG,0.41920036958978263,anti-toxic
GFCDFIGVY,0.4191944047190747,anti-toxic
GFGCDFRGR,0.4191806215580575,anti-toxic
GRCVDSSRL,0.4191293077419757,anti-toxic
GVNLYCCDG,0.4191293077419757,anti-toxic
GFIFCCGFA,0.4191293077419757,anti-toxic
GFRDDYVYN,0.4191293077419757,anti-toxic
GFCYSFGYI,0.4191293077419757,anti-toxic
GIFYFYSGS,0.4191293077419757,anti-toxic
GFSFCCCVD,0.4191293077419757,anti-toxic
GFGGNFNFY,0.4191293077419757,anti-toxic
GLGGGDYGS,0.4191293077419757,anti-toxic
GSIDDLGHG,0.4191293077419757,anti-toxic
GCIYNLHFG,0.41903898966285147,anti-toxic
GCDYLNVGG,0.4190264065492414,anti-toxic
GYCDGFCYG,0.4190097497283085,anti-toxic
GFSICDSVG,0.4190063373637429,anti-toxic
GSYVDDLGH,0.4189904889835928,anti-toxic
GDSVGDDGS,0.4189826114116151,anti-toxic
GDFVFVGYV,0.4189826114116151,anti-toxic
GLIYNCVVG,0.4189737859920941,anti-toxic
GINFFIRGG,0.41896728778788495,anti-toxic
GYLINGGLG,0.4189664371299399,anti-toxic
GLHLNCDDR,0.4189638307036227,anti-toxic
GCDFSLGRR,0.4189638307036227,anti-toxic
GLCSVLSGG,0.4189525137310248,anti-toxic
GFDRGDVCN,0.4189525137310248,anti-toxic
GIVIIVGFS,0.4189323041178658,anti-toxic
GNGCYISCG,0.41891894470472957,anti-toxic
GFCIDDVSG,0.4189068777847943,anti-toxic
GFHDYNRGD,0.4188859373338679,anti-toxic
GLCSDDGVR,0.4188859373338679,anti-toxic
GLDDNYLSG,0.41888073701197903,anti-toxic
GYVGGRGDS,0.4188379327012552,anti-toxic
GDSFVRLYD,0.418835169917049,anti-toxic
GGYCRHGCD,0.4188294841319292,anti-toxic
GCHCGLRVD,0.4188294841319292,anti-toxic
GLNHFNFDG,0.41882302535704613,anti-toxic
GLFRVNGVS,0.41881102668566095,anti-toxic
GLFVLIRYH,0.4188082027499698,anti-toxic
GVDDRLNVY,0.4187988195729923,anti-toxic
GYRDCGGVY,0.4187901476451577,anti-toxic
GNHDYFDGD,0.4187901476451577,anti-toxic
GVDFHVVHY,0.4187797930892504,anti-toxic
GRDFCLRHR,0.41876633698795707,anti-toxic
GCCVRNVVY,0.4187503752670995,anti-toxic
GCFCRGGHS,0.41874851466023366,anti-toxic
GCVYHSCVN,0.41873893065330603,anti-toxic
GRGDHGGFC,0.41873893065330603,anti-toxic
GIVGICGCG,0.41872132792624855,anti-toxic
GVHLYVIDD,0.41871823863234287,anti-toxic
GSIGCYFDD,0.4187148589481998,anti-toxic
GFFYGDYFN,0.41869076735487687,anti-toxic
GCCLVFYDD,0.41868907001355016,anti-toxic
GRNDGGNGD,0.4186762096498565,anti-toxic
GLRLFGSVL,0.4186694935307817,anti-toxic
GFCNSVDGG,0.41865655674157887,anti-toxic
GLFFGYHDY,0.418640512550363,anti-toxic
GGYVFDCGG,0.41863427237331513,anti-toxic
GLYFFCSSG,0.41863427237331513,anti-toxic
GGYGVDHHS,0.4186246075318887,anti-toxic
GCDSFGVVG,0.4186246075318887,anti-toxic
GCHCVHGRV,0.41858677864968163,anti-toxic
GFGCFNDHD,0.41857001019924983,anti-toxic
GLRNLDLID,0.41857001019924983,anti-toxic
GSGVLCHYN,0.41857001019924983,anti-toxic
GSCVNIDHG,0.41857001019924983,anti-toxic
GVNHCFGDG,0.41855446386995737,anti-toxic
GYFNSGDGY,0.4185490879069706,anti-toxic
GVYGGFYDG,0.4185490879069706,anti-toxic
GCDDCVFFR,0.4184880244116917,anti-toxic
GILCCCHFR,0.4184757418068886,anti-toxic
GFYCGFSLY,0.4184757418068886,anti-toxic
GCRGLRGFG,0.4184722811690019,anti-toxic
GDFSGYGYR,0.4184380472437714,anti-toxic
GCFCGDLGY,0.41843306926291207,anti-toxic
GFCNYILYN,0.41841559438183523,anti-toxic
GCYDFLHFF,0.41841559438183523,anti-toxic
GYCDSIGFF,0.4183972197131391,anti-toxic
GCRNVIGLG,0.4183738814219124,anti-toxic
GSIYYFVSD,0.41836702735121006,anti-toxic
GSDLIYGLR,0.4183574779401619,anti-toxic
GLRCGLGDS,0.41835447349201466,anti-toxic
GGRCRGRVG,0.4183511414669424,anti-toxic
GGCFYYGGG,0.418348202348135,anti-toxic
GVFVRYSCG,0.41834325416647633,anti-toxic
GVCYSGGFV,0.4183343008410062,anti-toxic
GILYRHVCG,0.4183269899784058,anti-toxic
GNFCRDVDV,0.4183269899784058,anti-toxic
GCRDDCSRY,0.4183131736842629,anti-toxic
GCNVFICSG,0.41830129131974547,anti-toxic
GSYVCSCFS,0.41830129131974547,anti-toxic
GIVCGGDDN,0.4182738919013014,anti-toxic
GFYVLHDGH,0.4182738919013014,anti-toxic
GCYSGRGVR,0.41825037702023327,anti-toxic
GFDIGLDFH,0.4182446171082722,anti-toxic
GCFGYVGLG,0.41824027062106606,anti-toxic
GYCVSIVDI,0.41823144824933706,anti-toxic
GCSGICGGG,0.41821326757551885,anti-toxic
GFHRHCVVD,0.41821326757551885,anti-toxic
GLFSCDLGN,0.41820231810101643,anti-toxic
GHRYHFGVR,0.4181750419571544,anti-toxic
GFDDLLIYN,0.41817149443241897,anti-toxic
GSRFVDGHV,0.41816019499559887,anti-toxic
GSCVRHFVD,0.4181433947603246,anti-toxic
GSSVSSIYV,0.4181433947603246,anti-toxic
GDYGCFVVI,0.4181433947603246,anti-toxic
GCYCNLDFV,0.4181433947603246,anti-toxic
GGCVGDVCG,0.4181433947603246,anti-toxic
GCFSSNVYS,0.41812422864977605,anti-toxic
GISYDYVCN,0.41811767327126476,anti-toxic
GCCHHFNGG,0.4181079840642388,anti-toxic
GSFSLDCGG,0.4180819408926823,anti-toxic
GFCDGSCDR,0.4180819408926823,anti-toxic
GCYCFNSVG,0.4180764721187093,anti-toxic
GGFRSGSYG,0.4180699349357409,anti-toxic
GFIYHCDFN,0.4180619823536932,anti-toxic
GCYNFHSVD,0.4180619823536932,anti-toxic
GNFIGRGFC,0.41805426300384896,anti-toxic
GICFFDVYR,0.41804049966254936,anti-toxic
GNSFFNSSD,0.4180394841289153,anti-toxic
GVVYCDICF,0.41799980260100583,anti-toxic
GFYYNFNYF,0.41799980260100583,anti-toxic
GGCVDIVDH,0.4179537050949795,anti-toxic
GVGIVVRDG,0.41795076025643296,anti-toxic
GLGHGLNRR,0.41795076025643296,anti-toxic
GRLSVLDDC,0.41793663708829126,anti-toxic
GYDFYGCCG,0.4179234431314635,anti-toxic
GCYFSVGDR,0.4179180506214495,anti-toxic
GLFCGGCFD,0.41791108960265766,anti-toxic
GGGCDFGCS,0.41791108960265766,anti-toxic
GIIFVCFVR,0.41791108960265766,anti-toxic
GYDVRLFYY,0.41791108960265766,anti-toxic
GFLILCGFV,0.41788442368413375,anti-toxic
GLYGCCGDN,0.41786865524023165,anti-toxic
GLHYHFCLN,0.4178508420501017,anti-toxic
GDYVYGHVD,0.4178386842604811,anti-toxic
GSHLGLCGN,0.41783483738897687,anti-toxic
GNYSLFRVG,0.41783483738897687,anti-toxic
GSILDSGLY,0.4178072535036805,anti-toxic
GCIFCLDVN,0.4178072535036805,anti-toxic
GSFDGHGGD,0.4177930159741529,anti-toxic
GCLCYFCVY,0.4177896867332502,anti-toxic
GNYCCYHYN,0.41778432530464643,anti-toxic
GLCGIIYDD,0.41777425365700954,anti-toxic
GCNRVFRSG,0.41777425365700954,anti-toxic
GCLFFGHIR,0.41777425365700954,anti-toxic
GLHCRFNCD,0.4177636006986009,anti-toxic
GVHICRIFL,0.41773956421396996,anti-toxic
GRDGFGVLN,0.4177215448175853,anti-toxic
GGLYHVCVD,0.4177186568468583,anti-toxic
GSYVIFSGH,0.4176840668677948,anti-toxic
GRFDCFVLD,0.41766456948370195,anti-toxic
GVLCFFDDH,0.41766456948370195,anti-toxic
GCHGVCVVD,0.4176612686588127,anti-toxic
GGVLIHSVD,0.41763990977373855,anti-toxic
GCDCFFSYY,0.41762014833329075,anti-toxic
GLCCSCGYD,0.41761344413702634,anti-toxic
GVYHINFFD,0.41760278778050314,anti-toxic
GDFFFDDFV,0.4175935337882823,anti-toxic
GVYCIDIGN,0.4175913400494234,anti-toxic
GFRVSCCDD,0.41758834403692385,anti-toxic
GRIFCSSFV,0.41757716980149445,anti-toxic
GICGGCGVF,0.41757716980149445,anti-toxic
GFFNYNCFR,0.41753556473541836,anti-toxic
GYYCFGGYR,0.41753556473541836,anti-toxic
GLLLFCGFD,0.41753556473541836,anti-toxic
GICGGGGDG,0.41753556473541836,anti-toxic
GLHSLNCFG,0.41753556473541836,anti-toxic
GSYGYNGVH,0.41753556473541836,anti-toxic
GGFSCLRGG,0.41753556473541836,anti-toxic
GVGFCCGFL,0.41753556473541836,anti-toxic
GRDYRDSYV,0.41753556473541836,anti-toxic
GLICYHGHD,0.41750425633458993,anti-toxic
GLIRVNLHC,0.41749760359017296,anti-toxic
GRHCVLGFC,0.4174821163959376,anti-toxic
GIYDNYCVG,0.4174821163959376,anti-toxic
GFYYVVCDV,0.4174716932032931,anti-toxic
GIGVGLFCS,0.4174621483745127,anti-toxic
GVYCCVGCG,0.4174269956380895,anti-toxic
GCICLSGSD,0.4174249587289875,anti-toxic
GFLRNSVYG,0.4174183620678866,anti-toxic
GCVYVDSLG,0.4174183620678866,anti-toxic
GFDGNIFFR,0.4173928220942309,anti-toxic
GGDVLCVGC,0.4173816414724556,anti-toxic
GCDGFLVGG,0.4173816414724556,anti-toxic
GGGVGGGCG,0.4173731610631351,anti-toxic
GRYVCSGLR,0.4173272533642953,anti-toxic
GNICNSCFN,0.4173114127397827,anti-toxic
GIRYLYSNG,0.4173114127397827,anti-toxic
GFHNGDDVF,0.4172825530871885,anti-toxic
GVIVHNRFY,0.4172825530871885,anti-toxic
GDDFFCSYD,0.4172825530871885,anti-toxic
GFCRFNDSD,0.4172825530871885,anti-toxic
GLRRLIVDY,0.4172758658208429,anti-toxic
GIHVGCYDG,0.4172613716068564,anti-toxic
GGCGCVGCG,0.41725692842382817,anti-toxic
GCYSCLGYI,0.41725161933013966,anti-toxic
GFCCLYDSC,0.4172451638674243,anti-toxic
GFSRYVCGL,0.4172206724261713,anti-toxic
GYVIGGGHG,0.41720437929849696,anti-toxic
GYVIRDVCR,0.41720124916169865,anti-toxic
GIGVGDLFG,0.4172000962098419,anti-toxic
GCCDCYCLV,0.417194807964776,anti-toxic
GVCRGNCVY,0.417194807964776,anti-toxic
GYRIYCGVR,0.4171624594874676,anti-toxic
GFVVYRHGD,0.4171624594874676,anti-toxic
GFYGFNHVY,0.4171597148790712,anti-toxic
GGLICHGGG,0.41713325393137934,anti-toxic
GFLGSFHID,0.41713103959495246,anti-toxic
GFFVVFGYG,0.41712332504437705,anti-toxic
GIFVFSHHN,0.41712332504437705,anti-toxic
GNGVCGVYG,0.41712332504437705,anti-toxic
GCRFYGCCF,0.41707501911229866,anti-toxic
GGFVSDDYC,0.41707006025226967,anti-toxic
GCVLFSGYC,0.41706112035459586,anti-toxic
GHCHGGFVG,0.4170401905720897,anti-toxic
GFHHLGGIS,0.41702107796164384,anti-toxic
GDSIIRGLG,0.41701388961935465,anti-toxic
GFCISGFDD,0.41700301472153384,anti-toxic
GLRRGSGGV,0.41700098856979256,anti-toxic
GYFVGGVCG,0.41699332594682537,anti-toxic
GYSGCGVCD,0.41699332594682537,anti-toxic
GLDGFHGIS,0.41698463927538654,anti-toxic
GGSFSYCDG,0.4169738854382244,anti-toxic
GVRGYIRDV,0.416963245985468,anti-toxic
GCYYRYCGY,0.416963245985468,anti-toxic
GYRDFYDVY,0.4169519139529059,anti-toxic
GFSIHIGVR,0.41694986743571943,anti-toxic
GYSYRHNFG,0.4169469188183425,anti-toxic
GCVNCGFDH,0.4169236428592886,anti-toxic
GVVSIFGGG,0.4169150552972358,anti-toxic
GCCSYYGCD,0.4169150552972358,anti-toxic
GYRRGISFD,0.41690784774801765,anti-toxic
GIYFLFNVD,0.4168995062776892,anti-toxic
GSNCFGLIY,0.4168918247820175,anti-toxic
GNVVRFGIG,0.4168918247820175,anti-toxic
GFCDHSGVY,0.4168732274377515,anti-toxic
GYYFHSGCR,0.41685277127883,anti-toxic
GSDGRGNRG,0.4168253528324114,anti-toxic
GFCYYGFLR,0.4168253528324114,anti-toxic
GFGYYYDDI,0.4168253528324114,anti-toxic
GYCHFLHYH,0.4168253528324114,anti-toxic
GFYVYDSFN,0.4168253528324114,anti-toxic
GNCYCVDFG,0.4168253528324114,anti-toxic
GVYGYVCDL,0.4168253528324114,anti-toxic
GYCIVCGLG,0.4168162310109241,anti-toxic
GVFYYVFDR,0.41678939683769756,anti-toxic
GRGYLCDSD,0.41678763565127663,anti-toxic
GCNYSLSCG,0.416780818943744,anti-toxic
GFCVVLRDS,0.41677540234849836,anti-toxic
GVRCNFCVD,0.4167700181210028,anti-toxic
GHCFSFNYR,0.4167668659315213,anti-toxic
GCYVIGGYG,0.4167633329134337,anti-toxic
GFYSHCDDH,0.41675616854467085,anti-toxic
GSNVNVCDF,0.41674088110672486,anti-toxic
GVRCFLDYH,0.4167215167334342,anti-toxic
GLCDHCDDY,0.4167092113492901,anti-toxic
GCYNIVDYC,0.41668574870317454,anti-toxic
GSRIHLHGF,0.4166687091943189,anti-toxic
GCNVDNHVR,0.41666031597619646,anti-toxic
GVGGIGLVD,0.41665097239164123,anti-toxic
GSSGDDVHN,0.4166441325160314,anti-toxic
GYYVYGLVD,0.41664050733828095,anti-toxic
GCFGCFSFG,0.4166261625881714,anti-toxic
GLDISSDVG,0.4166181216017278,anti-toxic
GFYVVSNYY,0.41661165152072915,anti-toxic
GFRYINRSG,0.41659992096547416,anti-toxic
GLCCVRGFG,0.41657394369620054,anti-toxic
GDYHLDRCS,0.4165364971636961,anti-toxic
GFYCLFSGG,0.4165364971636961,anti-toxic
GFVCHSGVH,0.41650660457450417,anti-toxic
GGFHLSRHR,0.41650660457450417,anti-toxic
GNRDVGGFH,0.4164829842834205,anti-toxic
GYFCDHGVG,0.4164778338237879,anti-toxic
GRNFGSCCG,0.4164735031132262,anti-toxic
GCCYSYCDN,0.41646981087075846,anti-toxic
GIDFDVHHY,0.416463849586219,anti-toxic
GNFRFRGFG,0.41645012292249367,anti-toxic
GYLHGCVCD,0.41644470278947127,anti-toxic
GDYSGIGFD,0.41642341436605074,anti-toxic
GFLGRYRIV,0.41638511510398585,anti-toxic
GFSGFLVLR,0.41635897420243323,anti-toxic
GIHFDDCSG,0.41634878690957305,anti-toxic
GCRGGSGGH,0.41634878690957305,anti-toxic
GHCGVFCVG,0.41634878690957305,anti-toxic
GCFCYIHFY,0.4163255892767975,anti-toxic
GRCNCDGFI,0.4163255892767975,anti-toxic
GCVSSYDDR,0.4163255892767975,anti-toxic
GFYSRHCYG,0.4162814648691494,anti-toxic
GSIHISFCD,0.4162814648691494,anti-toxic
GCHIRCGFL,0.41627397541914873,anti-toxic
GCFCRDNHD,0.4162563458962454,anti-toxic
GVRSCDHGR,0.4162563458962454,anti-toxic
GCCDINGLG,0.41625361432120217,anti-toxic
GSFSCDDID,0.4162496183627697,anti-toxic
GFRLIDCGH,0.416240129078712,anti-toxic
GIICFDSFF,0.416240129078712,anti-toxic
GYFRGNRGD,0.41620132564635376,anti-toxic
GYYGCDSGG,0.41619597551199,anti-toxic
GGLFCVSGN,0.4161648287782367,anti-toxic
GNLYSGGSD,0.4161648287782367,anti-toxic
GFYIVFVFN,0.4161648287782367,anti-toxic
GCFLVHRGG,0.4161648287782367,anti-toxic
GHVVGDVLN,0.41614870587875263,anti-toxic
GYLRYDVIF,0.41614738197771595,anti-toxic
GDIRINGYS,0.4161139776006242,anti-toxic
GRDSSYSFG,0.4160802341965512,anti-toxic
GSRFYCGCD,0.41606728930968445,anti-toxic
GISYNVRYG,0.4160496669403135,anti-toxic
GRSGHDHGG,0.41604700607488154,anti-toxic
GDYVGFDCS,0.4160335371016812,anti-toxic
GRFDYSGGR,0.41602427281976184,anti-toxic
GCDRRVDHI,0.41601970113046904,anti-toxic
GSSYCSVCD,0.4160160723178328,anti-toxic
GGFGFDHDV,0.41601312195773266,anti-toxic
GLGNLCGGD,0.41600400874977306,anti-toxic
GGCCLLVFR,0.4159915153810966,anti-toxic
GRGDLLVCR,0.4159845113656802,anti-toxic
GSRFNNVVI,0.4159845113656802,anti-toxic
GRGVFYGFN,0.4159845113656802,anti-toxic
GCVSCCYSG,0.4159845113656802,anti-toxic
GVSGGNGFF,0.4159845113656802,anti-toxic
GFVYCLGLG,0.4159677894019139,anti-toxic
GLFGGCRNY,0.4159631128053101,anti-toxic
GYFCRFDCY,0.4159609128935412,anti-toxic
GCYIRGCCD,0.41592939260659956,anti-toxic
GRCRGFCLD,0.4159267939781406,anti-toxic
GIDDSGIVD,0.41591337968393854,anti-toxic
GFNSYCCVD,0.41591337968393854,anti-toxic
GDCLRSIDH,0.41590950584200803,anti-toxic
GYCGRGCLG,0.41589713344415274,anti-toxic
GGHCGLDIR,0.41589184210641406,anti-toxic
GRDVSFHGN,0.4158876524809392,anti-toxic
GVRVRLNFR,0.4158858686046994,anti-toxic
GFCYHVVGN,0.4158814392204466,anti-toxic
GFCVCVSDG,0.41586972492866914,anti-toxic
GSDGIGCFG,0.41586221967396936,anti-toxic
GHFVYNCCS,0.41585159798073973,anti-toxic
GDHFCVGGD,0.41583277004923863,anti-toxic
GHCCCGGYN,0.4158077276355433,anti-toxic
GGFGRGVVG,0.4158077276355433,anti-toxic
GLGCYRVVD,0.415804761153312,anti-toxic
GCICCGYGD,0.41579743641904293,anti-toxic
GYYVIFDFN,0.4157890523556855,anti-toxic
GFCISFRDN,0.4157808371688678,anti-toxic
GNGYVSNVS,0.41574956709059513,anti-toxic
GIVGFIIDY,0.41574956709059513,anti-toxic
GCYGGFFDH,0.41574956709059513,anti-toxic
GDIHGFRCG,0.41574212436021263,anti-toxic
GYFFVDSGH,0.41572062859437225,anti-toxic
GLGCRDSCR,0.41572062859437225,anti-toxic
GFIYFYGDD,0.4156937702790706,anti-toxic
GSIHRLDNN,0.4156937702790706,anti-toxic
GCDYCDCYY,0.4156687756324692,anti-toxic
GVYVGCGIS,0.4156687756324692,anti-toxic
GRCGSSGLN,0.4156454571819332,anti-toxic
GRVFIFSGH,0.4156454571819332,anti-toxic
GFICRCGGG,0.4156380280320526,anti-toxic
GRYDRCVYV,0.4156262997674147,anti-toxic
GCYRSSSFG,0.41560321680044743,anti-toxic
GCLLFDCGG,0.4155803284775929,anti-toxic
GSYDRGSGG,0.4155748639698904,anti-toxic
GFGVSDNGY,0.4155694969757554,anti-toxic
GCHYGDLGF,0.41554195580914044,anti-toxic
GHCRSDCGG,0.4155293582074863,anti-toxic
GICSSNYHR,0.41551401966455637,anti-toxic
GCDVFDFDY,0.4155118408877977,anti-toxic
GFFVYSCLD,0.4155093722605555,anti-toxic
GSYLGLLSG,0.41550329859411617,anti-toxic
GCYSHCCYD,0.41550329859411617,anti-toxic
GLHSIHVDS,0.415497361026432,anti-toxic
GRGDRDRNG,0.41548308333673345,anti-toxic
GFGDCGRFG,0.41547668333552634,anti-toxic
GGIISHVCG,0.41547354322553864,anti-toxic
GFCVCDGDG,0.41546435365557033,anti-toxic
GCYRFVGYH,0.4154469515967094,anti-toxic
GFLHDFHVR,0.41541077740034843,anti-toxic
GGCVSLNGN,0.41540143522273254,anti-toxic
GIRLRYCSG,0.415392483742681,anti-toxic
GRYGVNVFH,0.41536774286570216,anti-toxic
GIFGDGGYH,0.4153528101897193,anti-toxic
GCLVGGFCD,0.4153423322597117,anti-toxic
GFYHHSHVS,0.4153356626319069,anti-toxic
GCNSDNRYS,0.41532302148560457,anti-toxic
GFGFFNDCG,0.4153141047414603,anti-toxic
GCRILNRDG,0.41530289988892277,anti-toxic
GFVRSDCGG,0.41529240845920057,anti-toxic
GLIHGSDCG,0.415277866727179,anti-toxic
GCDDGDYGY,0.4152688869287376,anti-toxic
GLYLGNHVR,0.41525636817106115,anti-toxic
GGLYGCVVG,0.41525242765177417,anti-toxic
GSNSVSCYD,0.41524486688050805,anti-toxic
GCLCFVNSG,0.415219826116993,anti-toxic
GFVIFLLDG,0.41521536217708266,anti-toxic
GFYHFCGYC,0.41521536217708266,anti-toxic
GCLRSCYYD,0.4152015836677079,anti-toxic
GHVYFDCLF,0.4151664106465483,anti-toxic
GNCIDGVFG,0.41514203877965994,anti-toxic
GFFDSSDCG,0.415130161289692,anti-toxic
GGSDGLCYN,0.41511080468407285,anti-toxic
GRNSIGCVF,0.4151053724381376,anti-toxic
GCCHSYDCR,0.4151003532303584,anti-toxic
GFNCILVVN,0.4150935013764545,anti-toxic
GFHIGCCCD,0.41507676373077873,anti-toxic
GRGFGLCDN,0.4150641191033259,anti-toxic
GCSFSNGVH,0.41505231778318274,anti-toxic
GHIGHHNYG,0.4150311421663791,anti-toxic
GNCFSCVYG,0.414973347970818,anti-toxic
GVYGYSGGG,0.414973347970818,anti-toxic
GCSYCYVDV,0.414973347970818,anti-toxic
GFCHIFCFD,0.414973347970818,anti-toxic
GSFCVRGVS,0.414973347970818,anti-toxic
GYFVNFDFR,0.414973347970818,anti-toxic
GCFVRYYGR,0.414973347970818,anti-toxic
GFDLIYNVS,0.414973347970818,anti-toxic
GYFYCCVFD,0.414973347970818,anti-toxic
GCVHLCGFC,0.414973347970818,anti-toxic
GLCFCYHHV,0.414973347970818,anti-toxic
GFYVYDHHR,0.414973347970818,anti-toxic
GFNLCCDCG,0.414973347970818,anti-toxic
GCIDSFVCS,0.414973347970818,anti-toxic
GFCVDDCVY,0.414973347970818,anti-toxic
GVGYFSDGY,0.414973347970818,anti-toxic
GVFRFFDGF,0.414973347970818,anti-toxic
GGFVLGRGG,0.414973347970818,anti-toxic
GRFCNIDDH,0.4149067945292804,anti-toxic
GICIVDRGG,0.41489417661303724,anti-toxic
GHCRRYGLR,0.41488811698596917,anti-toxic
GCCSFIIDV,0.414884725486702,anti-toxic
GHYGHFVVR,0.41485272736681994,anti-toxic
GFSFSDVIR,0.41485050976270066,anti-toxic
GYYVVLDHC,0.4148482090902797,anti-toxic
GFFGICGGD,0.41483236615432156,anti-toxic
GVSISFRDG,0.41482932724925164,anti-toxic
GFNVVNNFI,0.4148261544490215,anti-toxic
GFYNFVNFL,0.4148157379230336,anti-toxic
GFYDHGDDD,0.414806557538542,anti-toxic
GGYRDLCYS,0.4147897527527368,anti-toxic
GLFCFIGVG,0.4147732583649274,anti-toxic
GIFGYGSGG,0.41476708129303735,anti-toxic
GCFLCHGYD,0.4147535076816877,anti-toxic
GLSYYDVLN,0.4147460281635327,anti-toxic
GFHGRCDCY,0.41474209424762054,anti-toxic
GFFCFSFVD,0.4147352261617437,anti-toxic
GSFSCGSFG,0.41470722450003855,anti-toxic
GNDFGLDNY,0.4146841900799511,anti-toxic
GYNIRISFG,0.41467496631572565,anti-toxic
GFGYDYYVN,0.41464570217489033,anti-toxic
GCRHYHDSC,0.41464570217489033,anti-toxic
GNHGIGHFG,0.41464570217489033,anti-toxic
GCIYSSVVG,0.41462880651529926,anti-toxic
GGSCGVDDF,0.4146196879497243,anti-toxic
GFGNNGYVV,0.4146196879497243,anti-toxic
GFVCCLSYD,0.41461007360258245,anti-toxic
GFDSLGHVR,0.41461007360258245,anti-toxic
GVDGFIDCC,0.41461007360258245,anti-toxic
GVLFFDCFG,0.41461007360258245,anti-toxic
GSYFRHCLG,0.41460199738649645,anti-toxic
GCYICCGFS,0.4145891865287824,anti-toxic
GCLYYGVFD,0.41457781562844787,anti-toxic
GFSLIFGLH,0.41457781562844787,anti-toxic
GYHVCLGLG,0.4145718739584943,anti-toxic
GFVVCYGHG,0.414565751055021,anti-toxic
GRYYGGSDG,0.41456261902954983,anti-toxic
GNCVVIRVD,0.4145572906355613,anti-toxic
GFYDCFCFR,0.41452768915089666,anti-toxic
GDRCVCSGP,0.4145246966066374,anti-toxic
GDRLVISDS,0.41451961871286286,anti-toxic
GFYYGHRHS,0.4145091101052305,anti-toxic
GFFNDFVVR,0.4145036711241362,anti-toxic
GFNSVFCVH,0.4144924016515628,anti-toxic
GYCSRIRFS,0.41448656165207504,anti-toxic
GFYYIFFFF,0.41447444558177327,anti-toxic
GGVCVFHYS,0.41447444558177327,anti-toxic
GLYDRVGVV,0.41447444558177327,anti-toxic
GRCRGDSVG,0.4144341865335958,anti-toxic
GCRFCLGHS,0.4144341865335958,anti-toxic
GFYYRCDYC,0.4144341865335958,anti-toxic
GCHYFISGD,0.41441620295290205,anti-toxic
GVDVSYGCD,0.414386859722466,anti-toxic
GGRSCFVFS,0.41436918212067647,anti-toxic
GFINLGGLI,0.41435040574318543,anti-toxic
GVVFRLIDR,0.4143468657559672,anti-toxic
GHGRCRGGD,0.414330424860207,anti-toxic
GFVRCFDGG,0.4143163766148224,anti-toxic
GIHCCCGLR,0.4143145772993337,anti-toxic
GSGHNGGFH,0.4143091197272878,anti-toxic
GIGHSSSYR,0.4143091197272878,anti-toxic
GSYGYFGHG,0.4142702899276956,anti-toxic
GGFILDFGR,0.41426197273903076,anti-toxic
GVCCVDFDR,0.41426197273903076,anti-toxic
GSILCDRCR,0.41426197273903076,anti-toxic
GGLDSFGVR,0.4142425198944371,anti-toxic
GGFHSSGIY,0.41420762138649087,anti-toxic
GGCINDNGG,0.41419460611580416,anti-toxic
GFLVSFDGD,0.4141927105852544,anti-toxic
GISDVGSFG,0.41418965846750727,anti-toxic
GDCDFGGHS,0.4141814963838119,anti-toxic
GLCHGNSGD,0.4141772075427232,anti-toxic
GCHGCLGDD,0.4141595773041471,anti-toxic
GNIFSDGVY,0.4141595773041471,anti-toxic
GFYNVFNGN,0.4141442777567648,anti-toxic
GVYHHICGG,0.41413736218447667,anti-toxic
GNLGYGSVF,0.4140775872918211,anti-toxic
GSVDGDVCN,0.41406950897257344,anti-toxic
GLVSFHGSS,0.41406950897257344,anti-toxic
GFYCVFDVF,0.41406950897257344,anti-toxic
GIYRVFGFV,0.41405920383697903,anti-toxic
GSFYDLRGN,0.41404149629917364,anti-toxic
GCYVCLYDN,0.4140378721499841,anti-toxic
GIFHRIGLD,0.4139799175371029,anti-toxic
GDLYLRGFV,0.4139799175371029,anti-toxic
GFHVFGGGD,0.4139799175371029,anti-toxic
GGFVDYNCG,0.41396745410618835,anti-toxic
GCRRFGVCG,0.4139546739731198,anti-toxic
GFYDFCRGS,0.4139382347576564,anti-toxic
GIGCRIRGG,0.4139281140561679,anti-toxic
GCFRGCCVF,0.4139281140561679,anti-toxic
GGYLHDDLR,0.4139281140561679,anti-toxic
GLDICFSHR,0.4139281140561679,anti-toxic
GCVRLDRCG,0.41391369931657107,anti-toxic
GFCVSDCFG,0.4138904688013527,anti-toxic
GGDYGCVCG,0.41388557161778317,anti-toxic
GCSSDDCFR,0.41386506774961845,anti-toxic
GICVCLLFD,0.4138530004273329,anti-toxic
GCFRSGYDD,0.41384579783878106,anti-toxic
GLLGFRCVR,0.41383941917545464,anti-toxic
GDISFLGHG,0.41383941917545464,anti-toxic
GVRYDHRSG,0.4138198426926861,anti-toxic
GHCHLLGCD,0.413806411804593,anti-toxic
GLVRIDRGY,0.413806411804593,anti-toxic
GYHVGDVYG,0.4137966252175047,anti-toxic
GIYHVCYDN,0.4137919319432272,anti-toxic
GGRDYGGVG,0.4137746922604825,anti-toxic
GCLGSYFDN,0.41376625512570137,anti-toxic
GCLVCCGFV,0.4137342758552695,anti-toxic
GFDLVGHYD,0.4137342758552695,anti-toxic
GGFRRRGDD,0.4137108631227426,anti-toxic
GFSFLYNHY,0.41369475681598633,anti-toxic
GVFFDGYVI,0.4136865485645019,anti-toxic
GDGVCNIFS,0.4136865485645019,anti-toxic
GLCNHFGRR,0.4136865485645019,anti-toxic
GYHINFFDR,0.41368101759511283,anti-toxic
GDYGDNVCG,0.41367774181693096,anti-toxic
GFCCGICVY,0.4136649495749877,anti-toxic
GICCIFGFV,0.4136526338808016,anti-toxic
GDLDIFGVY,0.4136076409274432,anti-toxic
GYHGVFDGV,0.4136076409274432,anti-toxic
GYSLRFFDN,0.4136076409274432,anti-toxic
GVFYICGSG,0.4135594742904612,anti-toxic
GHGSSDFCD,0.4135594742904612,anti-toxic
GYSLFHGCL,0.4135594742904612,anti-toxic
GIFDHRGCS,0.4135594742904612,anti-toxic
GHNDFLNGR,0.41354943036113906,anti-toxic
GIDLVFRYN,0.41354110583900655,anti-toxic
GCGYCDLFG,0.4135184237226436,anti-toxic
GVFHDHGSG,0.41349426784589877,anti-toxic
GDCSYDGHD,0.4134923163114245,anti-toxic
GCCFLSDVG,0.4134521748502851,anti-toxic
GFIRGCDFR,0.4134521748502851,anti-toxic
GFFCDHHYR,0.4134521748502851,anti-toxic
GVRHRYDGL,0.4134521748502851,anti-toxic
GIGFYRSCG,0.4134521748502851,anti-toxic
GFCYCNDFF,0.41343970461980173,anti-toxic
GIRFCGDSG,0.4134250594079573,anti-toxic
GYHVVGRGG,0.41340761583091573,anti-toxic
GHHGSLDGC,0.41338946084556916,anti-toxic
GSLDCCGFY,0.4133864871118399,anti-toxic
GFYYFVVGY,0.41338295226978733,anti-toxic
GGLRIFYDS,0.4133796049642607,anti-toxic
GLCYFGHGD,0.41336036753953137,anti-toxic
GYYGINHYY,0.41334397798618533,anti-toxic
GGSFRYVRY,0.41333892354585205,anti-toxic
GGLRILDGS,0.4133272519436556,anti-toxic
GRDDGCGSS,0.4133250686980944,anti-toxic
GFHCFVGYR,0.4132997640812518,anti-toxic
GHCGSGGCG,0.4132927480719803,anti-toxic
GGLFGVVDG,0.41327134259752696,anti-toxic
GFLHYLLDD,0.41327134259752696,anti-toxic
GRYRRFRGR,0.41325676675614337,anti-toxic
GDVRFGRFG,0.41325676675614337,anti-toxic
GFDVGYDVG,0.41325676675614337,anti-toxic
GNFFFVYDH,0.41325676675614337,anti-toxic
GHISRCGLH,0.41321150181453137,anti-toxic
GCVIDIIYF,0.4131944442358523,anti-toxic
GYFVYRHCD,0.4131799752287745,anti-toxic
GSHNLFGGH,0.4131659133374717,anti-toxic
GHCYGNGDH,0.4131608975208532,anti-toxic
GRCVSGSVG,0.4131472998065937,anti-toxic
GGLFSFHDD,0.4131134115866941,anti-toxic
GSRGLCFYD,0.4131134115866941,anti-toxic
GLLCCIGVS,0.41304855005546004,anti-toxic
GHCRYNIGS,0.41300375510791354,anti-toxic
GLFCIFNCG,0.41300375510791354,anti-toxic
GSFNGGVLS,0.41300375510791354,anti-toxic
GCCSDGNSG,0.41300375510791354,anti-toxic
GCNVISVFR,0.41300375510791354,anti-toxic
GFFGYDGYC,0.41300375510791354,anti-toxic
GISRGVGVF,0.41297501957464444,anti-toxic
GFNCYYRDR,0.4129689990371572,anti-toxic
GCIVHYGFG,0.41296288225654426,anti-toxic
GFRCNNGFF,0.4128803584649742,anti-toxic
GLCCRGSLF,0.4128803584649742,anti-toxic
GLNLRRGIG,0.4128656866019332,anti-toxic
GSDVLYDVI,0.4128638381430861,anti-toxic
GYDSCFIFD,0.4128470549503761,anti-toxic
GFCDCFNFV,0.41283967432443547,anti-toxic
GVGRIVCSG,0.41282655921041134,anti-toxic
GSFGLDGYC,0.4128260750473792,anti-toxic
GYCNRGVCG,0.41278912971095666,anti-toxic
GNRRSYGFC,0.41275459016596516,anti-toxic
GCIIDYGVN,0.4127539520601748,anti-toxic
GIHYYGVCN,0.41275120324681475,anti-toxic
GRNYCVRSG,0.412740466538526,anti-toxic
GRCGFIVFR,0.412740466538526,anti-toxic
GVCVYGGGG,0.412740466538526,anti-toxic
GFNIDFFFF,0.412740466538526,anti-toxic
GFCFDDFCH,0.4127121285083112,anti-toxic
GSLGLSYYD,0.4127068016044443,anti-toxic
GHIIDSHHR,0.41266326549274396,anti-toxic
GYGLGCGFH,0.41265298012567214,anti-toxic
GDLCGLGDS,0.4126363316664521,anti-toxic
GRLLFIGNR,0.41263367031184706,anti-toxic
GYFFGCNSG,0.41262949978895586,anti-toxic
GSDLRYVGG,0.41261802412785037,anti-toxic
GGRGRFYDG,0.41261224405449176,anti-toxic
GLYSLRFCD,0.41260014817520335,anti-toxic
GYICYYIDI,0.41255891794733485,anti-toxic
GCYCDGGSG,0.41252200854503474,anti-toxic
GYNGCCGYV,0.41252200854503474,anti-toxic
GICYRDHHV,0.41247841999861357,anti-toxic
GRLRGRGVF,0.4124605474299613,anti-toxic
GCNCGSCYG,0.4124508172667759,anti-toxic
GYRLCVLYG,0.41244469755561775,anti-toxic
GFDGVNVFR,0.41244469755561775,anti-toxic
GDYYIDDNG,0.41242864646045,anti-toxic
GIFDGGSYG,0.41242615895693807,anti-toxic
GSILDLVIV,0.4124178320406605,anti-toxic
GRHYHVVDI,0.41239997692335645,anti-toxic
GIYSVDCVS,0.4123959250830073,anti-toxic
GFIHIFVHR,0.4123777198690328,anti-toxic
GCGCHSGLN,0.4123736392853422,anti-toxic
GGDGVLFGS,0.41235839044905254,anti-toxic
GCFFFGVFD,0.4123523094754372,anti-toxic
GFCYYLCYS,0.4123378293726801,anti-toxic
GFRVCYGCS,0.4123326982638963,anti-toxic
GSDCVGRFS,0.4123191335556384,anti-toxic
GRFIVYYDS,0.41230440796499856,anti-toxic
GDHCRYGVG,0.41229621334295197,anti-toxic
GVHSCDDFL,0.4122925093230465,anti-toxic
GFSLVRGLD,0.4122898832116702,anti-toxic
GGHSFNDHD,0.4122826948693811,anti-toxic
GCVFFSGCV,0.4122784052657827,anti-toxic
GLGVCDFLR,0.4122729709515099,anti-toxic
GGVGFDGSS,0.41226745459489306,anti-toxic
GGRLVCGYI,0.41224315364186637,anti-toxic
GDLRFYGCR,0.41218044778664786,anti-toxic
GYCGRFNGN,0.41218044778664786,anti-toxic
GFLHSFNVN,0.41218044778664786,anti-toxic
GFFVVDGGR,0.41218044778664786,anti-toxic
GCGNSFCDG,0.41218044778664786,anti-toxic
GCSVGCDCG,0.4121489646243663,anti-toxic
GNCIHFCGG,0.4121456833694267,anti-toxic
GYDICFSIY,0.4121348118404173,anti-toxic
GNDHHRDYD,0.4121263536865713,anti-toxic
GRFVGDHYC,0.4121192666240612,anti-toxic
GVVRDNCRL,0.41211762037505134,anti-toxic
GFRVICDVC,0.41211588308246244,anti-toxic
GNYFGCRGG,0.4121140469789498,anti-toxic
GCCFSGHVR,0.4121140469789498,anti-toxic
GVCVFFGNR,0.4120944914317105,anti-toxic
GFYCFIDDH,0.4120838198005104,anti-toxic
GCYVFGCVG,0.41207964832422406,anti-toxic
GFFCGCCYD,0.4120701227557222,anti-toxic
GLIGHSCCG,0.41206465136364395,anti-toxic
GRVHCGGFC,0.4120444119258948,anti-toxic
GLGGISGCV,0.4120444119258948,anti-toxic
GCRRVGNYG,0.4120403301916582,anti-toxic
GFIVRNRCG,0.4120264699506427,anti-toxic
GSHGGSSVF,0.4120264699506427,anti-toxic
GCCNCDGFH,0.4120264699506427,anti-toxic
GLLDFHVIF,0.4120184580488864,anti-toxic
GRLHHLRSG,0.4120116258284858,anti-toxic
GHVNDDFGD,0.41199607313649883,anti-toxic
GLFYLYCDG,0.41198026595231163,anti-toxic
GGSIHCGVF,0.411971300427969,anti-toxic
GGSFYFCLS,0.411964030948033,anti-toxic
GHCVGFGFI,0.41195801782946645,anti-toxic
GVSGFLDYF,0.41195072311485226,anti-toxic
GIRLVNDDR,0.4119461120113065,anti-toxic
GVLFRHDVG,0.4119388374984117,anti-toxic
GSIYFHCDG,0.41192565488881266,anti-toxic
GFHGFDSGS,0.41192565488881266,anti-toxic
GGIYGLNFR,0.41192565488881266,anti-toxic
GHDGCFDGD,0.41192565488881266,anti-toxic
GSYISGSVG,0.41192565488881266,anti-toxic
GFCYICGIS,0.4118993640198831,anti-toxic
GGFIHLCGS,0.4118993640198831,anti-toxic
GVCILSHFY,0.4118944454833231,anti-toxic
GVDVRCVDS,0.4118944454833231,anti-toxic
GDCVVHGFV,0.4118944454833231,anti-toxic
GCFFFDVSG,0.4118944454833231,anti-toxic
GCYNCFGFC,0.41185452320707094,anti-toxic
GRNNGGGFL,0.41185452320707094,anti-toxic
GIIGDGGLS,0.41184938857973624,anti-toxic
GVYLFSSSG,0.4118057006049667,anti-toxic
GGGSYCVFS,0.41180164751675136,anti-toxic
GYNCRGSGG,0.41180164751675136,anti-toxic
GYGGISHFN,0.41180164751675136,anti-toxic
GGHHGGHFY,0.41180164751675136,anti-toxic
GRICCDHDS,0.4117714900625591,anti-toxic
GHDLYGRVD,0.4117682080956066,anti-toxic
GRNIFGGHG,0.4117682080956066,anti-toxic
GGVSIDSCG,0.41176487302561443,anti-toxic
GHGVCLRYS,0.4117634061044422,anti-toxic
GLSDVSSFS,0.4117629429308555,anti-toxic
GNIVGCDGS,0.4117282931576709,anti-toxic
GGCRGNGCN,0.4117282931576709,anti-toxic
GICDRIHDH,0.4117282931576709,anti-toxic
GCIGFDRYN,0.4117282931576709,anti-toxic
GFYCYDCFG,0.4117282931576709,anti-toxic
GYFFVSSCD,0.4117190501290791,anti-toxic
GNRVVFVNS,0.41171888459644473,anti-toxic
GCFGGNSDN,0.4117149382634709,anti-toxic
GVFGLGFVD,0.4117018109794315,anti-toxic
GFLGGLFGD,0.4116970927207234,anti-toxic
GFINISNCC,0.4116798200863662,anti-toxic
GGSLFGCVF,0.4116798200863662,anti-toxic
GSCDGLDHH,0.41166885097651146,anti-toxic
GHSDCCVFD,0.4116500348491605,anti-toxic
GCRDYSRVD,0.41163830569692766,anti-toxic
GFDCVFVFF,0.41162854215651634,anti-toxic
GFSINYRYR,0.41161970596323016,anti-toxic
GVLFFFSDN,0.41161970596323016,anti-toxic
GFVFNYVDI,0.41161970596323016,anti-toxic
GVNILCGFC,0.41157091157163866,anti-toxic
GLCYDSVHS,0.41157091157163866,anti-toxic
GFGSRDCIF,0.41156420861705495,anti-toxic
GLSCLNYHR,0.41156011561161315,anti-toxic
GVHSYIDII,0.4115553708054348,anti-toxic
GFGDFDVSD,0.41154893032492246,anti-toxic
GGVYCHDYD,0.4115431850429541,anti-toxic
GFCCSGRGG,0.4115431850429541,anti-toxic
GLFDCIGGN,0.4115128158613115,anti-toxic
GCVHCHDDS,0.4114863538529007,anti-toxic
GCSCLDGSD,0.4114424790756847,anti-toxic
GLFYCHGLS,0.4114424790756847,anti-toxic
GCCSYLVFN,0.4114424790756847,anti-toxic
GFSCCYFYR,0.4114424790756847,anti-toxic
GDYYCYVSS,0.4114424790756847,anti-toxic
GCHVCCGGS,0.4114424790756847,anti-toxic
GICGSFDDH,0.41140691833120485,anti-toxic
GFVRGICYN,0.41140476189454994,anti-toxic
GFCVFLDDF,0.41139748612232635,anti-toxic
GCHRSIGHD,0.41139268322836725,anti-toxic
GVHLCNYFS,0.41137916622741993,anti-toxic
GDVYHLDYG,0.4113692237019927,anti-toxic
GCYYVGGGD,0.4113692237019927,anti-toxic
GYYGHRDGY,0.41133568097311696,anti-toxic
GHVGHCCVD,0.41133568097311696,anti-toxic
GGCVHGVFD,0.4113218752198962,anti-toxic
GVYDFFDFR,0.4112928642324503,anti-toxic
GIRFFLCSG,0.4112911305876908,anti-toxic
GVDHFLDVS,0.41128875558334643,anti-toxic
GCSGLFGFC,0.4112798219644562,anti-toxic
GYFFFYGNG,0.4112798219644562,anti-toxic
GFLHNCCVD,0.411269785926652,anti-toxic
GFCVGCVRV,0.41126615958854934,anti-toxic
GFDSYYFLR,0.4112454754515748,anti-toxic
GLHHLGGCG,0.4112454754515748,anti-toxic
GCCRGGHFY,0.4112454754515748,anti-toxic
GICYSNDVG,0.41123449608127416,anti-toxic
GYSGCCGCG,0.4112305591876622,anti-toxic
GFSILRGFG,0.411222220680243,anti-toxic
GRCNRGDGG,0.4111786146275026,anti-toxic
GSSSGVGSD,0.4111682744057928,anti-toxic
GFVLRNSDG,0.41116407830357093,anti-toxic
GFYFDCFVY,0.41114146527698997,anti-toxic
GCCIYLRDG,0.41113849319166607,anti-toxic
GLFCYDYDG,0.411122706692622,anti-toxic
GGCRIFNCG,0.411122706692622,anti-toxic
GHRLSRGDG,0.4111134805508769,anti-toxic
GFICCVGYV,0.4111014547300085,anti-toxic
GYYVGVRDV,0.4111014547300085,anti-toxic
GYRVDRSFD,0.4111014547300085,anti-toxic
GFFNSFGHR,0.4111014547300085,anti-toxic
GGCVSLDGG,0.4111014547300085,anti-toxic
GHCYFNVYS,0.4111014547300085,anti-toxic
GICVYDDFR,0.4110541382314158,anti-toxic
GCDVGGCVF,0.41102888888586125,anti-toxic
GFLFYNHFH,0.41099157630262834,anti-toxic
GLFYVGHFN,0.41099157630262834,anti-toxic
GLVFNCGGN,0.41099157630262834,anti-toxic
GGVDDRGIS,0.41098286523801325,anti-toxic
GHVVIDFVC,0.4109726540325383,anti-toxic
GVRIYNNSD,0.4109659886783643,anti-toxic
GCFHGSSYN,0.4109520740378938,anti-toxic
GHRCRCDSD,0.4109498023559129,anti-toxic
GGFSRHNFG,0.41094332821018287,anti-toxic
GVRVYDSCV,0.41093173551963275,anti-toxic
GIFFSCHYD,0.41092486610840545,anti-toxic
GVCFGVGLS,0.4109088771722436,anti-toxic
GYYRSCHDR,0.4109049858364052,anti-toxic
GVCYLGDGG,0.4109049858364052,anti-toxic
GCIDGSRFG,0.4109049858364052,anti-toxic
GYSSNYHYS,0.4108923073713296,anti-toxic
GIFVRRRLL,0.4108861317487554,anti-toxic
GRYCDCSYY,0.41087527931552065,anti-toxic
GFGVIFCVI,0.41086822638977927,anti-toxic
GGCVYYRGG,0.4108527131577512,anti-toxic
GRISLDGLN,0.4108511999075603,anti-toxic
GCFDCFCID,0.41083498914322397,anti-toxic
GCCFFGGGG,0.4108195368480522,anti-toxic
GRNDLGCVG,0.4108159146938155,anti-toxic
GGCFFGDSG,0.41079907972555835,anti-toxic
GFVNSGRVC,0.41077723337720984,anti-toxic
GSFDFGRVS,0.41077723337720984,anti-toxic
GGCCRGHVD,0.41077723337720984,anti-toxic
GFNFRVRGG,0.4107519844320033,anti-toxic
GISIFVGGN,0.41073284741141886,anti-toxic
GHYRNGIFR,0.4107287657155443,anti-toxic
GFFNCDDSY,0.4107287657155443,anti-toxic
GRCCSYSGG,0.4107142967084665,anti-toxic
GCFCCDGYH,0.4107142967084665,anti-toxic
GRRVNDSLH,0.4107142967084665,anti-toxic
GFDDVYSFH,0.41070823880006985,anti-toxic
GCCDGISVD,0.4107050631781447,anti-toxic
GVCFCNGFH,0.4107050631781447,anti-toxic
GHDVCGGCS,0.41070325424716064,anti-toxic
GVFLFCGLD,0.4106986588544427,anti-toxic
GLRFRDLGS,0.4106875123807326,anti-toxic
GFFSGDCGG,0.4106875123807326,anti-toxic
GHVCRCFDG,0.41067268067873836,anti-toxic
GSRCFVRFS,0.4106691057825014,anti-toxic
GGVHRDSCG,0.41065868242308107,anti-toxic
GYFCFCGFI,0.4106472952739181,anti-toxic
GCYDFGGFY,0.4106411975164567,anti-toxic
GFRDYLHFG,0.4106411975164567,anti-toxic
GSLFRYSFG,0.4106411975164567,anti-toxic
GYSFSSGHH,0.41062104043112657,anti-toxic
GDYRDFYDV,0.4106085425683679,anti-toxic
GSFFCDVCG,0.4106070293498128,anti-toxic
GGNSVLVHR,0.4106070293498128,anti-toxic
GLYFDSGHI,0.4106050992164533,anti-toxic
GFSVGSVVF,0.4105990369108228,anti-toxic
GLYCRRHVF,0.41058148900066316,anti-toxic
GVNGGLGVG,0.41057823803796095,anti-toxic
GCFINNVVY,0.4105698173984667,anti-toxic
GYDLGLSGG,0.41055525817079125,anti-toxic
GYRSYDVNS,0.4105443607607613,anti-toxic
GCFVDLGHG,0.4105365884168783,anti-toxic
GCSVFGVVS,0.41051178120845583,anti-toxic
GIRCHSRYD,0.41051178120845583,anti-toxic
GSCGRCVVG,0.41050636765155657,anti-toxic
GCCHLYDHG,0.4104960456160737,anti-toxic
GFCLIDCVD,0.4104817127013712,anti-toxic
GFFRHFVYD,0.41046860291397597,anti-toxic
GLRGHDHRR,0.41046860291397597,anti-toxic
GDLFVNSCS,0.4104624587878676,anti-toxic
GCYVFLSGY,0.4104527697970052,anti-toxic
GHYDYGCGI,0.4104454756949752,anti-toxic
GFSYDYCHR,0.4104454756949752,anti-toxic
GVCGVGGVS,0.41042572022009727,anti-toxic
GFRINSVFR,0.41042210977951565,anti-toxic
GGCFDDGVC,0.41041688456612413,anti-toxic
GVGDFVDVG,0.41040864923163567,anti-toxic
GCCCCDDCG,0.4104020231146397,anti-toxic
GFHYDFGRY,0.41038698991927675,anti-toxic
GFRYHVGVV,0.4103848281262953,anti-toxic
GCVRRFVLG,0.4103842185255841,anti-toxic
GLSFVYCHN,0.41038063384768175,anti-toxic
GSYVCNSLS,0.4103689978949461,anti-toxic
GCYNDLIFR,0.4103689978949461,anti-toxic
GLICGDSCG,0.4103549886214846,anti-toxic
GLRRVYHSG,0.41032618368689033,anti-toxic
GDGGIFSVS,0.41032618368689033,anti-toxic
GSVFDDVLY,0.4103011000168756,anti-toxic
GDCSYCVDN,0.4102944856734536,anti-toxic
GCCSGNGDR,0.41027096425218446,anti-toxic
GCRGVGDGG,0.41025708555575013,anti-toxic
GICVGNGDR,0.41025515147700137,anti-toxic
GFYFYCHNR,0.41024111044817696,anti-toxic
GCSHGNCVG,0.41019795760964584,anti-toxic
GHFCIFYFY,0.41017446508904926,anti-toxic
GCCFINFAF,0.41017446508904926,anti-toxic
GCDVGFFCD,0.41017446508904926,anti-toxic
GCLYHCGIR,0.41017446508904926,anti-toxic
GYVSGFGVR,0.41017446508904926,anti-toxic
GLFYVYDNH,0.41017446508904926,anti-toxic
GYVVFNCSS,0.41017446508904926,anti-toxic
GLVFCDNGR,0.41017446508904926,anti-toxic
GDLDVDDGF,0.41017446508904926,anti-toxic
GVNRFRGID,0.41017446508904926,anti-toxic
GIHDNGGFC,0.41017446508904926,anti-toxic
GLDVYCGFC,0.41017446508904926,anti-toxic
GVHHVSGHR,0.4101059157270723,anti-toxic
GYVDSLDGL,0.4100983465222251,anti-toxic
GFGDNYCCG,0.4100966275618396,anti-toxic
GSRSDVCDN,0.41009097100402747,anti-toxic
GGDRVFHFD,0.41007392232163564,anti-toxic
GVLGGNGCG,0.41007090136329244,anti-toxic
GFDNRIVYY,0.41006309325053575,anti-toxic
GCGCYFRGG,0.4100567541567923,anti-toxic
GFFDGIVYS,0.4100125055563487,anti-toxic
GVYVCFDCL,0.4099957062958676,anti-toxic
GSCGLGSVF,0.40998062688815085,anti-toxic
GDCFCLDIR,0.40997501871038744,anti-toxic
GFRVFVGIS,0.40997109609357313,anti-toxic
GYYNHYGLD,0.4099670160849122,anti-toxic
GFRCSIGVG,0.4099627690176369,anti-toxic
GSIFGLGHV,0.40993590727920404,anti-toxic
GSVFCNGGD,0.40992735584659107,anti-toxic
GCYLRGVYG,0.4099266154707354,anti-toxic
GLNGFNGDV,0.40991495239420256,anti-toxic
GCYVSCHYG,0.40990123797597733,anti-toxic
GGCDCIDDR,0.4098970492495919,anti-toxic
GIIFDHHCD,0.40988599315422963,anti-toxic
GRFYRDFFG,0.4098819123788264,anti-toxic
GSCGIGGGG,0.40986894662277146,anti-toxic
GGLNLGGLS,0.40986894662277146,anti-toxic
GLYYHDLDD,0.4098620230022616,anti-toxic
GLFGRCSCG,0.4098392319717454,anti-toxic
GHHDSGFDD,0.409818456804581,anti-toxic
GNCGVHFFD,0.40980311450472773,anti-toxic
GNIFSLIDR,0.40980311450472773,anti-toxic
GGYFDDFDG,0.40978197117900594,anti-toxic
GDYCLDRDD,0.4097453203091666,anti-toxic
GLFCCDGCG,0.4097315334015956,anti-toxic
GVLGSYRVD,0.40972430233104196,anti-toxic
GLSFGIHSG,0.40972325000232773,anti-toxic
GICNLGDVD,0.40972183922014443,anti-toxic
GFCFNDCGY,0.40970111955782795,anti-toxic
GRYCSVGRR,0.40970111955782795,anti-toxic
GFNVFDSYF,0.40966622104988165,anti-toxic
GIHDFCVIY,0.4096566772698568,anti-toxic
GSYYCFCDG,0.4096534158580981,anti-toxic
GGSKNVRGG,0.4096257669972323,anti-toxic
GICVRDFFD,0.4096257669972323,anti-toxic
GFIFDGLID,0.4096257669972323,anti-toxic
GNCGRSYFS,0.4095950193968157,anti-toxic
GGSVDCVDS,0.4095867864041063,anti-toxic
GSVRRYFGI,0.40957253223883916,anti-toxic
GFCGVFHLH,0.4095708590406634,anti-toxic
GDDVCLGLG,0.40955137390339635,anti-toxic
GGHIHNCDS,0.40953696848738397,anti-toxic
GYGYRVCYD,0.4095218812218528,anti-toxic
GVHLRYSSG,0.4095218812218528,anti-toxic
GIDGGVGVF,0.4095218812218528,anti-toxic
GLICRCGSD,0.4095218812218528,anti-toxic
GFGVCFDSC,0.4095218812218528,anti-toxic
GFRVHDFRR,0.4095060625224792,anti-toxic
GFVVHFSGH,0.40949619776095625,anti-toxic
GSDSYHGCD,0.4094845610807365,anti-toxic
GLNDCYVVI,0.4094779220657949,anti-toxic
GYCCFDGYI,0.40947062796376493,anti-toxic
GLCDGVGNR,0.4094536442067225,anti-toxic
GHYCDDVGG,0.4094536442067225,anti-toxic
GCDFLINDR,0.40943429536254544,anti-toxic
GISVLGGGS,0.40942217929224367,anti-toxic
GNLIGNNGD,0.4094091882709369,anti-toxic
GSCHVLGYV,0.40939963083908826,anti-toxic
GYCSDSFFS,0.4093954613251994,anti-toxic
GGCFILRYD,0.40936947045281946,anti-toxic
GSLCRDVDI,0.40936947045281946,anti-toxic
GFFVCDGFR,0.4093534922889905,anti-toxic
GLCCGIVYN,0.4093452629623919,anti-toxic
GIILSFHHS,0.4093300267870275,anti-toxic
GFGRGISDN,0.4093100959935153,anti-toxic
GIFRRCNVD,0.40929621507912745,anti-toxic
GNVRGLSGD,0.4092947595491596,anti-toxic
GIVCGLDDH,0.40924944986841505,anti-toxic
GRHRGGYFR,0.40924549258103743,anti-toxic
GFLDHHGCG,0.40924549258103743,anti-toxic
GGRRCSGLG,0.4092382834764698,anti-toxic
GFVGFCCVD,0.40923188309798475,anti-toxic
GFYVYFGDD,0.40920476219943597,anti-toxic
GLLDRHDGN,0.40920476219943597,anti-toxic
GHFRGHGGN,0.40918450687170027,anti-toxic
GVCHCYIFR,0.4091416596512814,anti-toxic
GIVDVFVVG,0.40913919765744405,anti-toxic
GHVRCYDHG,0.4091332407065706,anti-toxic
GYCGNVLDG,0.4091241756245513,anti-toxic
GGYYFSCCD,0.4091241756245513,anti-toxic
GGYGDCGIR,0.4091146775549842,anti-toxic
GCRVFYVDV,0.40911407821852436,anti-toxic
GFVIYDSYR,0.40911066913302013,anti-toxic
GHYVGVGVY,0.4090911657448635,anti-toxic
GYYSSGVLD,0.40905080474189276,anti-toxic
GCCHCCGDS,0.40905080474189276,anti-toxic
GYYNRDHDI,0.40903756789031215,anti-toxic
GCCIYVNSS,0.40903756789031215,anti-toxic
GICLCDYGR,0.40903261219904646,anti-toxic
GSYSRLGFI,0.40903261219904646,anti-toxic
GCCNYCGGD,0.4090289808376499,anti-toxic
GYHYSFNFS,0.40901551371570816,anti-toxic
GDCGGGDVD,0.40898867737107736,anti-toxic
GRFHYDGLH,0.40898867737107736,anti-toxic
GICYISGVV,0.4089783902986093,anti-toxic
GFYGCFCVG,0.40897143251394746,anti-toxic
GCCNVVRSG,0.40894302549838046,anti-toxic
GYIYRVDGD,0.40893539297350084,anti-toxic
GRGGGLDFN,0.40893539297350084,anti-toxic
GRFDNDRLG,0.40893539297350084,anti-toxic
GGIVGLNGG,0.40893539297350084,anti-toxic
GYCVSCSSG,0.40893539297350084,anti-toxic
GYRIRGSGD,0.40892355917516754,anti-toxic
GFYYFDFGS,0.40890564575735827,anti-toxic
GVGYFVNFY,0.40890273802541194,anti-toxic
GDCSCDLFS,0.4088992002586248,anti-toxic
GFFHGIGCF,0.4088770944994347,anti-toxic
GSGIVLRVD,0.4088770944994347,anti-toxic
GNLDGNRCG,0.4088487420390747,anti-toxic
GGRGLLYGG,0.40883197721354003,anti-toxic
GCDGCVNYG,0.40883197721354003,anti-toxic
GVCYHDSYH,0.40881303926599954,anti-toxic
GVIGVDLGH,0.40881303926599954,anti-toxic
GFCFSYHFN,0.4088083877139604,anti-toxic
GCCGGDCGY,0.40880660732236807,anti-toxic
GVCVDIDNY,0.4087979362602459,anti-toxic
GLSYGFCYG,0.4087690355695331,anti-toxic
GDLVSGFDD,0.4087667021646589,anti-toxic
GSNRGGGLD,0.40875287795425513,anti-toxic
GHYFVIDGC,0.40873934884724233,anti-toxic
GCFDFCFLY,0.4087379415120849,anti-toxic
GSCNLYFDN,0.4087018385274831,anti-toxic
GYIGCIFDS,0.4086638740638107,anti-toxic
GRHLRIVDC,0.4086638740638107,anti-toxic
GRGYRYVFS,0.4086638740638107,anti-toxic
GVRYRFHGG,0.4086638740638107,anti-toxic
GRLCSGYCD,0.4086638740638107,anti-toxic
GFYDHYGHG,0.4086638740638107,anti-toxic
GRHVRSFDR,0.4086357762097005,anti-toxic
GFCYFVGYH,0.40862133162542597,anti-toxic
GFRCGCFDN,0.40859807685409416,anti-toxic
GRFVGDSCL,0.40857143361266174,anti-toxic
GLVGGCRGR,0.4085678584809951,anti-toxic
GSYCRLVGL,0.40856298093246984,anti-toxic
GRFGIVGID,0.40854170228759873,anti-toxic
GFYLVFVVD,0.40853988636016186,anti-toxic
GFYRDNSFL,0.40853923796540803,anti-toxic
GCFVDHHDS,0.40852862898608827,anti-toxic
GFYLYDG_G,0.4085187464160431,anti-toxic
GGNINDDHY,0.4085187464160431,anti-toxic
GCYHCFDCN,0.4085008811994831,anti-toxic
GICGFGSSG,0.4084780001119457,anti-toxic
GSDYSVCFD,0.4084780001119457,anti-toxic
GFRILIGDH,0.40847354706555455,anti-toxic
GCCDVFGGH,0.408433154282951,anti-toxic
GIFIVSGHD,0.408428420286342,anti-toxic
GICYNCFYV,0.4084241575031607,anti-toxic
GFLSHGDFR,0.4084054423502026,anti-toxic
GSVVCSFVH,0.4083667851351783,anti-toxic
GFHDGIGDR,0.40835352119742346,anti-toxic
GYLGRFSDS,0.4083220444657594,anti-toxic
GVFHGNCVG,0.40831452870492535,anti-toxic
GFSDGYGDN,0.40831452870492535,anti-toxic
GFFFVDSSR,0.4083106455108669,anti-toxic
GCGCDVDDN,0.40829846009029386,anti-toxic
GFYVRNGCR,0.40829846009029386,anti-toxic
GCSVDICYD,0.40829220567835134,anti-toxic
GVCGILRSG,0.4082903212144978,anti-toxic
GHNCCDGFF,0.40828808925027804,anti-toxic
GFCGLICYG,0.40827138015376735,anti-toxic
GYCDCFNCL,0.4082399653118496,anti-toxic
GIGCVFSDG,0.4082399653118496,anti-toxic
GCFIFNCSG,0.4082399653118496,anti-toxic
GYDYIDGFN,0.4082399653118496,anti-toxic
GNRRIFFVD,0.4082399653118496,anti-toxic
GFSLILFDN,0.40823102470430217,anti-toxic
GLRLGSGFI,0.4082109649791685,anti-toxic
GCSCGGGCD,0.40820308411935974,anti-toxic
GCNNCDGCS,0.4081972849047686,anti-toxic
GICCSDVCN,0.4081972849047686,anti-toxic
GVYYRDCGY,0.40815917385372363,anti-toxic
GCFCFVGGD,0.40815917385372363,anti-toxic
GDYYIRGGG,0.4081407093448073,anti-toxic
GSVNSDCCS,0.4081359551372647,anti-toxic
GVNDGRGFD,0.4081339234405125,anti-toxic
GYSGNLRDG,0.4081249356510252,anti-toxic
GGFVLIFFD,0.4081249356510252,anti-toxic
GDILFCSVD,0.40811130452527583,anti-toxic
GFYVSFSSV,0.40810908895752923,anti-toxic
GFCGISSVG,0.40810908895752923,anti-toxic
GIYFFFDVN,0.4080940085025768,anti-toxic
GISLVVRSG,0.4080824591924879,anti-toxic
GYFVGSGFY,0.4080796400229175,anti-toxic
GVCDFVGIR,0.40806213367820265,anti-toxic
GCCICDSGG,0.4080403355763634,anti-toxic
GGVRCVGLG,0.40802101169899235,anti-toxic
GGLCCDGHD,0.40800952034366145,anti-toxic
GFLGGIFGN,0.40799856042416655,anti-toxic
GCSHRIDDH,0.4079953612603803,anti-toxic
GRFDVFRYD,0.4079872271101519,anti-toxic
GRCCYLVCG,0.4079872271101519,anti-toxic
GGFDVNNYD,0.40798523395076414,anti-toxic
GFRDGVHFY,0.40797550098911106,anti-toxic
GVSCFNFDG,0.40794008523961406,anti-toxic
GRFNSFRFR,0.40792422957863855,anti-toxic
GYCSGVSGG,0.40791523601933644,anti-toxic
GFNLRCFCD,0.4078972974226097,anti-toxic
GYIGCVNDN,0.407895618986586,anti-toxic
GCCDYLDHH,0.4078826683094644,anti-toxic
GICIDFSFN,0.4078826683094644,anti-toxic
GDLVHDVHD,0.407870510179485,anti-toxic
GGCVSYIDH,0.4078482973322866,anti-toxic
GLSDNCCVY,0.4078482973322866,anti-toxic
GFNGFFFCG,0.4078395428954075,anti-toxic
GFYHFHSVY,0.4078395428954075,anti-toxic
GVFVCVVDH,0.40783324927414677,anti-toxic
GVCFFDVDR,0.40781939927312816,anti-toxic
GVDLGSGDN,0.40781646992782516,anti-toxic
GLRFYSGCR,0.40780660973100324,anti-toxic
GFHVYVGCR,0.4078014234337428,anti-toxic
GGVVGYSGY,0.4077947633436946,anti-toxic
GSVYLDDDC,0.40778026341941886,anti-toxic
GLGSSDIDN,0.407773511381081,anti-toxic
GISYDVNDG,0.407760894152173,anti-toxic
GLRVSGSLG,0.4077549909656363,anti-toxic
GVSRYCGFY,0.40772427815618234,anti-toxic
GGNDSCDDD,0.40772427815618234,anti-toxic
GSVRGCVFR,0.4077185853403646,anti-toxic
GDRDVCGGG,0.4077089937212368,anti-toxic
GYISYDFDN,0.40770262321518763,anti-toxic
GIRNDCVFS,0.407667287189248,anti-toxic
GCFISIDFG,0.4076494900585456,anti-toxic
GCVNNDGYH,0.4076357576438189,anti-toxic
GFVNLYCDV,0.40761419734535703,anti-toxic
GFDNCCCYD,0.4075913943482184,anti-toxic
GSHGCHDDY,0.4075913943482184,anti-toxic
GVLVCCGYD,0.40757742592797236,anti-toxic
GCHYSNNFC,0.4075735529842399,anti-toxic
GFCHCFHVR,0.4075699926243307,anti-toxic
GDDGHCGYV,0.40754396351643896,anti-toxic
GIDFCSSVH,0.40748532657826797,anti-toxic
GFCIIFHSD,0.40748532657826797,anti-toxic
GFRVFDCVG,0.40748532657826797,anti-toxic
GDGYGCGFS,0.40748532657826797,anti-toxic
GFYVSDRVN,0.40748532657826797,anti-toxic
GFLNDGVFR,0.40748532657826797,anti-toxic
GFNGLSSVG,0.40748532657826797,anti-toxic
GDVYNGGYG,0.40748532657826797,anti-toxic
GYSCGVRYS,0.40748532657826797,anti-toxic
GNDCCDVVI,0.40748532657826797,anti-toxic
GGRVNGVGH,0.40748532657826797,anti-toxic
GVIVGYGCD,0.40748532657826797,anti-toxic
GYFFGRGDD,0.4074389300735603,anti-toxic
GLHVGDCVS,0.4074135245640674,anti-toxic
GVYCVGIFR,0.4074135245640674,anti-toxic
GFFLRSGCF,0.40740530917004475,anti-toxic
GRDCVNDSC,0.40739090447073156,anti-toxic
GFLRYGIVY,0.4073634877552208,anti-toxic
GGNHFVHNR,0.40735597602425055,anti-toxic
GDFNSDVFC,0.40735597602425055,anti-toxic
GFGLRDFFS,0.4073518617702406,anti-toxic
GVYVSNCCG,0.4073510073114616,anti-toxic
GHRLVCGIR,0.4073377830124177,anti-toxic
GNYCVFVFD,0.4073377830124177,anti-toxic
GSHIFLCGD,0.4073327766164258,anti-toxic
GFYSYGRVG,0.4073078244374461,anti-toxic
GFFGFVGSR,0.40730240797731043,anti-toxic
GLYCYLSHG,0.4072983321805876,anti-toxic
GSVGGGFLR,0.4072926065920111,anti-toxic
GYFCYDNCV,0.4072731132919037,anti-toxic
GFCHFDFYH,0.4072657086307797,anti-toxic
GFIRYNIDH,0.4072577685526775,anti-toxic
GDCHVIGGN,0.4072447202109486,anti-toxic
GSCGLIGCS,0.4072447202109486,anti-toxic
GCFRRNIYH,0.40723008444226794,anti-toxic
GCHDFCGYN,0.40723008444226794,anti-toxic
GVYIRCDCD,0.4072192962594422,anti-toxic
GCDYCGCVG,0.40721158280500475,anti-toxic
GFVYHCSYS,0.40720256435595853,anti-toxic
GNFFFSNVY,0.4071821329874119,anti-toxic
GNFVIDRSD,0.40718066540695025,anti-toxic
GCYHRGCGS,0.4071683926943176,anti-toxic
GCFCGYGYN,0.40713388453448657,anti-toxic
GCYYILRYD,0.4071185237845857,anti-toxic
GRHHGSVHG,0.40708338811190736,anti-toxic
GYGNFCCDG,0.40708338811190736,anti-toxic
GSCLYDGCD,0.40706316908995704,anti-toxic
GYRGCVGGN,0.40704080813423676,anti-toxic
GLGNHCSGG,0.40702871517397365,anti-toxic
GFYYFGDFG,0.4070106358742126,anti-toxic
GLYNHGCCG,0.4070033661671319,anti-toxic
GFNSVVGLS,0.4070008931963011,anti-toxic
GHHVFDDLH,0.40699138909891913,anti-toxic
GFFGCNFFH,0.4069881376494347,anti-toxic
GIIFCNHHG,0.4069881376494347,anti-toxic
GLFCVLHGH,0.40696643793430465,anti-toxic
GFFFDDFNR,0.4069650186380513,anti-toxic
GFYGLNGFF,0.40696049934593453,anti-toxic
GNFSYCIDN,0.4069568269914129,anti-toxic
GLLVYDVFF,0.40694549495885074,anti-toxic
GCFGYSGFY,0.4069360733345725,anti-toxic
GCYNNDFCS,0.4069213076913274,anti-toxic
GVGFCDSVG,0.4069213076913274,anti-toxic
GYRVSDVGR,0.40691433034458574,anti-toxic
GSGRFYRGR,0.40689485132496406,anti-toxic
GLCIGIGLD,0.4068806700491247,anti-toxic
GGHSHHFVD,0.4068554577486385,anti-toxic
GFCYYYCDF,0.40683372183202016,anti-toxic
GFRFSDVGG,0.4068147896634039,anti-toxic
GLYFCDGDD,0.4068147896634039,anti-toxic
GYFHIDCFN,0.4067981516217621,anti-toxic
GGNVFSVDH,0.4067905664206562,anti-toxic
GGIVYYRGG,0.4067865420640295,anti-toxic
GFNCFGGYI,0.406770270231074,anti-toxic
GICCGDIYG,0.40675847371922624,anti-toxic
GIFIVSRDG,0.4067412892506553,anti-toxic
GFSRSYNGH,0.4067312610919778,anti-toxic
GFIHIIGFC,0.4067232725453952,anti-toxic
GGNLFCGGD,0.4066957897501503,anti-toxic
GDCFCSGGV,0.40668448828771797,anti-toxic
GFCGSVGLG,0.4066527065343135,anti-toxic
GDRILLHLY,0.4066317361382899,anti-toxic
GYRGSGCDS,0.40662918432439954,anti-toxic
GINDGCFVC,0.4066182979774526,anti-toxic
GYDNGFGFL,0.4066182979774526,anti-toxic
GSGCYDCGG,0.4065973282045361,anti-toxic
GGIRGCGFF,0.4065773647725115,anti-toxic
GIDVISFVV,0.40657580900626306,anti-toxic
GFYLVIGDH,0.406570340820224,anti-toxic
GFGIDIGLS,0.4065575943549224,anti-toxic
GGYYIHGYI,0.40655021044543155,anti-toxic
GFNGCDCYD,0.4065401804339551,anti-toxic
GYSINCDYD,0.4065401804339551,anti-toxic
GDSYFNFHR,0.4065401804339551,anti-toxic
GYIRHNFHR,0.4065401804339551,anti-toxic
GLSFSFCCH,0.4065401804339551,anti-toxic
GSCCSNVYS,0.406506252502849,anti-toxic
GFYFDFDRH,0.40650331489495733,anti-toxic
GSRVDFGRY,0.40646979805281036,anti-toxic
GVFCGNHGN,0.4064574970482883,anti-toxic
GVDDDCSVY,0.40645351928227785,anti-toxic
GSGLFLDYS,0.40644659256980603,anti-toxic
GYLRSGCVN,0.4064350371137701,anti-toxic
GFFHRGCVF,0.40642022615010925,anti-toxic
GYIGSLFVC,0.40642022615010925,anti-toxic
GFFICFFFR,0.40642022615010925,anti-toxic
GFLNFRYFY,0.40642022615010925,anti-toxic
GGCRVFDDV,0.40640055835208927,anti-toxic
GVLLNHGCG,0.4063731762089004,anti-toxic
GGCLCDGYI,0.4063731762089004,anti-toxic
GFSDVSHDR,0.4063731762089004,anti-toxic
GCCGHSGYC,0.4063589601175751,anti-toxic
GFRFDGHLD,0.4063217773708141,anti-toxic
GGVCGGCCG,0.40631404427581114,anti-toxic
GVVVLNGVG,0.4063035721568397,anti-toxic
GFYCFLCDN,0.40626539745616874,anti-toxic
GRGGNLGID,0.40626539745616874,anti-toxic
GFIFGLRGD,0.40626539745616874,anti-toxic
GHNDFCVVF,0.40626539745616874,anti-toxic
GRCVFFGID,0.40626539745616874,anti-toxic
GFVIGGHVR,0.4062374909834264,anti-toxic
GGSCYCGVR,0.4062275696722816,anti-toxic
GCRDVGGCD,0.406224674076524,anti-toxic
GDSYGFNFR,0.40621939168473764,anti-toxic
GLFVSSVDD,0.4062155089420014,anti-toxic
GCFFGFVDY,0.4062067024027756,anti-toxic
GSHCGIDDC,0.40619942366331285,anti-toxic
GSRFDCYVY,0.40619942366331285,anti-toxic
GCCGDCVFR,0.4061900840974604,anti-toxic
GCGNHGGCS,0.4061881544100582,anti-toxic
GFVYDCFFR,0.40616978000049775,anti-toxic
GGFGIGDDG,0.40616978000049775,anti-toxic
GGGFNFVVG,0.40616033891872866,anti-toxic
GNCSFYNGG,0.40615132856629926,anti-toxic
GSYGYGFFD,0.40613448728730916,anti-toxic
GFFVCDGGN,0.40612660599845046,anti-toxic
GDIDCNSGG,0.40611905421106853,anti-toxic
GVHLRFNYN,0.40611905421106853,anti-toxic
GIHVLGHYD,0.406114192678464,anti-toxic
GCYSIDGYH,0.4061087977494647,anti-toxic
GLLGDLGCD,0.4060917606915835,anti-toxic
GHVFRIGDD,0.4060917606915835,anti-toxic
GHDVYCSCG,0.4060739035553419,anti-toxic
GCFYFYVDH,0.40605789889421706,anti-toxic
GINCGYFDY,0.40605789889421706,anti-toxic
GFCYHVLDS,0.40605789889421706,anti-toxic
GFLCSFVNR,0.4060434726628582,anti-toxic
GFCCRSDFH,0.4060389749750915,anti-toxic
GLHNDFYHR,0.4060304023300936,anti-toxic
GLFLVHSYD,0.4060304023300936,anti-toxic
GCFGRDRGG,0.40602347069792466,anti-toxic
GFIFCFDYD,0.40600763042007065,anti-toxic
GVVCCNSYS,0.40600763042007065,anti-toxic
GCFVVDNVF,0.40598272892745163,anti-toxic
GDIYSYHNY,0.4059721038560275,anti-toxic
GVSRHSDGD,0.40596246903263294,anti-toxic
GRGRCDVHN,0.40596246903263294,anti-toxic
GVRFVNRHV,0.4059400774202692,anti-toxic
GNYLDVFVC,0.4059382914900176,anti-toxic
GCYVRLHCG,0.4059252189934209,anti-toxic
GVDSFIDCS,0.40590422413067784,anti-toxic
GFHNCLSYD,0.4059033181907153,anti-toxic
GGYGYGGCG,0.40587533592293923,anti-toxic
GVSVLSNSS,0.40587120711855934,anti-toxic
GVGVCYDVD,0.40586737707413884,anti-toxic
GCVDVFVDI,0.40586737707413884,anti-toxic
GYYLDYGDN,0.40586049230813487,anti-toxic
GCCISRSYG,0.4058491787258824,anti-toxic
GHIRNVVFD,0.4058491787258824,anti-toxic
GCVGGHGGG,0.4058467585906256,anti-toxic
GYGCSCGHR,0.40584026975562887,anti-toxic
GNDGILIGR,0.4057653461839942,anti-toxic
GCCCRFGNG,0.4057653461839942,anti-toxic
GRYCCYSFY,0.4057653461839942,anti-toxic
GYCGLGCVF,0.4057653461839942,anti-toxic
GLIVRCSGG,0.4057653461839942,anti-toxic
GYLCGNVFF,0.4057653461839942,anti-toxic
GFNHLGHVN,0.4057653461839942,anti-toxic
GFCGHISFG,0.40574111032462223,anti-toxic
GLSFCFDGS,0.40573343036682724,anti-toxic
GVNSFGGGG,0.4057252654787003,anti-toxic
GHDDFYGGH,0.40569877233824364,anti-toxic
GFINYHGCG,0.40568778667277755,anti-toxic
GCLFYYGGD,0.4056754208328285,anti-toxic
GIYIFDVGH,0.4056692952089475,anti-toxic
GHRRCGVLG,0.40566590840865346,anti-toxic
GFFGGIGLC,0.4056622740387606,anti-toxic
GVRVCSVYV,0.4056446249929727,anti-toxic
GYINCFVFD,0.4056392261070506,anti-toxic
GRGGNVGYI,0.4056392261070506,anti-toxic
GCSGGLIGN,0.4056392261070506,anti-toxic
GRLRCVGSD,0.405611749548652,anti-toxic
GCYCNHGYV,0.405611749548652,anti-toxic
GLCYDVNGG,0.405611749548652,anti-toxic
GFRVYFDSN,0.4055929729005631,anti-toxic
GNLCCYNDG,0.4055371904225591,anti-toxic
GYCCRNDCS,0.4055371904225591,anti-toxic
GNVCVDVHS,0.4055241831151947,anti-toxic
GVYGCNIFY,0.4055171069763763,anti-toxic
GFYYSCCGS,0.4055171069763763,anti-toxic
GCILVDDSC,0.4055016312794818,anti-toxic
GGCGGSDGG,0.4054931465624835,anti-toxic
GRCGCDRDS,0.4054931465624835,anti-toxic
GFRDCGHFH,0.4054744265692953,anti-toxic
GCGIIDSHG,0.40545939725841174,anti-toxic
GCSGRFCFS,0.40544096338646357,anti-toxic
GRIIGDFVY,0.4054280300645876,anti-toxic
GFDHFDVCG,0.4054280300645876,anti-toxic
GYVLYHVDD,0.4054160944708391,anti-toxic
GVCSLDGHS,0.4054044866020332,anti-toxic
GVVYCGDFD,0.405398801375146,anti-toxic
GGNIRDHLF,0.4053822014905037,anti-toxic
GLNFGDDHN,0.405360688451148,anti-toxic
GYRVFLGVG,0.40534594056771656,anti-toxic
GRGDCGGGG,0.40533328398761875,anti-toxic
GFLVIFGFV,0.40532196229463713,anti-toxic
GLYNGLDGL,0.40532196229463713,anti-toxic
GFFFFCGVS,0.40529744043009247,anti-toxic
GFDFHFHLR,0.4052922069260596,anti-toxic
GVGDVGHGS,0.405270047348439,anti-toxic
GCLSGFGCD,0.40526713059430514,anti-toxic
GCNYHGVGS,0.4052581705081089,anti-toxic
GHCNNHRFS,0.405239247413537,anti-toxic
GFNGCYCDG,0.405239247413537,anti-toxic
GFLGCDCCD,0.40522811151482224,anti-toxic
GFDRHLFCI,0.40522811151482224,anti-toxic
GNHYLCVCD,0.40521885752260145,anti-toxic
GCHLGYGDR,0.40521885752260145,anti-toxic
GFGGVFHCG,0.40521649399592286,anti-toxic
GVYFVFGSS,0.40521649399592286,anti-toxic
GLLCFVNDY,0.40520436292161877,anti-toxic
GSSDYCNFR,0.40517293785055564,anti-toxic
GHIVGFDFG,0.40515836567721925,anti-toxic
GRLSSIHFR,0.4051499559626087,anti-toxic
GGNFHHRYS,0.405118593299161,anti-toxic
GFLCFYRSS,0.405118593299161,anti-toxic
GGYVFCGHV,0.405118593299161,anti-toxic
GDIRSDSVG,0.405118593299161,anti-toxic
GCVHCDDFF,0.4050949395597742,anti-toxic
GYFRHDGVF,0.40507080824306363,anti-toxic
GFFGSNCDG,0.4050686634889287,anti-toxic
GLVRRSGDY,0.40506163291060754,anti-toxic
GIYCCCDGN,0.40504518934700395,anti-toxic
GFIYHGGGD,0.4050403490899766,anti-toxic
GCSGVDVGG,0.40503482543663816,anti-toxic
GHICCLDDV,0.40499753253533116,anti-toxic
GCCSVSGFF,0.4049891270642171,anti-toxic
GLSNVCHFR,0.4049603515477644,anti-toxic
GNYDFDVFG,0.40495299006287294,anti-toxic
GGRCSLGVG,0.4049328253565396,anti-toxic
GVGLDVGVN,0.4049261295327036,anti-toxic
GYYFNVGVF,0.4049261295327036,anti-toxic
GSLSVLGDG,0.404919676755628,anti-toxic
GRLGHGSCG,0.4048730210664922,anti-toxic
GGCVHVDGG,0.4048730210664922,anti-toxic
GICGICGID,0.4048667022636039,anti-toxic
GVYDHYGLS,0.40485724562652114,anti-toxic
GFIVSGYVV,0.40485085734227927,anti-toxic
GVYLRSGVR,0.40483371661993806,anti-toxic
GNSGFGFVR,0.40483371661993806,anti-toxic
GSVHFSHCC,0.40483371661993806,anti-toxic
GNCCSIGFH,0.40483371661993806,anti-toxic
GSYFYNGHN,0.4047894676169622,anti-toxic
GILGSGYFD,0.4047884209918304,anti-toxic
GVDDISGFH,0.4047849613555741,anti-toxic
GVFRYDSCY,0.4047659956651925,anti-toxic
GCRVGGLIF,0.4047599051337275,anti-toxic
GFFFVFGYS,0.40475418278913194,anti-toxic
GNIIGSHHS,0.40475144940891844,anti-toxic
GFGGHDDVY,0.4047480524095332,anti-toxic
GDCYLSGCR,0.4047437167269824,anti-toxic
GIDDGGHLH,0.4047437167269824,anti-toxic
GFCLICGVS,0.404727604992734,anti-toxic
GFCDCYCFY,0.4047184325024881,anti-toxic
GFYICIHDD,0.40471156938754704,anti-toxic
GCIGVRGVG,0.40470837135453613,anti-toxic
GCNGHNSLG,0.4046995923193342,anti-toxic
GIHSHCSGS,0.4046995923193342,anti-toxic
GIVVGCRYS,0.40469433582146863,anti-toxic
GSGGCLDYF,0.404673391331006,anti-toxic
GFYFCDGCD,0.40466391398849444,anti-toxic
GFSNRLDCL,0.4046436949665441,anti-toxic
GYSLLLYDC,0.4046387710207399,anti-toxic
GLYSVFLSG,0.40463446849812085,anti-toxic
GFGFVFCFG,0.4046325146325992,anti-toxic
GGDVRNCVG,0.40462795273973196,anti-toxic
GGRDCCDFD,0.4046113300526138,anti-toxic
GVNVSFFID,0.4045705875710507,anti-toxic
GDHCRDFGR,0.4045705875710507,anti-toxic
GRFYDYDGF,0.4045705875710507,anti-toxic
GYVRYVCGY,0.4045115681401108,anti-toxic
GVLFDDCLG,0.4044990575565757,anti-toxic
GGSHDGDYG,0.4044798164385428,anti-toxic
GVYVISGFN,0.4044777350436986,anti-toxic
GVVNFSHDH,0.4044599815646199,anti-toxic
GCVLSSSGG,0.4044599815646199,anti-toxic
GFHRHSHYG,0.4044365502001824,anti-toxic
GFLFFDSFV,0.40440605092126936,anti-toxic
GFIFCLLYG,0.4044021397854053,anti-toxic
GCCHIYSDN,0.40438320994678567,anti-toxic
GRCGNRGLG,0.40436052977643405,anti-toxic
GVRSFLRLG,0.4043530051607364,anti-toxic
GGSVCIRDD,0.40434822594522984,anti-toxic
GFRFLSDFN,0.4043469981552603,anti-toxic
GIFIYVFDD,0.4043268073334383,anti-toxic
GYSDFSVHS,0.4043268073334383,anti-toxic
GRLNRSHVD,0.4042934372860206,anti-toxic
GVCVVNCFY,0.4042780348608278,anti-toxic
GHRLFDGVL,0.40424948257904486,anti-toxic
GFNHCDSFC,0.40424948257904486,anti-toxic
GVFHCNGCS,0.40423896379050295,anti-toxic
GFVRFIDVR,0.4042342417697259,anti-toxic
GIHVIVDFY,0.40420282187721074,anti-toxic
GVNHFIGCD,0.40418895794903914,anti-toxic
GFGIDGCFR,0.40416337283713427,anti-toxic
GVRGLDYGH,0.40416337283713427,anti-toxic
GGVICNGRC,0.40416337283713427,anti-toxic
GFGRRHFHN,0.4041554204007076,anti-toxic
GCCDVFFVN,0.4041128260386148,anti-toxic
GCRLFNHSD,0.40410031737685603,anti-toxic
GVYSVLRGS,0.40410031737685603,anti-toxic
GDVGCFDSY,0.4040885314294788,anti-toxic
GFVYRDGYC,0.40407132672353574,anti-toxic
GHDHSVFFS,0.40405215073987405,anti-toxic
GIYRCGNRN,0.40403852688348824,anti-toxic
GDFVVHRSG,0.4039687528554309,anti-toxic
GFSNYGSLH,0.4039580423610371,anti-toxic
GVCDYCGVH,0.4039580423610371,anti-toxic
GFSSFDHGG,0.4039580423610371,anti-toxic
GNVSSSCCG,0.40393396705298157,anti-toxic
GFYSLLVCN,0.403918591529207,anti-toxic
GGCCSDDYH,0.4039093840350231,anti-toxic
GDSGRYLDG,0.4039068569440548,anti-toxic
GCNNVHGLG,0.4039000842677468,anti-toxic
GCDHICGFF,0.4038893411852388,anti-toxic
GGLYRCVCD,0.4038893411852388,anti-toxic
GLVHCIDSY,0.4038893411852388,anti-toxic
GLFCVHGLD,0.4038737092413191,anti-toxic
GVFSGVGLG,0.4038488682825579,anti-toxic
GFFFFLGFG,0.4038488682825579,anti-toxic
GCFHRINFG,0.403830012148398,anti-toxic
GYFSVLSGD,0.40382219089799204,anti-toxic
GGYCGSGHN,0.4038119943966849,anti-toxic
GFCGHVGRR,0.40376955233276146,anti-toxic
GHGCIRVLY,0.40375653956906654,anti-toxic
GFCLVFVLV,0.4036923375611289,anti-toxic
GGVFLHIGV,0.4036923375611289,anti-toxic
GFGLIFCCH,0.4036923375611289,anti-toxic
GGFYFDGVY,0.4036923375611289,anti-toxic
GDDDIFIYY,0.4036923375611289,anti-toxic
GSYCIYNYG,0.4036923375611289,anti-toxic
GFSCVFVFR,0.4036238962274591,anti-toxic
GFRYSFRCG,0.403620677717405,anti-toxic
GCCFILGCG,0.40358913069707303,anti-toxic
GILCSCCYD,0.4035855131891961,anti-toxic
GFFHYDSLY,0.4035680936804637,anti-toxic
GNGDFLCGN,0.4035335751824999,anti-toxic
GFHIRGVDG,0.403530360769773,anti-toxic
GCGVYCHFR,0.40350796291097984,anti-toxic
GFGGFVHNY,0.40348728822686497,anti-toxic
GYGLDYGVY,0.40348258412459403,anti-toxic
GIDGDVSLY,0.4034670810820628,anti-toxic
GYIVGCGGG,0.4034491034568133,anti-toxic
GGCVRGVVG,0.4034491034568133,anti-toxic
GYFHYDVIY,0.4034491034568133,anti-toxic
GCNGVFSGG,0.4034354345770607,anti-toxic
GFVDYLGGG,0.4034280073753041,anti-toxic
GILSILVCD,0.4034246911756431,anti-toxic
GNYCYYVGG,0.40342389876506973,anti-toxic
GYCRYSVVG,0.40340478769331534,anti-toxic
GNVRRVHYG,0.4034029043735398,anti-toxic
GIRCFLSCD,0.4034029043735398,anti-toxic
GFFVLLYFG,0.40337253306810394,anti-toxic
GFHFCNCFN,0.40336234866589293,anti-toxic
GGSCRDCGD,0.40333504055874375,anti-toxic
GVCCHGGIG,0.40333504055874375,anti-toxic
GFCRGCGCG,0.40333504055874375,anti-toxic
GLCSFGSCG,0.40333504055874375,anti-toxic
GLFLYLRGG,0.4033154003334424,anti-toxic
GFYCSFVVG,0.4033154003334424,anti-toxic
GSGLIRVDN,0.4032797621927424,anti-toxic
GCYIIFGVS,0.40326884217710457,anti-toxic
GGHVCCGGS,0.40326884217710457,anti-toxic
GGCVYIGGD,0.40326884217710457,anti-toxic
GIYVCDHGH,0.4032631624893814,anti-toxic
GRSFRCNDD,0.4032525456431375,anti-toxic
GRCVRCSYD,0.4032525456431375,anti-toxic
GISICCGLR,0.40324173655044393,anti-toxic
GCRVGYGHG,0.4032382489022101,anti-toxic
GYIYGNRCG,0.4032193058526882,anti-toxic
GGIFCFRDR,0.4032004977782062,anti-toxic
GHVFLDVVY,0.40319845409236327,anti-toxic
GFCNCIRDN,0.4031951486322956,anti-toxic
GFICVFNGG,0.4031830640844095,anti-toxic
GFCFFNYFH,0.40316328082468644,anti-toxic
GYRVGFSYS,0.4031620493268595,anti-toxic
GHYVGFSGN,0.4031455018562332,anti-toxic
GVFDFDCVY,0.40312052117581787,anti-toxic
GHCICVGSS,0.40312052117581787,anti-toxic
GICDNLHCS,0.40311720089430597,anti-toxic
GCHVFGGSD,0.4031126106015624,anti-toxic
GDYRCFVIR,0.40310910254025406,anti-toxic
GYVVIFGGG,0.40309489983827457,anti-toxic
GLFCCFVYD,0.4030864156185393,anti-toxic
GFFVRYVYS,0.4030839966829741,anti-toxic
GGCGDCGYI,0.4030195342013126,anti-toxic
GGYLSDVGG,0.4030195342013126,anti-toxic
GYFVIFSLG,0.4030195342013126,anti-toxic
GSYNFFFSG,0.4030195342013126,anti-toxic
GFYCCGGLG,0.4030195342013126,anti-toxic
GDIVCFSVG,0.4030195342013126,anti-toxic
GVRVRCDDR,0.4030195342013126,anti-toxic
GDFVVNYHR,0.4030195342013126,anti-toxic
GVHRGLSLD,0.4030195342013126,anti-toxic
GVYLVCGCD,0.4030000233863535,anti-toxic
GSLVIGGYV,0.4029826717914188,anti-toxic
GFFNSYCYD,0.40296081004708845,anti-toxic
GRFNFFCVR,0.402948527541534,anti-toxic
GVSGGDVDS,0.4029463405579434,anti-toxic
GRVHHRRCG,0.4029360561651299,anti-toxic
GRNCRGFVF,0.4029360561651299,anti-toxic
GIRHRRGGN,0.4029088365694374,anti-toxic
GVCRYCGFV,0.4029034282035877,anti-toxic
GCFLVSSFD,0.40289085435388133,anti-toxic
GLGVGSVGN,0.40289085435388133,anti-toxic
GCLDSFDYI,0.4028752263475498,anti-toxic
GCGVCSGGN,0.4028669925743954,anti-toxic
GLNDSNCVG,0.4028658968133467,anti-toxic
GCFYYDCFG,0.40285527758743955,anti-toxic
GYVDDDRFH,0.4028473431667818,anti-toxic
GSCGDGVYR,0.4028473431667818,anti-toxic
GFICDCGCD,0.4028086297284891,anti-toxic
GFFDRSCHR,0.40280610419526264,anti-toxic
GFYFHCCCD,0.4028028609286408,anti-toxic
GYGDGDCVY,0.40279251146644973,anti-toxic
GFCYVNGCD,0.40279251146644973,anti-toxic
GLRHHDFDH,0.4027685331933703,anti-toxic
GGFNGVNDG,0.40275044700984236,anti-toxic
GFSGVFDGF,0.4027388915538063,anti-toxic
GRRYDYSLD,0.4027388915538063,anti-toxic
GFCGRFCCD,0.40272334578100194,anti-toxic
GYDCCVFDG,0.4027212806180199,anti-toxic
GIVNIGNFN,0.4027149086462207,anti-toxic
GCILVDCDS,0.4027013114489152,anti-toxic
GCFFNDFVN,0.4026951052471802,anti-toxic
GNCHCNLFG,0.40268644369649925,anti-toxic
GVFGFIGNR,0.4026606473446219,anti-toxic
GIDLRFVFR,0.4026574425031178,anti-toxic
GDFSGFVSD,0.40265211075985125,anti-toxic
GFLLFYDGF,0.40265211075985125,anti-toxic
GYCDRCGLG,0.40265211075985125,anti-toxic
GGDCVDFVN,0.40265211075985125,anti-toxic
GIFCFSDFG,0.40258491371780114,anti-toxic
GFVDCGVFR,0.40258491371780114,anti-toxic
GCYGHFCVF,0.40258314014256247,anti-toxic
GFIDCDRSG,0.40256841285410866,anti-toxic
GFSRHGLSF,0.4025566981199545,anti-toxic
GYVCFDGDH,0.40255202881399543,anti-toxic
GVYVFDSYV,0.4025411704113503,anti-toxic
GSVSCVGYR,0.40248763642275825,anti-toxic
GDYGGVGLR,0.40248763642275825,anti-toxic
GCFVGSVVG,0.40248763642275825,anti-toxic
GLRNSGHDD,0.4024512983495326,anti-toxic
GNIDFCDVG,0.40243533384162644,anti-toxic
GVYVHRGFR,0.4024206104974916,anti-toxic
GYDCSYLRL,0.40238422066279744,anti-toxic
GFIICCFDF,0.40235553163636983,anti-toxic
GDCIRFGGH,0.40235553163636983,anti-toxic
GCFFRHCLY,0.40235553163636983,anti-toxic
GVGLGRDYY,0.4023491275770927,anti-toxic
GICFCDFFH,0.4023420709841897,anti-toxic
GIYGYVGFS,0.40233425677012985,anti-toxic
GFSYSSRYC,0.40233425677012985,anti-toxic
GGLFIFGFF,0.40230481407448765,anti-toxic
GGDGFGCVG,0.4022987716744444,anti-toxic
GFVSCDVGG,0.40229751494622756,anti-toxic
GCDYVSRFS,0.40229231621172895,anti-toxic
GNIVSSCLD,0.40229231621172895,anti-toxic
GLRVFCYDG,0.4022896087498624,anti-toxic
GVYCVYSFD,0.4022854038314889,anti-toxic
GSYLYGVGD,0.4022837386142587,anti-toxic
GFYVIHHGY,0.402282289303304,anti-toxic
GCDFIFCVN,0.4022771714407361,anti-toxic
GNFGHCGVY,0.4022727278087712,anti-toxic
GFFCVYGSD,0.4022613824546802,anti-toxic
GCHCCNCFG,0.4022613824546802,anti-toxic
GRYGRGVVI,0.4022449072557289,anti-toxic
GFCIGLSGY,0.40224192525246805,anti-toxic
GVYSFISCG,0.40223762520066575,anti-toxic
GSCHYDNVF,0.40223762520066575,anti-toxic
GYIYFFGVG,0.4022285572037743,anti-toxic
GSFDFDRFC,0.4022123308782596,anti-toxic
GGCYNDCLN,0.40219088582569607,anti-toxic
GYISDIRGR,0.4021678953201241,anti-toxic
GLGVGDSCD,0.40215649307320106,anti-toxic
GSLGDSNSS,0.4021486351707446,anti-toxic
GIGVINVDH,0.4021451521630984,anti-toxic
GNYNDDLFC,0.4021174942780937,anti-toxic
GRHFLHVDD,0.4021130831594358,anti-toxic
GCYCCSGDG,0.4021072161386191,anti-toxic
GFNIHGGSV,0.4021059349262402,anti-toxic
GCGCSDCSG,0.40205657486686974,anti-toxic
GRYDDCGVH,0.40205657486686974,anti-toxic
GRSCCGGGG,0.40205657486686974,anti-toxic
GYSYVNIFG,0.4020214050501195,anti-toxic
GFCNVNDSC,0.4020214050501195,anti-toxic
GVYRLHGCG,0.4020083708064503,anti-toxic
GLLRGIRFC,0.40198683109252636,anti-toxic
GSYGLCDFY,0.4019799864737777,anti-toxic
GFRSVFNSC,0.4019799864737777,anti-toxic
GCLGCLGVD,0.4019633522557277,anti-toxic
GDVYRCCYD,0.4019612826049618,anti-toxic
GFYCVICDS,0.40195723944056677,anti-toxic
GCYVDGFLR,0.40193991527798667,anti-toxic
GCFRDLVGR,0.40193049140484227,anti-toxic
GVLFDNFFG,0.40192178034022724,anti-toxic
GRFYGGSDN,0.40191941119201363,anti-toxic
GSGFFGGLS,0.40187030230047005,anti-toxic
GRVRDVVYC,0.40187030230047005,anti-toxic
GVLRRLCDH,0.4018506407353127,anti-toxic
GVRGRSCYS,0.4018506407353127,anti-toxic
GFFNCCVFR,0.4018350525555618,anti-toxic
GSSFHSVYS,0.4018263386944292,anti-toxic
GFNYFRRIS,0.4018119019128471,anti-toxic
GHVFGYSGG,0.4018030709301632,anti-toxic
GFYRLYSYG,0.4017833477537978,anti-toxic
GVCDCGVFD,0.4017793029325303,anti-toxic
GVHCCHGFD,0.4017664165250905,anti-toxic
GCYDVCGLR,0.40176220700113324,anti-toxic
GGRDDFVVH,0.40175521167255296,anti-toxic
GFDNCLSVD,0.40175521167255296,anti-toxic
GSCCCDGFC,0.40175227392556295,anti-toxic
GFRHFFGGV,0.40173142087054975,anti-toxic
GCIYYVCCG,0.40170015754534444,anti-toxic
GLLVGLDFL,0.40170015754534444,anti-toxic
GSYNFGCYD,0.40170015754534444,anti-toxic
GFLYCFSVF,0.40170015754534444,anti-toxic
GGCIDLGHR,0.4016881383808037,anti-toxic
GCFLFSCFD,0.4016816458136264,anti-toxic
GDSVRSGFF,0.40168110410984864,anti-toxic
GCFYVYDGL,0.4016418825392988,anti-toxic
GCSGNGFVG,0.4016408204024472,anti-toxic
GCLRGSCFS,0.40163615423200133,anti-toxic
GNYHRFYGH,0.4016204924104052,anti-toxic
GDYGCNNVF,0.40158191246173425,anti-toxic
GRSCDCVLC,0.4015742933271317,anti-toxic
GHHFDHFVY,0.4015742933271317,anti-toxic
GYSLFGDSD,0.40156374567064707,anti-toxic
GCFVGFDFY,0.4015441329408629,anti-toxic
GRYCGGGGH,0.4015441329408629,anti-toxic
GVCRGDGDR,0.40153266566297185,anti-toxic
GHFRYVSDY,0.4015275924849012,anti-toxic
GYFHHLVCG,0.4015275924849012,anti-toxic
GVSFRVCDH,0.40151937905890434,anti-toxic
GIHHVDNCR,0.4015144690303357,anti-toxic
GVIVFGCFD,0.40149496288908054,anti-toxic
GNSVGDFVH,0.40149496288908054,anti-toxic
GNRHNYHHF,0.40149496288908054,anti-toxic
GNDGCLVGH,0.40149496288908054,anti-toxic
GFYVSFDCS,0.4014811597685778,anti-toxic
GVFRDLDYG,0.4014708775671708,anti-toxic
GDSDGGVCR,0.4014708775671708,anti-toxic
GLCDCFNYN,0.40145658239487475,anti-toxic
GFSYLDVVG,0.40145658239487475,anti-toxic
GYDRSDNSD,0.4014471164137302,anti-toxic
GFLRNLCVD,0.4014471164137302,anti-toxic
GRCVRFGDN,0.4014403861397906,anti-toxic
GCYVFDVVS,0.4014227417058871,anti-toxic
GYCIGGGYC,0.4014005407815441,anti-toxic
GGCVDGCYG,0.4014005407815441,anti-toxic
GFLFYRSFD,0.4014005407815441,anti-toxic
GCLVYYHGY,0.4014005407815441,anti-toxic
GCCVNRGLD,0.4014005407815441,anti-toxic
GRLFDNNCY,0.4014005407815441,anti-toxic
GCVVNNSFF,0.4013895461237062,anti-toxic
GCCRFHDFH,0.4013777138134222,anti-toxic
GYVGRGHHR,0.40135518602385023,anti-toxic
GIDRRHRIV,0.40134625736394913,anti-toxic
GFNDFSNHD,0.40134625736394913,anti-toxic
GCVCLNCFY,0.4013403308158434,anti-toxic
GDFCGCFVD,0.401332951569377,anti-toxic
GLDDSVVDS,0.401332951569377,anti-toxic
GGCYVGFII,0.4013235108980674,anti-toxic
GSNLFVSSS,0.4013110047577442,anti-toxic
GLYDFLCVN,0.4013110047577442,anti-toxic
GGCCVDDHD,0.4013110047577442,anti-toxic
GFHNGLVCG,0.4012679520209651,anti-toxic
GGDHLGVYV,0.4012679520209651,anti-toxic
GYCFGFCVF,0.4012679520209651,anti-toxic
GLHCGDCID,0.40125640056053846,anti-toxic
GCVRVRDGC,0.4012538444511835,anti-toxic
GGILDIGLC,0.4012520894104513,anti-toxic
GCLIRCVFD,0.4012335365564893,anti-toxic
GVIDVYRDY,0.40121418828698635,anti-toxic
GLSVSHGFC,0.40120539609980505,anti-toxic
GYRCLYNSV,0.40119012286323213,anti-toxic
GVFVIVYDG,0.4011850634851846,anti-toxic
GFFCFCFDG,0.4011810273098703,anti-toxic
GYYFNCVVN,0.40114514854724903,anti-toxic
GGGDHRDCG,0.40114514854724903,anti-toxic
GFGGVVDGN,0.40108246803248326,anti-toxic
GFLVGFDHG,0.40106819373498004,anti-toxic
GRVLIHGVG,0.4010433568013469,anti-toxic
GVFRLFVNR,0.4010310856491795,anti-toxic
GCFCLVYDG,0.4010310856491795,anti-toxic
GCGYCLDFV,0.4010255952353148,anti-toxic
GNNRRDLFR,0.4010211175648543,anti-toxic
GLIHCCSDG,0.40101891115953253,anti-toxic
GFRCYDVIY,0.40101545032860453,anti-toxic
GGRLGNGIG,0.40100769183399415,anti-toxic
GSYRVRYVD,0.4009729666150475,anti-toxic
GRNVRSRYR,0.40095445941931024,anti-toxic
GDYYSSGHC,0.40094919380769606,anti-toxic
GFYYCGGGN,0.4009248622214998,anti-toxic
GDRFNRGGG,0.4009248622214998,anti-toxic
GLICGSHVN,0.400914103969845,anti-toxic
GRRLCYHDI,0.4008964154726973,anti-toxic
GCNSDCGFH,0.4008880232629653,anti-toxic
GCGYVCGDD,0.4008843893188189,anti-toxic
GFSHGFHNR,0.4008498653327994,anti-toxic
GNYGHGCCG,0.4008484324598348,anti-toxic
GHGCYSGCN,0.4008295368423452,anti-toxic
GFYCNLFDD,0.4008256969095258,anti-toxic
GVRVRVGCF,0.4008256969095258,anti-toxic
GCIDHNDDS,0.4008019266524441,anti-toxic
GYYVGHVHS,0.40077854480243824,anti-toxic
GVLIFGVVS,0.4007734006264952,anti-toxic
GSVIRRGGR,0.4007653544855253,anti-toxic
GYYYFSFGN,0.4007530090335608,anti-toxic
GLFGLIDFR,0.4007329088562077,anti-toxic
GSLHCSVCD,0.4007329088562077,anti-toxic
GDYNCGDGH,0.4007329088562077,anti-toxic
GRNFRLDFC,0.4006974432172265,anti-toxic
GLSFGCCYG,0.4006671415384621,anti-toxic
GYRFDSVYD,0.4006628670075109,anti-toxic
GVYYGNRYR,0.40066086009676527,anti-toxic
GYFIGNRDY,0.40065799820800074,anti-toxic
GDFVCGCVD,0.4006459020479625,anti-toxic
GFNVIFCLS,0.4006291471828189,anti-toxic
GLFGHLVFY,0.40061809207248456,anti-toxic
GYGYCGGGD,0.4005962523157777,anti-toxic
GVNIFIHGN,0.4005962523157777,anti-toxic
GIFSICGIR,0.400590847920754,anti-toxic
GYRVNDFGS,0.40056415249818644,anti-toxic
GFCICNRYG,0.40056415249818644,anti-toxic
GYYCGLDCY,0.40052938390622944,anti-toxic
GVIYFLGVS,0.40051961860951907,anti-toxic
GFYDRDNVS,0.4005123428372955,anti-toxic
GVGIYGGYG,0.4005060101215143,anti-toxic
GSHLLIDFN,0.40050455315105876,anti-toxic
GVFYCDHFI,0.40050222543663805,anti-toxic
GVFVHDFCS,0.4004871976859175,anti-toxic
GCVHVVVFD,0.4004871976859175,anti-toxic
GGGVRNSLG,0.4004431538258419,anti-toxic
GCGSYLVGS,0.40043493664424207,anti-toxic
GSSSFGDVG,0.4004255220662685,anti-toxic
GSRSFGVDD,0.400414627799893,anti-toxic
GIGNDFCVG,0.400414627799893,anti-toxic
GFLRYDVCN,0.400414627799893,anti-toxic
GVHRCFGID,0.400414627799893,anti-toxic
GIVIDGIFR,0.400414627799893,anti-toxic
GFFRCDLCD,0.40038925346189375,anti-toxic
GCCRSYVFS,0.4003556377630962,anti-toxic
GYSISGIGL,0.40032866577370196,anti-toxic
GFLFDVGFL,0.40030674195114463,anti-toxic
GVCYGRGVR,0.40029710798266843,anti-toxic
GFFFLHRGG,0.40028122448694015,anti-toxic
GICFGDCYN,0.40028122448694015,anti-toxic
GRDCCIDSY,0.4002664696292264,anti-toxic
GYYRSFRDG,0.40025009115011156,anti-toxic
GDYRRFGVF,0.4002398965636179,anti-toxic
GRFSFDVVG,0.4002283552334932,anti-toxic
GVCCDFSVG,0.4002283552334932,anti-toxic
GYHIIGFGD,0.40021977496693617,anti-toxic
GIFYRVGYI,0.40021977496693617,anti-toxic
GCFVRHVIN,0.4002151814212312,anti-toxic
GGDVCFRYS,0.4002082522139123,anti-toxic
GCHVDFHYH,0.4002000024029362,anti-toxic
GIDHRSGCH,0.4002000024029362,anti-toxic
GHLSFVVHS,0.40019441593922794,anti-toxic
GFCRHIFDD,0.40017576383829173,anti-toxic
GICIHFCDN,0.40016146866599567,anti-toxic
GCDFVFGIG,0.40016146866599567,anti-toxic
GHNHVCRFR,0.40012422693189886,anti-toxic
GGDNNVGDV,0.4001060704285453,anti-toxic
GFHVHCNFD,0.40009933932010827,anti-toxic
GFGFFGLGF,0.4000831652054761,anti-toxic
GCICFNHFF,0.40007939468258913,anti-toxic
GHCVDDRVN,0.40006485680154,anti-toxic
GNFVFCSCG,0.4000533679854367,anti-toxic
GISIYVGDR,0.4000533679854367,anti-toxic
GFHYCCNGD,0.4000533679854367,anti-toxic
GICIDGNFR,0.4000460476958254,anti-toxic
GYVFCYCGI,0.4000363658329534,anti-toxic
GICVGSRGD,0.4000329981778814,anti-toxic
GIFSVVRDR,0.4000307590790907,anti-toxic
GFRCFVGHR,0.40002796693370246,anti-toxic
GFSFIRDGD,0.40002796693370246,anti-toxic
GHFSYRHRY,0.40002438797195317,anti-toxic
GVYCVHSVG,0.40001963506515853,anti-toxic
GGDDGRGFV,0.40001301729490285,anti-toxic
GVRLRGCYG,0.3999789536467499,anti-toxic
GDNNRGDGG,0.39996979063931437,anti-toxic
GFSCVVVDR,0.39995529990736317,anti-toxic
GNYSIGFLY,0.39994864216559867,anti-toxic
GFDFGCRVD,0.39990960153494204,anti-toxic
GINYCFRVS,0.39990070943756556,anti-toxic
GYYGILLHN,0.39988752082304246,anti-toxic
GFRCYGDGY,0.39986592970807605,anti-toxic
GCLRIDGCC,0.39985531268880176,anti-toxic
GVGYGVGHR,0.39983787541512333,anti-toxic
GGIYRSSIS,0.39983000940021857,anti-toxic
GVRFGSLVD,0.39981833188005317,anti-toxic
GFHGGLYGN,0.39979994505616145,anti-toxic
GFYGLHCVF,0.39979399006563077,anti-toxic
GFRGRGGHN,0.3997841493704079,anti-toxic
GFCNYSGLF,0.3997841493704079,anti-toxic
GGICIRLSG,0.3997630372222051,anti-toxic
GYCIGVGYC,0.3997458095352999,anti-toxic
GRIFYGCVF,0.3997458095352999,anti-toxic
GYICLGCVD,0.3997383320776005,anti-toxic
GNCGHDVHS,0.3997333814140811,anti-toxic
GVYRFNDFN,0.3997272312844083,anti-toxic
GYCSCVVHS,0.39970903141088426,anti-toxic
GYGSDNGIG,0.39970903141088426,anti-toxic
GFYGIGGGD,0.39970903141088426,anti-toxic
GSCHSHSYD,0.39970903141088426,anti-toxic
GFNYVDFDG,0.39970903141088426,anti-toxic
GYFCCCCGI,0.39968533378820614,anti-toxic
GVCNSFGCD,0.3996737214810381,anti-toxic
GGFVRGRGS,0.39966988497429207,anti-toxic
GFYNVNCFY,0.3996569508627995,anti-toxic
GHGVVNCCG,0.3996532041161578,anti-toxic
GFVVCSCYD,0.3996493509817807,anti-toxic
GCCYCIFDD,0.3996265913039732,anti-toxic
GHYVCFDHY,0.39960905247882356,anti-toxic
GCSLSLVDV,0.3996071680395006,anti-toxic
GRYDYRVID,0.3995935659447596,anti-toxic
GCCFFSDGD,0.39958195573901434,anti-toxic
GCGRFDCSG,0.39957577136629674,anti-toxic
GRGHVGHYR,0.39956051235036477,anti-toxic
GSCYIGGCS,0.39952686953101574,anti-toxic
GYYDHFNVR,0.3995163969069927,anti-toxic
GVFCFIGVR,0.3995163969069927,anti-toxic
GIVICSFVG,0.3994882972348983,anti-toxic
GCLCCLHFR,0.3994765588588151,anti-toxic
GCYSYGFYD,0.3994611817925704,anti-toxic
GRSGGGVCS,0.3994611817925704,anti-toxic
GISVIGGYV,0.39945455068441593,anti-toxic
GFNNFFDDF,0.39944362638371533,anti-toxic
GLYYFVCGD,0.3994097037528132,anti-toxic
GFDIDSDYF,0.3994097037528132,anti-toxic
GGSDVCGDG,0.39940387566569396,anti-toxic
GHDGHGGHD,0.3994009789213437,anti-toxic
GRCIYCHDD,0.39939737407285714,anti-toxic
GFCGSFHDI,0.3993852495462185,anti-toxic
GFSLLYHGN,0.3993772779879194,anti-toxic
GYYVFDCVF,0.3993615958068317,anti-toxic
GIRRIGCYG,0.399333095614418,anti-toxic
GYDFCCHYG,0.39932975220004335,anti-toxic
GCDHRFRYN,0.3993291171779285,anti-toxic
GNCLDVGDR,0.3993117067195758,anti-toxic
GFYYLLCHD,0.39927881786282754,anti-toxic
GDVLVYNSV,0.3992742477611022,anti-toxic
GCCLVYHNR,0.39926354729464353,anti-toxic
GYFVFSRHS,0.3992540625698689,anti-toxic
GFYNCYLNY,0.39925122872062074,anti-toxic
GDVNVGGCD,0.39923447902503645,anti-toxic
GFSRGCVCG,0.3992154706222802,anti-toxic
GGHGVGGGD,0.3991970123915401,anti-toxic
GHRRRFHHR,0.3991970123915401,anti-toxic
GHCHVFHHV,0.3991970123915401,anti-toxic
GYIGSVYVC,0.3991970123915401,anti-toxic
GIYGNLGDD,0.3991970123915401,anti-toxic
GCIDSYFYR,0.3991710980934723,anti-toxic
GFIYCCDGN,0.39916165358981875,anti-toxic
GFDLGDGLR,0.39916165358981875,anti-toxic
GGVVGCSFY,0.39915481920371876,anti-toxic
GSSVRLIGN,0.3991447098104083,anti-toxic
GFVRVGVCD,0.3991282296099735,anti-toxic
GVNGLLIDD,0.3991282296099735,anti-toxic
GFICLVGSS,0.3991069448382626,anti-toxic
GFHVGISFN,0.3990965858719798,anti-toxic
GFFFYFCIY,0.3990965858719798,anti-toxic
GSRVIDCDS,0.3990917429161902,anti-toxic
GCHCCCGLG,0.3990864092019485,anti-toxic
GFIDCYDNY,0.3990813877308468,anti-toxic
GIRRNYVDG,0.39907393746740094,anti-toxic
GFFLFLYFY,0.3990724590709457,anti-toxic
GFCLSIGVR,0.3990665838352919,anti-toxic
GVVYRDVSR,0.3990569260863805,anti-toxic
GDICIYGVG,0.39905215904140523,anti-toxic
GLCVRYSDY,0.3990474325153654,anti-toxic
GVRDCFGRR,0.39903809897108966,anti-toxic
GHFGRYVGN,0.39903809897108966,anti-toxic
GFYNCNGVD,0.39903809897108966,anti-toxic
GNGCVGDCG,0.39903809897108966,anti-toxic
GFCYIDHCV,0.39903809897108966,anti-toxic
GYVVCGGCS,0.39901101903456315,anti-toxic
GFDVVYGLV,0.39901101903456315,anti-toxic
GNCLVLDDC,0.39899540282910295,anti-toxic
GGIYVLDSC,0.39898524258668766,anti-toxic
GILNGFGYV,0.39897281410980545,anti-toxic
GGIFYDCSD,0.39897281410980545,anti-toxic
GYSRGGVDS,0.398960677724445,anti-toxic
GFSFYRCCD,0.3989410720777855,anti-toxic
GIYGRLYYG,0.39893724098598626,anti-toxic
GGYGNGGGG,0.39892368855329097,anti-toxic
GCCGLFGFY,0.39890403677465447,anti-toxic
GCDFFGVVR,0.39889345467936016,anti-toxic
GCFSRLSGH,0.39889345467936016,anti-toxic
GIDDVFGVY,0.39887297247208386,anti-toxic
GNCRDFSFH,0.3988533517676642,anti-toxic
GFYFFNCFV,0.3988469936488903,anti-toxic
GLICYSCCD,0.39882542076649247,anti-toxic
GGVYCSRLR,0.39882542076649247,anti-toxic
GFFGDFGFC,0.39879914739317535,anti-toxic
GYFRLVVFD,0.39879914739317535,anti-toxic
GVNCFNFFY,0.39879914739317535,anti-toxic
GCGGRGFLR,0.39879914739317535,anti-toxic
GLGLRDIGN,0.39877172513799,anti-toxic
GFILNCDFD,0.3987664494198198,anti-toxic
GGRVNCGHG,0.3987664494198198,anti-toxic
GVHRLCGFI,0.3987664494198198,anti-toxic
GIYNFGCVY,0.3987664494198198,anti-toxic
GRVVGFGFN,0.3987612402093448,anti-toxic
GSVFYGSFG,0.398717153791855,anti-toxic
GDCGYIRGG,0.39870799204087054,anti-toxic
GRHDYLSFD,0.39870799204087054,anti-toxic
GFFCLYHFY,0.39870461183063083,anti-toxic
GGFIDGHVY,0.3986678647296584,anti-toxic
GCCCFFFDR,0.39866023185849964,anti-toxic
GYYVGVDGY,0.3986572581858549,anti-toxic
GSYNVLVFG,0.3986572581858549,anti-toxic
GGLLCDHDG,0.3986525510499293,anti-toxic
GGCYRCIDH,0.3986456050610463,anti-toxic
GLDILNYVC,0.3986456050610463,anti-toxic
GLYCVFNFR,0.3986306440922761,anti-toxic
GCRFVDYCS,0.3986233990284758,anti-toxic
GLVRYVCGC,0.398615427909111,anti-toxic
GILCYNFFD,0.39861281203185395,anti-toxic
GGIVDFGGV,0.39861281203185395,anti-toxic
GDLHLLFHR,0.39860254805591483,anti-toxic
GVVICRGSS,0.3985782078785865,anti-toxic
GVDNFDVFF,0.39853048392534157,anti-toxic
GRYFYDDFV,0.398518682284506,anti-toxic
GNCVGFRCR,0.39850734315102393,anti-toxic
GGGFSCSDN,0.39850183861055166,anti-toxic
GLGCCCCYC,0.3984876688731155,anti-toxic
GGYSLRGLD,0.398481410547974,anti-toxic
GRHRVSLRR,0.3984791701092597,anti-toxic
GYDDGNVLS,0.3984661074424947,anti-toxic
GCLSVLDDH,0.3984598106274519,anti-toxic
GFGSHCVSS,0.39844179322457,anti-toxic
GVCRGCGGD,0.39836767437070636,anti-toxic
GHHCCLNSC,0.39833644364425086,anti-toxic
GCFSYVIDI,0.3983265636436221,anti-toxic
GFGNSGDGD,0.3982973056744228,anti-toxic
GFGVGFYDS,0.39829671873882916,anti-toxic
GFCGHGFVH,0.39828049828720713,anti-toxic
GIHCDSFFN,0.3982580566407765,anti-toxic
GCLYFLGID,0.3982284806068572,anti-toxic
GVNGCFRFG,0.39820883844348326,anti-toxic
GDNGNDDGS,0.39819170064193543,anti-toxic
GCYRLDYDN,0.3981818880889852,anti-toxic
GGYLICGFI,0.3981667351099216,anti-toxic
GISSCDGYC,0.398084029393604,anti-toxic
GVGFCLVGR,0.39805064285475367,anti-toxic
GGCLFDDDF,0.3979400086720376,anti-toxic
GSCDHGCCG,0.3979400086720376,anti-toxic
GFHFFSRSC,0.3979400086720376,anti-toxic
GHGSSSDVG,0.3979400086720376,anti-toxic
GDCNFHGVR,0.3979400086720376,anti-toxic
GLSGNVHSL,0.3979400086720376,anti-toxic
GDHLGIGLC,0.3979400086720376,anti-toxic
GCDIDGHCD,0.3979400086720376,anti-toxic
GVCICGDGG,0.3979400086720376,anti-toxic
GCGHCHRIV,0.3979400086720376,anti-toxic
GYIYCSGVC,0.3979400086720376,anti-toxic
GGVNLNSVS,0.3979400086720376,anti-toxic
GFSRYRVGN,0.3979400086720376,anti-toxic
GFCGGNDYN,0.3979400086720376,anti-toxic
GYSNDSNYY,0.3979400086720376,anti-toxic
GFSGGLYHD,0.3979400086720376,anti-toxic
GCRCSNHFF,0.3979400086720376,anti-toxic
GFISGNSVY,0.3979400086720376,anti-toxic
GLDRIIIYH,0.3979400086720376,anti-toxic
GSGVGLCYS,0.3979400086720376,anti-toxic
GFCGGDSLD,0.3979400086720376,anti-toxic
GGDCIHFDS,0.3979400086720376,anti-toxic
GSGCYNGVR,0.3979400086720376,anti-toxic
GCLFYCHGS,0.3979400086720376,anti-toxic
GCRGYGNGD,0.3979400086720376,anti-toxic
GSYYFISDV,0.3979400086720376,anti-toxic
GVCVYDSFH,0.3979400086720376,anti-toxic
GSVSNFGDD,0.3979400086720376,anti-toxic
GSCGGSGYL,0.3979400086720376,anti-toxic
GFCRVFGSR,0.3979400086720376,anti-toxic
GHYGDSCFY,0.3979400086720376,anti-toxic
GCYVRSCVS,0.3979400086720376,anti-toxic
GVRYDDCFV,0.39780937414498757,anti-toxic
GICWVLDYL,0.39780737942015837,anti-toxic
GFRVSNSDH,0.3977503190066925,anti-toxic
GCLLHVSVG,0.39772442441250855,anti-toxic
GVSGDSIIY,0.397665919371742,anti-toxic
GSSLVHRRG,0.3976351336283462,anti-toxic
GVVYGCGIR,0.39760451658744855,anti-toxic
GLIDFVNDD,0.3975605464531362,anti-toxic
GSIRVVGLG,0.3975605464531362,anti-toxic
GCFSYDVFG,0.3975395526898574,anti-toxic
GDGGRFVSG,0.3975281599148539,anti-toxic
GYDFSCGYC,0.39748972923107584,anti-toxic
GFGFYLVVN,0.3974544921520433,anti-toxic
GFFCHYGYD,0.3974544921520433,anti-toxic
GCVGFCCRI,0.39743764368611667,anti-toxic
GYLFVSSVG,0.3974051631833763,anti-toxic
GLFCYGCCG,0.3974046137220818,anti-toxic
GDLRRFVIY,0.3974046137220818,anti-toxic
GISDFLHFD,0.3973933824426636,anti-toxic
GGLDLVCDS,0.39738922295217266,anti-toxic
GFYYRCHIH,0.3973792668486199,anti-toxic
GHSVNGGVN,0.3973681922867266,anti-toxic
GLCLFGGHG,0.3973644029126234,anti-toxic
GRVHRGGYY,0.3973487295039132,anti-toxic
GFVDCGRFR,0.3973487295039132,anti-toxic
GRRFNGCVY,0.3973235508227511,anti-toxic
GRIVSDRCR,0.39730922499992316,anti-toxic
GCIHFDGRI,0.39730553889972825,anti-toxic
GCGGIDFVN,0.39729613237633254,anti-toxic
GYHRCDVHR,0.397279819314751,anti-toxic
GFCSSRGCD,0.3972676517151597,anti-toxic
GCLYFDSYH,0.39726616139658194,anti-toxic
GLYLGCNDG,0.3972631608508951,anti-toxic
GFHRHYHNR,0.3972255125165235,anti-toxic
GDIFDGVCI,0.3972094879246816,anti-toxic
GHLGCSGFY,0.3971905788365365,anti-toxic
GYYFFCGGR,0.3971840563803806,anti-toxic
GYIVSFSLY,0.3971840563803806,anti-toxic
GICCGLVGH,0.39710402288569624,anti-toxic
GCCFVFSFD,0.39708761491086,anti-toxic
GGVCRHGLG,0.3970791669989015,anti-toxic
GLRCYDCSV,0.3970791669989015,anti-toxic
GCHFCFDGF,0.3970705499594087,anti-toxic
GCYFYFVLN,0.3970617586621158,anti-toxic
GFLCSSYFS,0.39705030926395596,anti-toxic
GFCGYVGVY,0.39704363171418644,anti-toxic
GFFDFFDVY,0.39704363171418644,anti-toxic
GGYRHGVDN,0.3970311255738632,anti-toxic
GISVVNGYY,0.39702474072125615,anti-toxic
GGDLLCDCG,0.39700503633696455,anti-toxic
GICDFDCVY,0.39699142187648906,anti-toxic
GFDDSRYCD,0.3969844648720291,anti-toxic
GVDCCYGHY,0.3969738359000171,anti-toxic
GHIFCDHYH,0.3969738359000171,anti-toxic
GSGVVFDVF,0.39695185242797154,anti-toxic
GCFRGCHYR,0.39695185242797154,anti-toxic
GGDDLGGDG,0.3969249061875229,anti-toxic
GYNYFVFHG,0.3969169352144587,anti-toxic
GSHIRGHGS,0.3969169352144587,anti-toxic
GDCFHDHCD,0.39689225308084386,anti-toxic
GFFHCFSGN,0.39684530137427393,anti-toxic
GRFCGSVGN,0.39683913487115147,anti-toxic
GFLRYGGFF,0.39683913487115147,anti-toxic
GGCFFGGLD,0.39681780008405226,anti-toxic
GNHFGCCDD,0.39681634832488116,anti-toxic
GFYFDGDSS,0.3968105035310677,anti-toxic
GSCYCFSCG,0.3968045976151236,anti-toxic
GVFHCLNGD,0.39678650339390575,anti-toxic
GVCLFDDFY,0.3967803431447989,anti-toxic
GICVDFHCR,0.3967803431447989,anti-toxic
GSDYHVNFF,0.39674852786461895,anti-toxic
GVNNFIGYY,0.39674852786461895,anti-toxic
GSHFDNYDD,0.3966973912809419,anti-toxic
GNYIYFDYY,0.3966973912809419,anti-toxic
GSFLCFRGS,0.3966793561702936,anti-toxic
GYSFRVRFS,0.3966793561702936,anti-toxic
GFVCVLDNG,0.3966793561702936,anti-toxic
GFVSGNRDG,0.3966793561702936,anti-toxic
GYRICDSHG,0.3966416684467568,anti-toxic
GRIGRCVDG,0.39663189177370617,anti-toxic
GVHSVLSGG,0.39662196674412437,anti-toxic
GFYLISDCG,0.39662196674412437,anti-toxic
GHSFLFHNR,0.396587767366058,anti-toxic
GFLGFRRCR,0.39655910295565205,anti-toxic
GFFCGSDFR,0.3965492761770137,anti-toxic
GNRFDSRDD,0.3965443101535012,anti-toxic
GSDSNGVLG,0.39652536741503586,anti-toxic
GHCNRGVCF,0.39651375293400554,anti-toxic
GFYDYGFLR,0.39651375293400554,anti-toxic
GFFFFDIYH,0.39651375293400554,anti-toxic
GSCCDLNFR,0.39649796700877604,anti-toxic
GSSDSLDYC,0.39648508442386315,anti-toxic
GSYIVGDVD,0.3964777363077507,anti-toxic
GYYLYGGFL,0.3964653231060319,anti-toxic
GDGCCDSYR,0.3964653231060319,anti-toxic
GGGGICGCD,0.39641348871056514,anti-toxic
GYCVGYVDV,0.3963999557039454,anti-toxic
GRSDNDGHV,0.3963901414277111,anti-toxic
GGVHLLGSS,0.3963861806034159,anti-toxic
GHYLNSNYY,0.39637920022872575,anti-toxic
GCRGCCDVD,0.3963578776621629,anti-toxic
GLYCSFSGY,0.3963520928924057,anti-toxic
GVVVDFGYY,0.3963412367516733,anti-toxic
GFIYCCGGG,0.39633448195661913,anti-toxic
GFCSYRGNG,0.396282394133355,anti-toxic
GCISIIDDV,0.3962771049866331,anti-toxic
GGIHGSFDN,0.3962771049866331,anti-toxic
GCCVGGSCG,0.3962728493045746,anti-toxic
GCDHHDFDR,0.3962728493045746,anti-toxic
GNYICGCSF,0.39625560650146346,anti-toxic
GNIIRVGCF,0.3962335448580205,anti-toxic
GFYDPYCFS,0.3962335448580205,anti-toxic
GCNDICDDH,0.3962335448580205,anti-toxic
GFFHCRGYN,0.3962166156093036,anti-toxic
GCGCDGRFG,0.3961993470957364,anti-toxic
GVYSCRGFG,0.3961993470957364,anti-toxic
GRDVIFSSD,0.3961757768001129,anti-toxic
GFIFDCRSG,0.39616978414811227,anti-toxic
GFVLGCVGS,0.3961637506462346,anti-toxic
GIVRRVVNV,0.3961637506462346,anti-toxic
GYCDCFRYF,0.3961637506462346,anti-toxic
GIYLHCDFN,0.3961637506462346,anti-toxic
GDDYDSRSG,0.3961637506462346,anti-toxic
GCCYNLDGL,0.396139199670683,anti-toxic
GCGCHDCLF,0.3961266679085693,anti-toxic
GRDFCDGHV,0.39612245180521943,anti-toxic
GSYVHFVYS,0.39611715402570524,anti-toxic
GHYGDLGYN,0.3961139605078134,anti-toxic
GFVVCDVVN,0.3961139605078134,anti-toxic
GVRHRDDIH,0.39607207253691834,anti-toxic
GCYIDLLVG,0.3960662111776823,anti-toxic
GGCSSYGID,0.3960417469091193,anti-toxic
GHLLIILSG,0.39600550889483793,anti-toxic
GLFDDYFIR,0.39600550889483793,anti-toxic
GFFSDCVHR,0.39600550889483793,anti-toxic
GFRIFDDCC,0.39600550889483793,anti-toxic
GFFDNFNLD,0.3959678603765964,anti-toxic
GFVNVRGDD,0.39596144268994976,anti-toxic
GLYVFVGCG,0.39595011065738756,anti-toxic
GLRNYDHIH,0.39592705266087813,anti-toxic
GVIRCNSVF,0.39591532210562314,anti-toxic
GIFVYGGGG,0.39591532210562314,anti-toxic
GFCIIFCLD,0.39590174722144905,anti-toxic
GRGFGDCGG,0.3958898342184199,anti-toxic
GRVDRGICI,0.39586700004917236,anti-toxic
GRLCCYFVD,0.3958614881732716,anti-toxic
GIDDCYRFV,0.39583688358427327,anti-toxic
GFNYRDCCI,0.39581631504218207,anti-toxic
GYYVRCCGN,0.39581631504218207,anti-toxic
GHRFFNNVV,0.39578760989779116,anti-toxic
GFIYFSYYD,0.3957811252773933,anti-toxic
GDVYFLDFY,0.3957708558406015,anti-toxic
GYGCVDDVF,0.39576308941776306,anti-toxic
GYFCCSCCD,0.39576308941776306,anti-toxic
GDCLGGLYD,0.39574936351324386,anti-toxic
GCCCYFCVG,0.39570712723974566,anti-toxic
GFRINDVCR,0.39570712723974566,anti-toxic
GCRDCYYDS,0.395694298217312,anti-toxic
GVSIGLCDD,0.3956681927754313,anti-toxic
GCDDFYRSS,0.3956681927754313,anti-toxic
GGFSINSGG,0.3956681927754313,anti-toxic
GSYSDRYID,0.39565574577596346,anti-toxic
GNGHYVCCD,0.3956482118924528,anti-toxic
GVSCDYSGH,0.39563299404701774,anti-toxic
GHIDGSRGS,0.39563160057909985,anti-toxic
GLFCVFVHD,0.3956278764216602,anti-toxic
GCGNFRDSG,0.3956175727530064,anti-toxic
GRYVYSSYR,0.3956175727530064,anti-toxic
GGYFGDCCG,0.39561411775893784,anti-toxic
GFVNRGFCR,0.39558610327856025,anti-toxic
GVCGCDYFD,0.39558610327856025,anti-toxic
GLCCFGFLL,0.3955427929337821,anti-toxic
GCCIGVDGH,0.3955339389061592,anti-toxic
GFFYCFGSD,0.3955339389061592,anti-toxic
GIVCFHSVD,0.39552799979571174,anti-toxic
GFHDFCNSC,0.39552053454862474,anti-toxic
GFICCNNHN,0.39551086820138587,anti-toxic
GFYSCDHVR,0.3955069800010384,anti-toxic
GNSFLFGSD,0.3954863610047661,anti-toxic
GSGFRFLDD,0.3954825042604227,anti-toxic
GVYGCRYVD,0.3954794101243808,anti-toxic
GVLGDLGCD,0.39546538954418226,anti-toxic
GCYCICNNF,0.3954512082683429,anti-toxic
GNLYRCVGG,0.3954512082683429,anti-toxic
GVYRCLRSG,0.3954223524507911,anti-toxic
GFHVYCSSD,0.39542113559707764,anti-toxic
GLFNCYSFS,0.39541503364153396,anti-toxic
GFLGYGDGY,0.3954027406066773,anti-toxic
GYLRSLVFC,0.39539920629475467,anti-toxic
GFLCVGGHS,0.3953928196581577,anti-toxic
GFCSFGNFD,0.3953928196581577,anti-toxic
GCCDVFNFL,0.3953777919074372,anti-toxic
GCYDIDVLG,0.3953777919074372,anti-toxic
GGILGRGDN,0.3953683091845987,anti-toxic
GYSFHFGDN,0.39536513265971646,anti-toxic
GVSFDDCFV,0.3953625857842269,anti-toxic
GCVISFNYG,0.3953570114385835,anti-toxic
GCFCHSFVD,0.3953570114385835,anti-toxic
GCVYRHVIN,0.3953491315955952,anti-toxic
GFLRRLNSS,0.39533162556450946,anti-toxic
GVHHNVCDD,0.39533041992605317,anti-toxic
GHGYFGFVR,0.3953226427014172,anti-toxic
GFGGSGHYN,0.39531442260362054,anti-toxic
GCHRSCGFC,0.39530990536099475,anti-toxic
GGDDLHGYV,0.39530990536099475,anti-toxic
GGCYYDCFH,0.3952999125058292,anti-toxic
GDFVCYDCS,0.3952728898581583,anti-toxic
GCCVDDDYR,0.3952694730818179,anti-toxic
GLYVLNGCG,0.39524530830862353,anti-toxic
GFRLDIHGR,0.3952171503365643,anti-toxic
GVGHCCYVC,0.39520490168026906,anti-toxic
GFVVSYGCS,0.39518839768125885,anti-toxic
GCYGVNLFG,0.3951737924288856,anti-toxic
GIHVLFGYR,0.3951737924288856,anti-toxic
GFVNFVGIR,0.3951649546172655,anti-toxic
GGFCIRGLG,0.3951396931885762,anti-toxic
GCIGFGSGG,0.3951107186531733,anti-toxic
GNCHRFFFR,0.39510610313917516,anti-toxic
GIYFDFVGG,0.39510279711295104,anti-toxic
GSCSSFVFG,0.39507606859644806,anti-toxic
GFYDVVNYR,0.3950689088930515,anti-toxic
GDYVVFDYH,0.39506704682630733,anti-toxic
GDHGRLSFD,0.39506704682630733,anti-toxic
GRFHHRGVR,0.3950498888355933,anti-toxic
GLYLDFFCD,0.3950457733495711,anti-toxic
GSHDFCHFR,0.3950457733495711,anti-toxic
GCDRCFVLS,0.3950350180286304,anti-toxic
GRYISLGLS,0.3950350180286304,anti-toxic
GRGVRYGDS,0.395015455654721,anti-toxic
GRSHNHSVY,0.3950022670401979,anti-toxic
GVISGLFGH,0.3949755297082986,anti-toxic
GFIGVLVGG,0.3949645281303737,anti-toxic
GRNDGNFFG,0.39496392128100444,anti-toxic
GVYVIFNGG,0.39495877096389076,anti-toxic
GLGGNLCGD,0.3949344985323124,anti-toxic
GFVCYSHFN,0.3949344985323124,anti-toxic
GRISLYING,0.3949344985323124,anti-toxic
GVCNYCCDD,0.3949344985323124,anti-toxic
GICGSLCDS,0.39491547014131306,anti-toxic
GCGCFVGIG,0.3949044882029011,anti-toxic
GHHRVCSSG,0.3948994281174749,anti-toxic
GFCYIFDFG,0.39489435113391047,anti-toxic
GYGFVSRFS,0.3948923155900323,anti-toxic
GYDCNDVFF,0.39488158418781766,anti-toxic
GFCCFGDGH,0.39488158418781766,anti-toxic
GFRVCNLFH,0.39482677324789467,anti-toxic
GHDFGLHCN,0.3948143251781315,anti-toxic
GFNFSLNGR,0.3948107502818945,anti-toxic
GFDCVGVCD,0.39480232482318484,anti-toxic
GFDCFVDDV,0.3947891279930795,anti-toxic
GFCCFGHVF,0.3947891279930795,anti-toxic
GNYVCLGFI,0.39477820440678946,anti-toxic
GDRIRSVFG,0.3947724750226182,anti-toxic
GVSHGCRFR,0.39477182685188894,anti-toxic
GCDLSGLIF,0.3947635212587493,anti-toxic
GFGYHNRCS,0.3947489988575684,anti-toxic
GGHFSVNDN,0.3947449744263575,anti-toxic
GIHCCSDGY,0.3947407715019646,anti-toxic
GYNYFGFYV,0.3947214429231365,anti-toxic
GHSGLLDLR,0.3947110385418391,anti-toxic
GRNHRLFDH,0.3946983534110012,anti-toxic
GYNCGIFDH,0.39466465318686156,anti-toxic
GFCFFGVVN,0.39464988322498756,anti-toxic
GSSCGLFGS,0.3946184285656052,anti-toxic
GVCDLFDDR,0.3946047631266745,anti-toxic
GYFCHFDSD,0.3945863666644498,anti-toxic
GCCYYDFVN,0.3945863666644498,anti-toxic
GYDDSVIHR,0.394560268020657,anti-toxic
GLCHISFVD,0.3945573430749109,anti-toxic
GRGDGGCGG,0.39454264207524564,anti-toxic
GNRCCDVYR,0.39450683283364363,anti-toxic
GNLDLYCVG,0.39449125388031475,anti-toxic
GVDLDNHCD,0.3944516808262163,anti-toxic
GICCGVGCG,0.3944516808262163,anti-toxic
GHCVGGHLF,0.3944394559600798,anti-toxic
GCFDCDHLY,0.3944299937531348,anti-toxic
GCRYCDCGG,0.3944260216443883,anti-toxic
GCDVCVNYG,0.394404348857132,anti-toxic
GVRNVYSGH,0.394404348857132,anti-toxic
GHDVLNDFV,0.3943999821794195,anti-toxic
GCGFDGCIY,0.3943947279073879,anti-toxic
GCISNGRFG,0.39438828479925847,anti-toxic
GICDFGHYY,0.39437355391414103,anti-toxic
GIHLRFFSR,0.3943697462005788,anti-toxic
GFSFVDCGD,0.39436089704400157,anti-toxic
GFSDICFYD,0.39435077764859383,anti-toxic
GCCVHVCYD,0.39433801957240766,anti-toxic
GRNGRDFLC,0.39432731835262175,anti-toxic
GINRCIGCG,0.3943225418178597,anti-toxic
GIYYRYSDR,0.39431583341025406,anti-toxic
GYFIYHFDG,0.3943057240169435,anti-toxic
GVDDCFDGD,0.3942984684226152,anti-toxic
GVCYYDFYH,0.39429398902411944,anti-toxic
GCCDGVVFI,0.3942918472421623,anti-toxic
GICVRVVDV,0.3942750545856322,anti-toxic
GCVLSDDCH,0.39426377333041945,anti-toxic
GLCLGDCGG,0.3942543190950745,anti-toxic
GYFGVIDCG,0.3942438631120738,anti-toxic
GCCVILCGS,0.39423936379343555,anti-toxic
GVFHVLVYR,0.39423936379343555,anti-toxic
GIRCSDVHG,0.39423685943550957,anti-toxic
GGRIYRGHG,0.3942192335695816,anti-toxic
GYNCCDDFL,0.3942192335695816,anti-toxic
GILYRCVDY,0.394215501459259,anti-toxic
GYCLNCNSS,0.39421213615279443,anti-toxic
GFFVLVFYG,0.3942063090040559,anti-toxic
GSLRSHGCS,0.3941973085018634,anti-toxic
GISCGGVIS,0.39417442598954955,anti-toxic
GFNLGGVIY,0.3941470196548985,anti-toxic
GFCNFCDHG,0.3941470196548985,anti-toxic
GHNFIDVIR,0.3941470196548985,anti-toxic
GSGCDLDSR,0.3941470196548985,anti-toxic
GFYRRLHVS,0.3941470196548985,anti-toxic
GDLSRCDFH,0.3941470196548985,anti-toxic
GGYFCDCGD,0.3941470196548985,anti-toxic
GHIDIVGYI,0.39412743257712307,anti-toxic
GDFNRSGLR,0.39411666320978056,anti-toxic
GNVNSICDY,0.39409536097969744,anti-toxic
GDIVCLDCD,0.39409536097969744,anti-toxic
GCVVCFVNR,0.39406900034598424,anti-toxic
GCSYYGDVD,0.39404994891647405,anti-toxic
GRFNRNGDH,0.39404701862244973,anti-toxic
GFYVFCCDD,0.39404227573352174,anti-toxic
GFYCSNFGN,0.39403328533922866,anti-toxic
GSIVDLCVD,0.39403328533922866,anti-toxic
GVCFHGCYD,0.3940226067107251,anti-toxic
GGCLFDFHR,0.3940226067107251,anti-toxic
GGYCFDDDV,0.3940097150436052,anti-toxic
GFSCYFGYC,0.3940097150436052,anti-toxic
GNHFVHHNN,0.39397382145443616,anti-toxic
GYCCFDCGG,0.39397382145443616,anti-toxic
GGSVHYCVD,0.39397382145443616,anti-toxic
GFDDCFFLD,0.3939642665458631,anti-toxic
GLYRCFVHH,0.3939617107900023,anti-toxic
GVSLGGGCG,0.3939477791504736,anti-toxic
GNRNLGCVS,0.39393726621836367,anti-toxic
GIFGGNGGG,0.39393726621836367,anti-toxic
GSIVLRGDG,0.39393022678240236,anti-toxic
GFYDCYCFD,0.3938861373529386,anti-toxic
GFNHYLYVD,0.3938705876043451,anti-toxic
GFGVCDSVG,0.3938560413555666,anti-toxic
GYRHLCDVY,0.39384434664230317,anti-toxic
GNCGRYGGY,0.3938331744573944,anti-toxic
GRDHYSDYY,0.3938277734900841,anti-toxic
GGYSRFCLD,0.39381330121503255,anti-toxic
GFYYIGVVC,0.3937840489008799,anti-toxic
GCGCVFHFL,0.3937840489008799,anti-toxic
GNSRSFSFG,0.3937840489008799,anti-toxic
GCFCVYSGG,0.3937840489008799,anti-toxic
GFDVYLRCG,0.3937840489008799,anti-toxic
GLYRYDVYH,0.3937840489008799,anti-toxic
GHCCLHRFS,0.3937840489008799,anti-toxic
GFHLCDDGR,0.3937840489008799,anti-toxic
GHGCVHSDN,0.3937840489008799,anti-toxic
GFFIRDCDH,0.39377297207930423,anti-toxic
GDFVRCGFH,0.3937658923975263,anti-toxic
GVVLHHGLG,0.3937506403480804,anti-toxic
GCVIHLDNR,0.3937166903149514,anti-toxic
GLHHLDDCF,0.39370295572878294,anti-toxic
GCGGFRGGD,0.39370295572878294,anti-toxic
GYVFYFDVD,0.3936937496008554,anti-toxic
GCGGHDFGS,0.39368218552949624,anti-toxic
GCRLCSSVD,0.3936636890403686,anti-toxic
GGSSRDCCS,0.3936471122824024,anti-toxic
GFRSFGCDG,0.3936471122824024,anti-toxic
GCVFGNNFV,0.3936306015070379,anti-toxic
GFYDFGCCG,0.39362524007843414,anti-toxic
GIFFVCGSD,0.393618634889395,anti-toxic
GFICYYGVG,0.39361269577894764,anti-toxic
GSFLCSGGR,0.39361145640888007,anti-toxic
GVLIYFHDI,0.39359943912895945,anti-toxic
GRCGNHRYG,0.39359505264832007,anti-toxic
GCSGFGFIY,0.39357520326958756,anti-toxic
GRGYNYVLG,0.39357520326958756,anti-toxic
GCFDYCCVG,0.39357520326958756,anti-toxic
GCNCSGSVG,0.39357520326958756,anti-toxic
GCLFRYGVF,0.39357520326958756,anti-toxic
GVCCRIHYG,0.3935622626256181,anti-toxic
GFFRNNSVH,0.39355069524317643,anti-toxic
GDGRYGCVF,0.3935263328522313,anti-toxic
GSCVRIGGR,0.3935008441422929,anti-toxic
GDSCSDDGD,0.3934876527235994,anti-toxic
GFSCNGSFG,0.39348185679273096,anti-toxic
GDDGSVLID,0.39346270631729335,anti-toxic
GCFYSNFFG,0.39346270631729335,anti-toxic
GCCNLLGFI,0.3934395074453612,anti-toxic
GCFRCSVYV,0.39342390750707384,anti-toxic
GSFYCNHGY,0.39342390750707384,anti-toxic
GRSVRYGLR,0.39342390750707384,anti-toxic
GDSIDLDGV,0.3934146804505716,anti-toxic
GIYHVNVVS,0.3933888507750298,anti-toxic
GFFNIVYDR,0.3933880477045695,anti-toxic
GDDGVFVVY,0.3933644318595281,anti-toxic
GHVVSLNFR,0.39334425698288855,anti-toxic
GIVVDLRSR,0.39334425698288855,anti-toxic
GCCNYHDVC,0.39334425698288855,anti-toxic
GCGFLDGHN,0.39334425698288855,anti-toxic
GFYRCCVDS,0.39334425698288855,anti-toxic
GHNYGLVDV,0.39334425698288855,anti-toxic
GFFGSFGVR,0.3933198110352924,anti-toxic
GCYLRGSVG,0.3933170787556571,anti-toxic
GCFCLFGCG,0.39331160448996655,anti-toxic
GCVHNYDFR,0.3933050182331416,anti-toxic
GNFCLRRYD,0.3932895771613617,anti-toxic
GGHRDCDGH,0.3932737145508479,anti-toxic
GFIGYFGIG,0.39323358050881774,anti-toxic
GVGDYCSDS,0.39323358050881774,anti-toxic
GLGVRDGRR,0.39322283450226253,anti-toxic
GIVCVNGCG,0.3932193699994532,anti-toxic
GCYHYYVCD,0.3932076792318064,anti-toxic
GYFRRFVSV,0.39317621887597365,anti-toxic
GCYNGLRGN,0.39317621887597365,anti-toxic
GLNYLDCCY,0.39317621887597365,anti-toxic
GYIGGDVVR,0.39316951012294155,anti-toxic
GVCGSRGDG,0.3931543461212208,anti-toxic
GCSDSGHFF,0.3931411257902689,anti-toxic
GHIGLVGYC,0.3931411257902689,anti-toxic
GSGDGLRFF,0.3931259271172581,anti-toxic
GHGGGCVYD,0.39308750587762553,anti-toxic
GGCHYCGDN,0.39303267417729343,anti-toxic
GSGDCFRFG,0.39303267417729343,anti-toxic
GSFFCCGHG,0.39303267417729343,anti-toxic
GIRHVCGCD,0.3930124268763316,anti-toxic
GLHNCNFRR,0.3929954260549752,anti-toxic
GLVVSCVCD,0.3929954260549752,anti-toxic
GFSGNLRFG,0.39298552974803497,anti-toxic
GIYSRYHVG,0.3929836697786483,anti-toxic
GGNVFRGDD,0.3929684721693558,anti-toxic
GLCGGGGSS,0.3929526862441263,anti-toxic
GSGFGFDDS,0.3929480631145386,anti-toxic
GDYFGCVNI,0.3929480631145386,anti-toxic
GRDSGHNGG,0.3929192072969868,anti-toxic
GFYIRSNVS,0.3928997840325142,anti-toxic
GHNCRGVFR,0.39288581800797956,anti-toxic
GCNRVDVDR,0.39288581800797956,anti-toxic
GCYGYCGCS,0.39288020990263534,anti-toxic
GNVCLLSGD,0.3928752925912612,anti-toxic
GFFVRDRVR,0.3928670757983313,anti-toxic
GDVCLDHVY,0.3928306028935573,anti-toxic
GGGCFDDRY,0.39280036901962656,anti-toxic
GVIYVSGIC,0.39280036901962656,anti-toxic
GFFGLGRVN,0.39280036901962656,anti-toxic
GCDGVDGLD,0.39280036901962656,anti-toxic
GCGFCFDIY,0.39280036901962656,anti-toxic
GINRDCHDH,0.39276082479179103,anti-toxic
GFGSGGVYG,0.3927531502664511,anti-toxic
GFFYLSSFN,0.39274447166683646,anti-toxic
GVDCYDRSD,0.39273881498622987,anti-toxic
GCYLCFSDN,0.39273296861879237,anti-toxic
GGSLYSSCD,0.392727799133602,anti-toxic
GGLVVGGCD,0.3927231954109111,anti-toxic
GGCVGIVDG,0.3927050558442405,anti-toxic
GGYYRDCFH,0.3926907402213911,anti-toxic
GCCSCGSYG,0.3926615502612436,anti-toxic
GRVVCCGDN,0.3926560611658637,anti-toxic
GCVVVIGFD,0.3926560611658637,anti-toxic
GISFCGCYD,0.3926560611658637,anti-toxic
GNSCGGRGG,0.392653150549775,anti-toxic
GGHVRCGVR,0.3926436688620891,anti-toxic
GVDCVGRYG,0.3926436688620891,anti-toxic
GGHDRDYDR,0.3926436688620891,anti-toxic
GFVGVNFYR,0.3926328817511013,anti-toxic
GIIYICGYV,0.39262288534353845,anti-toxic
GLVSCGVVG,0.392620499693426,anti-toxic
GYFFCDSFC,0.3926111751669707,anti-toxic
GGFNILCDD,0.3926111751669707,anti-toxic
GFCVIYLSG,0.3925892902879364,anti-toxic
GHRVVYCCD,0.3925892902879364,anti-toxic
GNIGCCVVD,0.39256923836919877,anti-toxic
GVLDVCDDD,0.3925616800980353,anti-toxic
GHGFCFGHR,0.3925449767853314,anti-toxic
GGHVRLDGV,0.39253708045023905,anti-toxic
GYGLGLDVN,0.39250341551615736,anti-toxic
GDDYGSCCG,0.39242373688961,anti-toxic
GYGRLIDDV,0.3924192417622543,anti-toxic
GFHDGFCYS,0.3924075200720766,anti-toxic
GGIVFLGHG,0.39239841097372896,anti-toxic
GCLNGNLGH,0.39238834073629714,anti-toxic
GFGVGSVCN,0.392360131291201,anti-toxic
GLRVFSGLS,0.3922997413193449,anti-toxic
GFIDSDVIS,0.3922830437864452,anti-toxic
GGDCFLYCD,0.39227633705836146,anti-toxic
GCDICDDGY,0.3922706769404214,anti-toxic
GIFICDRFV,0.39224935036008396,anti-toxic
GFGFLRDGG,0.39224232913314155,anti-toxic
GVLVFGGYN,0.3922241323500254,anti-toxic
GSFYDGVYG,0.3922201491846214,anti-toxic
GFNSLLIHH,0.3922201491846214,anti-toxic
GIFSVHCVD,0.39219613312124796,anti-toxic
GYCDNSSGG,0.3921876797829463,anti-toxic
GVCGGNSVG,0.3921876797829463,anti-toxic
GGYLIYNGH,0.3921104650113138,anti-toxic
GFRFSGGFC,0.3921104650113138,anti-toxic
GDCNNYCDG,0.3921104650113138,anti-toxic
GNFVVNVCG,0.39206114419110255,anti-toxic
GICVYVDHG,0.3920311490615173,anti-toxic
GNFSGVVYV,0.3920269147067269,anti-toxic
GRLNLFRRC,0.39202220274459326,anti-toxic
GVFGFSGVY,0.3920042285915318,anti-toxic
GFDIVNGNR,0.39198423496191376,anti-toxic
GDHVLCDGG,0.39197448594161133,anti-toxic
GSYCDGGFL,0.3919711229127724,anti-toxic
GICHGLGHV,0.3919690240454313,anti-toxic
GISDCDSYV,0.3919496449828502,anti-toxic
GNCCYGHFG,0.3919496449828502,anti-toxic
GIYLSDCGG,0.39193781763002866,anti-toxic
GCYCCNHYS,0.3919080439021246,anti-toxic
GLVIGHVCD,0.3919080439021246,anti-toxic
GCFRRHVFG,0.3919080439021246,anti-toxic
GGLIRYNGD,0.3919080439021246,anti-toxic
GIDGGVRFS,0.3919080439021246,anti-toxic
GFCVSGVII,0.3919020536747205,anti-toxic
GDYSIDIGN,0.3918503750541606,anti-toxic
GLCVGFFVN,0.3918374096851837,anti-toxic
GFCLYCLFC,0.3918374096851837,anti-toxic
GFFVFDVLS,0.3918374096851837,anti-toxic
GYLVRVGYF,0.3918374096851837,anti-toxic
GFRGRSFRH,0.3918374096851837,anti-toxic
GYCDVCGYV,0.39181445603797543,anti-toxic
GFDCSGVVR,0.39181131260967766,anti-toxic
GGVFDVLIC,0.39179734713048037,anti-toxic
GGDRRIGYV,0.3917859353062607,anti-toxic
GNGIDGGFV,0.3917796999672191,anti-toxic
GSFHYVCGN,0.391776337240442,anti-toxic
GRHRIYRGY,0.39175463174117947,anti-toxic
GLNHYVVGS,0.39175463174117947,anti-toxic
GLGRGYHDH,0.39174675602632797,anti-toxic
GCYHVIRSD,0.39173166474141724,anti-toxic
GFNSFLCDG,0.3916910593950361,anti-toxic
GVCFFGVCD,0.3916910593950361,anti-toxic
GFRFDLDGV,0.3916818707972107,anti-toxic
GVLYRNCCG,0.391660942930137,anti-toxic
GLDSGSRIC,0.3916602550908842,anti-toxic
GGYVDYCDN,0.3916261666818929,anti-toxic
GVCGRGVCG,0.3916261666818929,anti-toxic
GLDCCSGHR,0.3915998306410186,anti-toxic
GSLYILDSI,0.3915998306410186,anti-toxic
GCLYVCFFN,0.3915917716595488,anti-toxic
GLFRCGCVD,0.391583454220575,anti-toxic
GFRLDGSFG,0.39157660571618075,anti-toxic
GGSCHFCDG,0.39157660571618075,anti-toxic
GGSIFDVFH,0.3915659925887281,anti-toxic
GIVYRGGCS,0.3915659925887281,anti-toxic
GFCYGFYDD,0.39155991203426194,anti-toxic
GISNRGGYS,0.39153751706290707,anti-toxic
GFNHVFHFC,0.39153751706290707,anti-toxic
GFYYCYSIY,0.39153751706290707,anti-toxic
GCYVGFCFS,0.39153751706290707,anti-toxic
GFSYYVDCD,0.39149225212129507,anti-toxic
GFFDNLDGF,0.3914846456640101,anti-toxic
GVYSSCDSS,0.3914578811441173,anti-toxic
GVYDFVGLR,0.39144634257371924,anti-toxic
GRRFGFDCF,0.39144634257371924,anti-toxic
GRSSRVGSD,0.3914436216434543,anti-toxic
GLVVDGVIR,0.3914091415130798,anti-toxic
GYHFCFFFY,0.3914091415130798,anti-toxic
GYFYRIHIN,0.3914091415130798,anti-toxic
GDVIDYDHG,0.39138193561941503,anti-toxic
GLCGHFGIG,0.391355506318811,anti-toxic
GVFYFLDIS,0.3913346420735107,anti-toxic
GVIVGDVCC,0.3913206589615787,anti-toxic
GYRILSVLG,0.39130942977302446,anti-toxic
GFRDFRGLR,0.39126412942022415,anti-toxic
GFHVRCVHR,0.39126412942022415,anti-toxic
GYCGCDCFN,0.3912584233155223,anti-toxic
GLFGRGGFY,0.3912450710608439,anti-toxic
GLCLGCGCG,0.39123764593964955,anti-toxic
GCYRRHRIH,0.39123719183508293,anti-toxic
GVRCCGYCY,0.3912066260130692,anti-toxic
GLFHLDCGG,0.3912066260130692,anti-toxic
GFCFFLFDS,0.3912066260130692,anti-toxic
GHFIFSGLC,0.3912066260130692,anti-toxic
GSIRFVSVY,0.3912066260130692,anti-toxic
GFRGGCCDG,0.3912066260130692,anti-toxic
GCCGFLVCN,0.3912066260130692,anti-toxic
GCHDRGVGN,0.3912066260130692,anti-toxic
GFCCFDRCG,0.3912066260130692,anti-toxic
GRVHFDCCF,0.3912066260130692,anti-toxic
GFCYHCYFD,0.3912066260130692,anti-toxic
GLYVVYGHN,0.3911312211197635,anti-toxic
GRSDNLCFR,0.3911103621354938,anti-toxic
GCHDLDLGG,0.3910839728283792,anti-toxic
GICDCRGDG,0.39102801425570766,anti-toxic
GDLGDHDLG,0.39102801425570766,anti-toxic
GDYHLRGHG,0.39101356333733894,anti-toxic
GRCFLNRGG,0.3910113058020399,anti-toxic
GYFVHFHFY,0.39099732025850514,anti-toxic
GFCVCYGHG,0.3909794251280008,anti-toxic
GFNVRVFVD,0.3909752285392157,anti-toxic
GVDIVFCDG,0.39093510710337914,anti-toxic
GVLVIRDSG,0.3909162251450751,anti-toxic
GCYVDGFCI,0.39090933371493186,anti-toxic
GRCHNCDYN,0.3909035805176222,anti-toxic
GFIHNIYDD,0.3908945207305723,anti-toxic
GHSGLGRFG,0.3908945207305723,anti-toxic
GVCRVGGFR,0.39087815418455074,anti-toxic
GGHVINIFD,0.39085212882425463,anti-toxic
GHSLVYGFL,0.39085011116319207,anti-toxic
GRSGYNGCN,0.39083966825409866,anti-toxic
GFNNYHCVG,0.3908202675490898,anti-toxic
GFDICIDDF,0.3908119204674934,anti-toxic
GCYGHRCYD,0.39077963307541536,anti-toxic
GVLISFCLD,0.3907614240449142,anti-toxic
GIYYYVCYG,0.3907166491098879,anti-toxic
GYFGFCDSD,0.39070829608816515,anti-toxic
GGGVIDCDS,0.3907036792493855,anti-toxic
GFYCGCHYS,0.3907001281595519,anti-toxic
GVFCCCVCI,0.3906961116932003,anti-toxic
GFYSYGSYD,0.3906961116932003,anti-toxic
GHYRYNYDS,0.3906961116932003,anti-toxic
GYVCSNVYR,0.39069153195290945,anti-toxic
GGLFVNGCI,0.39069016929155403,anti-toxic
GGHCRVDFR,0.39066986351500077,anti-toxic
GYIRCFDFY,0.39066522413713284,anti-toxic
GFSCRSGCR,0.3906641076783071,anti-toxic
GLIGFRDVG,0.3906407699305382,anti-toxic
GCFRYRGGR,0.3906407699305382,anti-toxic
GRLLCCFSC,0.3906282298458797,anti-toxic
GDVGSRVYD,0.39062092871337034,anti-toxic
GRCDDSSCD,0.39061144255220354,anti-toxic
GCINVLGGD,0.39058929189078095,anti-toxic
GYSGCSGFH,0.39057197080454825,anti-toxic
GFIVRDYGG,0.3905632796132832,anti-toxic
GFILNLDRR,0.39055207504982486,anti-toxic
GFFLYRHGF,0.3905426131933358,anti-toxic
GHHCRLSGD,0.3905340767763587,anti-toxic
GIYYFHRGR,0.3905159905928307,anti-toxic
GHYVHIVGD,0.39049864390842237,anti-toxic
GVYNVYGFR,0.39048412629244567,anti-toxic
GFCVDGHFH,0.39048412629244567,anti-toxic
GVRHYIDSD,0.39048412629244567,anti-toxic
GCFRNFSVG,0.39047716304146696,anti-toxic
GYCGGDIGF,0.3904695519185025,anti-toxic
GHYVFYCVD,0.3904611980934116,anti-toxic
GCCVRVGVV,0.3904304068932921,anti-toxic
GDRDHGGGS,0.3904209852690138,anti-toxic
GFHYNNCYG,0.3904032558519339,anti-toxic
GVDRCRGCD,0.39038687078159173,anti-toxic
GINFCDVVG,0.39038687078159173,anti-toxic
GYHIRCCGS,0.39035087306248595,anti-toxic
GFCCVFFNH,0.39032061180184563,anti-toxic
GDFLSLVYY,0.39030090205204526,anti-toxic
GFVCGGGFI,0.3902948169821366,anti-toxic
GFCIYFDDV,0.3902918578774294,anti-toxic
GLIYCCGFC,0.3902832964706457,anti-toxic
GFVVVSGGD,0.39027256771950186,anti-toxic
GDFNILVCD,0.39027256771950186,anti-toxic
GFFVVDNGR,0.39026963647614143,anti-toxic
GYHRHGGDD,0.39025318000574666,anti-toxic
GHVFVRLVD,0.39025318000574666,anti-toxic
GGLCDDVDR,0.3902329703925876,anti-toxic
GVRYLFGVY,0.39020755844134697,anti-toxic
GLGLCFCVY,0.39020755844134697,anti-toxic
GFFVYDRSS,0.3901898671574818,anti-toxic
GCVVIGGYC,0.39017463863978463,anti-toxic
GNHDYCCCF,0.39017463863978463,anti-toxic
GCFVGYNVG,0.3901656118066591,anti-toxic
GVIDVFVSG,0.39015424060859855,anti-toxic
GLHGGDGGY,0.3901444673579524,anti-toxic
GFFYCVDFG,0.3901394754673557,anti-toxic
GFFLYCGSN,0.39013476296836586,anti-toxic
GFFCCSGVS,0.390124729977742,anti-toxic
GFSCGGYVG,0.3901101199758264,anti-toxic
GHYINCGFC,0.3901079508839952,anti-toxic
GCSYVSGIF,0.39010018236187105,anti-toxic
GCHFVYSCD,0.3900951737759882,anti-toxic
GDFFGGCVG,0.3900561763816367,anti-toxic
GGHLFRDYD,0.3900537702580386,anti-toxic
GCDGDCDYD,0.3900514964589873,anti-toxic
GFVCYHGYV,0.3900401077670052,anti-toxic
GICGFDSVF,0.39001651442287866,anti-toxic
GDLLGVVYD,0.3900093748856161,anti-toxic
GNFRCDSFL,0.3899916212745832,anti-toxic
GFRLDFCVH,0.3899710790007623,anti-toxic
GFFVRCYDR,0.3899710790007623,anti-toxic
GGSCFVGDR,0.3899710790007623,anti-toxic
GLCFHCCDG,0.3899710790007623,anti-toxic
GVFYGGSCG,0.3899710790007623,anti-toxic
GFFGRYVCS,0.3899710790007623,anti-toxic
GIFCDSGRC,0.3899710790007623,anti-toxic
GCLVLNGLR,0.3899040530754956,anti-toxic
GGNCFDGYH,0.3899040530754956,anti-toxic
GRFHLDSVN,0.3898723869240046,anti-toxic
GCSDSFCFS,0.3898584507631229,anti-toxic
GVYDRDGYF,0.3898473307503444,anti-toxic
GVYVHNGYC,0.38983589005588754,anti-toxic
GVYFCGGSG,0.3898293379806062,anti-toxic
GSYGGSVID,0.38982211844985815,anti-toxic
GCDHYDGLR,0.38981412400017307,anti-toxic
GSCVVFVDG,0.38978400405412494,anti-toxic
GYCGNLCGS,0.3897739143894387,anti-toxic
GCIHVDDHF,0.3897712195946105,anti-toxic
GFSCCFFHH,0.3897565596178364,anti-toxic
GGYVCDSLR,0.3897565596178364,anti-toxic
GHHCSYSCH,0.38974553005676604,anti-toxic
GCRYSGVGS,0.38974553005676604,anti-toxic
GLHGGFVCG,0.38974318662952406,anti-toxic
GYGDRGHLY,0.3897369309322936,anti-toxic
GSLYDLVGN,0.38973527119441587,anti-toxic
GGLFDGSCD,0.3897333048465046,anti-toxic
GHIGFGCVS,0.38971967842534655,anti-toxic
GFCRGRDVG,0.38971072620721886,anti-toxic
GFGYFVRDV,0.3896996812886473,anti-toxic
GSCFCNGSS,0.38969165516490256,anti-toxic
GSCCDYGDH,0.38966748270604773,anti-toxic
GYYFCDVLR,0.38966748270604773,anti-toxic
GFCFLLCVG,0.38966748270604773,anti-toxic
GCNCHHGCG,0.38965279794444757,anti-toxic
GDYYCGSFS,0.3896449096411551,anti-toxic
GFYCGFGHS,0.3896323157371712,anti-toxic
GFVDCGGFV,0.3896212646589307,anti-toxic
GFCFRNDVG,0.3896187102334373,anti-toxic
GGNVFICDH,0.3896187102334373,anti-toxic
GHFGNLDGL,0.38960175851767553,anti-toxic
GSICSLVLD,0.3895879343072718,anti-toxic
GCGHCCDFY,0.3895879343072718,anti-toxic
GFYDSVGHG,0.3895785850907189,anti-toxic
GGFNRNSVG,0.38956674559300397,anti-toxic
GLYHNYRSD,0.38956107709926696,anti-toxic
GIGNFDCGH,0.3895495139173846,anti-toxic
GGYRVCGFY,0.38954499479883725,anti-toxic
GCSYRDFRV,0.3895430761259683,anti-toxic
GGCGDYGDR,0.38953017085943725,anti-toxic
GFCYLSSCD,0.38953017085943725,anti-toxic
GFCSYGGSD,0.38951646315070404,anti-toxic
GHRRLYGIS,0.38951646315070404,anti-toxic
GFDDCDVGG,0.38950684113517486,anti-toxic
GLYLSYCVG,0.38948090458991924,anti-toxic
GINDLFGVF,0.3894518984465187,anti-toxic
GRGYVYGVR,0.3894518984465187,anti-toxic
GGLCHGSVG,0.3894518984465187,anti-toxic
GYFCFVGVN,0.3894518984465187,anti-toxic
GFYVGLCCG,0.3894277863802269,anti-toxic
GFVFCLRYG,0.3894192434984298,anti-toxic
GLHCHSVFR,0.3894122132925729,anti-toxic
GSYVSFRDR,0.3894074261222872,anti-toxic
GNCIDDNRH,0.38936595910085325,anti-toxic
GCNYIDYDG,0.38936367403195615,anti-toxic
GICYCSVYS,0.3893398369101201,anti-toxic
GLFIRGRFD,0.3893197534639372,anti-toxic
GFICCFDNG,0.3893175648271437,anti-toxic
GCGLSGFIY,0.38931135764968144,anti-toxic
GRHYCDGHY,0.38929835008259556,anti-toxic
GFHVGDNGF,0.3892908995635244,anti-toxic
GRYGHRGHD,0.3892874804469171,anti-toxic
GIDGVDGIH,0.38928268913953906,anti-toxic
GYFRRCDGS,0.3892801872198291,anti-toxic
GFCIRDYFH,0.38926347072706713,anti-toxic
GFYHCIGHV,0.38926347072706713,anti-toxic
GINDSSDGD,0.3892538294869449,anti-toxic
GSYFDGFCC,0.38924592524754126,anti-toxic
GFFNRHNDG,0.3892393273838314,anti-toxic
GNFFDYSIY,0.38923373674910783,anti-toxic
GFYHVDHLY,0.3892289390548373,anti-toxic
GRDVCNDCV,0.3891876486775488,anti-toxic
GVGHDYVLG,0.3891660843645325,anti-toxic
GIYIVGSCD,0.3891660843645325,anti-toxic
GRYNDDYFI,0.3891660843645325,anti-toxic
GFFYIDFFH,0.3891660843645325,anti-toxic
GSHCLIDHG,0.3891374000752381,anti-toxic
GCNVFFVRC,0.38912561146185154,anti-toxic
GDYVCSGLH,0.389119186844709,anti-toxic
GCFGIFGLR,0.38909737231915487,anti-toxic
GNRSSGHVN,0.3890664869596921,anti-toxic
GICVFNNDD,0.38905587132450353,anti-toxic
GGHGFCGVR,0.3890538780644888,anti-toxic
GCHGFLSVG,0.3890376138764183,anti-toxic
GVFSDYHHR,0.3889663486928272,anti-toxic
GYVSFGGCS,0.38895666807088064,anti-toxic
GGSRIIDGH,0.3889552239678805,anti-toxic
GVHYFSGVY,0.388949856089265,anti-toxic
GSGCSLNFN,0.3889175136345358,anti-toxic
GRCFYDSLR,0.38886035082011916,anti-toxic
GYYYCYSSS,0.38886035082011916,anti-toxic
GFLFGSCVF,0.38886035082011916,anti-toxic
GFVYCCDCG,0.38886035082011916,anti-toxic
GLYDHDYGD,0.3888376953266529,anti-toxic
GSGDGCVCN,0.3888240476785864,anti-toxic
GSNFVYGFF,0.38880840016580287,anti-toxic
GCCCVFGYF,0.3888064072259295,anti-toxic
GRCYICGCD,0.38878949380048083,anti-toxic
GRCDNLNFG,0.38876904534687146,anti-toxic
GGCIFSCVD,0.38876904534687146,anti-toxic
GLILSFGSD,0.38874013459110396,anti-toxic
GSCGGGVCS,0.3887320068852138,anti-toxic
GIYVYVDCG,0.38871978836279825,anti-toxic
GNILHGVFR,0.3886993519371249,anti-toxic
GCHSVYSSD,0.3886993519371249,anti-toxic
GYIYCDGYH,0.3886900678753889,anti-toxic
GFSGHDFGS,0.38866138415444546,anti-toxic
GHCDLGVIY,0.3886515353136907,anti-toxic
GFRYVCFVF,0.3886444092484688,anti-toxic
GCHCVSGCR,0.3886444092484688,anti-toxic
GRLVCDVCN,0.38862555597929854,anti-toxic
GFSFYFGFN,0.3886210795242064,anti-toxic
GRYVNLCCG,0.3885999824178942,anti-toxic
GGYNGFHFY,0.3885888092748919,anti-toxic
GLFNDGHFV,0.3885845047906397,anti-toxic
GGFGIFHCG,0.3885718688001018,anti-toxic
GRVISCGGS,0.3885325401502064,anti-toxic
GVLFGNCCG,0.3885283962968231,anti-toxic
GLGRIVIVS,0.38851462999155884,anti-toxic
GSHVYSSCG,0.3885112642417194,anti-toxic
GFHFDRLCY,0.3884934021803783,anti-toxic
GFHCLDVGH,0.38848376767759596,anti-toxic
GDLHGFCLG,0.3884468551382083,anti-toxic
GNFFVFRYS,0.38843157195829703,anti-toxic
GGNCGSVHS,0.38841794553713904,anti-toxic
GCSVCVGHS,0.3884019199104987,anti-toxic
GCFCCYVFR,0.3883989705622301,anti-toxic
GFCVHCRFG,0.38839469076580724,anti-toxic
GFHFSFCDG,0.38837557947702317,anti-toxic
GCHICDHGY,0.3883503161380069,anti-toxic
GGFVHSYYR,0.3883322299544789,anti-toxic
GRCYHRVDD,0.3882942642462469,anti-toxic
GIGCYGHHS,0.3882913721213978,anti-toxic
GDFGGIDVN,0.38826712592955354,anti-toxic
GFLLCSGVH,0.38826381018562484,anti-toxic
GLNDGSCVG,0.38826381018562484,anti-toxic
GLCCGGNVN,0.38826381018562484,anti-toxic
GVGCCCSYG,0.3882607380247789,anti-toxic
GSSVNGCFG,0.3882607380247789,anti-toxic
GYYVDDNLC,0.3882607380247789,anti-toxic
GSIRCGGFV,0.38825928505135826,anti-toxic
GNFVDVFVV,0.3882375532263821,anti-toxic
GIIVGIDGG,0.3882347001646597,anti-toxic
GVDRSHRVD,0.3882321173768316,anti-toxic
GCCHGVYDS,0.38821988920099887,anti-toxic
GFYGFFRVH,0.3881801713828814,anti-toxic
GRDFCIHGD,0.3881801713828814,anti-toxic
GIYHFYSCH,0.3881801713828814,anti-toxic
GFCVRHVCI,0.3881801713828814,anti-toxic
GCSHLYSGD,0.3881801713828814,anti-toxic
GRFFDYCDY,0.3881801713828814,anti-toxic
GFGFLDRGH,0.3881801713828814,anti-toxic
GRSVRGHVD,0.3881801713828814,anti-toxic
GFSHFDVHR,0.3881801713828814,anti-toxic
GRCSCNRFG,0.3881801713828814,anti-toxic
GHCDVDCGG,0.3881801713828814,anti-toxic
GFDFNICHV,0.3881801713828814,anti-toxic
GGCGCDRCH,0.3881457786303864,anti-toxic
GLNYGNNDH,0.38813327892676464,anti-toxic
GLFNFRDFD,0.38808386481149143,anti-toxic
GDRCVYSCG,0.38807356727279424,anti-toxic
GRFIHLSDR,0.38807198991964836,anti-toxic
GDRDGLSFN,0.3880478411823075,anti-toxic
GVIYCYFDG,0.3880317200117886,anti-toxic
GVISVLCYG,0.38802652040590163,anti-toxic
GVYLGCSDS,0.3880209433400699,anti-toxic
GYSFSCFVD,0.3880209433400699,anti-toxic
GDSGCYDFY,0.3880084795514682,anti-toxic
GVGSCDHNY,0.3880038797295967,anti-toxic
GNDSCYFNR,0.38800148613785784,anti-toxic
GRHYGHRVS,0.38800148613785784,anti-toxic
GIDCYDSVF,0.38800148613785784,anti-toxic
GIYFGFDGS,0.3879990266537053,anti-toxic
GLGGVHLSG,0.38799389881648155,anti-toxic
GILGYCGFL,0.38799190022705404,anti-toxic
GRIFFVGDI,0.38798563857698454,anti-toxic
GYRDFDFVR,0.38797661174385906,anti-toxic
GVRCNSGVR,0.3879701135882647,anti-toxic
GCRHYCSFS,0.38796318687579295,anti-toxic
GCGGFIDCD,0.3879557877654367,anti-toxic
GFCGLYHLR,0.3879557877654367,anti-toxic
GFCDDFFCS,0.3879436919422967,anti-toxic
GVHLSGDCD,0.3879436919422967,anti-toxic
GICIFDVFH,0.3879302177173324,anti-toxic
GGCRHYDCS,0.3879302177173324,anti-toxic
GFYGIHRDG,0.3879302177173324,anti-toxic
GDVHGRGFH,0.38791511523678196,anti-toxic
GYIDLLDGV,0.38790966718111014,anti-toxic
GFYFCYGYR,0.38789807037789703,anti-toxic
GIVRRINGY,0.38789807037789703,anti-toxic
GSGHRGNVD,0.38787636270878983,anti-toxic
GCYYRNIDR,0.3878716140115337,anti-toxic
GCHCFDHYV,0.387856433401507,anti-toxic
GCYCCCDGG,0.387856433401507,anti-toxic
GFFYHVVCF,0.387856433401507,anti-toxic
GLLVGSCVN,0.38784946031187506,anti-toxic
GDCFICCFC,0.38784658623559226,anti-toxic
GFGHRCFDY,0.3878421802186405,anti-toxic
GCHHSLVYV,0.38783063858179795,anti-toxic
GNGFFCGVF,0.38782287438049623,anti-toxic
GSGDCFGFY,0.38780037732115774,anti-toxic
GNVVGCRGG,0.38778763312824827,anti-toxic
GIHVGHRRH,0.38778061015691573,anti-toxic
GSYSNFDFR,0.3877643796020519,anti-toxic
GFYFSDVLG,0.38774609390356274,anti-toxic
GLIIDDLFG,0.3877436944799074,anti-toxic
GFIHCGDCG,0.38772465909898013,anti-toxic
GVFFCNLVS,0.3877208434903515,anti-toxic
GYGILNHYG,0.3877208434903515,anti-toxic
GYIDHLCCG,0.38769005229023207,anti-toxic
GRDFRSCVG,0.38768637430648467,anti-toxic
GFHYCRGVH,0.38766712409119797,anti-toxic
GSVCDDVGG,0.38762840599052867,anti-toxic
GHRSGFVCD,0.3876141678075202,anti-toxic
GCRGGIYGG,0.3875991753338188,anti-toxic
GGDFDGGIR,0.3875991753338188,anti-toxic
GRNRVLDSN,0.3875991753338188,anti-toxic
GCGFSFRSS,0.38757714334913956,anti-toxic
GSSYRFDDF,0.38755797287831584,anti-toxic
GVDCSCDCG,0.3875332702876502,anti-toxic
GDISYIVFY,0.38753032167027335,anti-toxic
GYYHCFVCD,0.38753032167027335,anti-toxic
GVNGCFDLC,0.3875104804531055,anti-toxic
GVRCFDCVN,0.3875104804531055,anti-toxic
GNDVCGDVG,0.3875104804531055,anti-toxic
GCLRGLSVG,0.38748938949411804,anti-toxic
GICCYGNSS,0.3874484197659504,anti-toxic
GCCYSFDDR,0.38743133795048956,anti-toxic
GFCDGYVLD,0.3874238899868824,anti-toxic
GGSRICGVG,0.38742025083570525,anti-toxic
GYHCVYYSG,0.38740381350380265,anti-toxic
GIFDCCDDH,0.3873974489502822,anti-toxic
GDDYFRGCD,0.3873898263387294,anti-toxic
GLGYNDLGG,0.3873898263387294,anti-toxic
GDRIFDGCV,0.38733441749942193,anti-toxic
GFYGRGVCG,0.3873298818511046,anti-toxic
GYDYIHRFR,0.3873284462973718,anti-toxic
GFFHYIRFY,0.3873284462973718,anti-toxic
GDGFGLVNS,0.38732103266174367,anti-toxic
GCFLLGGYG,0.38732103266174367,anti-toxic
GVYCGCGFF,0.3873150081781154,anti-toxic
GHCFFDCGN,0.3873115821295451,anti-toxic
GLDCCGGFC,0.38728194048998105,anti-toxic
GRVYGHGGG,0.38728194048998105,anti-toxic
GLYNGCGLG,0.38728194048998105,anti-toxic
GFFGLSDGY,0.38728194048998105,anti-toxic
GFFYDVINN,0.3872567296530713,anti-toxic
GCFLSCDCG,0.3872555225686719,anti-toxic
GFCFRLNGD,0.3872454865107005,anti-toxic
GFDIFSVCV,0.3872161432802645,anti-toxic
GNVRCYHDS,0.3872161432802645,anti-toxic
GCVCGDGFF,0.38720684351298823,anti-toxic
GGFRCNGFY,0.38719649150162805,anti-toxic
GIVRSDDVH,0.38719201513881535,anti-toxic
GSDDLIFVN,0.3871848979489871,anti-toxic
GDGCSDHYS,0.3871794924104252,anti-toxic
GHYYYFCDS,0.38717182525564287,anti-toxic
GVHFVDHGG,0.3871601016669338,anti-toxic
GVDCCNCVD,0.38715468216519106,anti-toxic
GCSHGGCFD,0.38715468216519106,anti-toxic
GLFSSNDGH,0.3871091610203558,anti-toxic
GYSVYCGCN,0.38709714218843805,anti-toxic
GFYGGLGFN,0.38709714218843805,anti-toxic
GLDVLDRGH,0.38709714218843805,anti-toxic
GVYRSFCVY,0.3870820810838293,anti-toxic
GDFYLNCFF,0.38707770066452307,anti-toxic
GFFVSYIDI,0.3870697272036167,anti-toxic
GFHRGHFRH,0.38705066624191153,anti-toxic
GFFVYSIGN,0.387044574770754,anti-toxic
GYCVGLVSN,0.3870291914980743,anti-toxic
GCFNFDHFI,0.3870258996551577,anti-toxic
GGYDRGDCS,0.38702359418293913,anti-toxic
GIDNCFSSS,0.38701740099108883,anti-toxic
GRSSFGVGD,0.3870105114194611,anti-toxic
GVICFVCDG,0.3870105114194611,anti-toxic
GIIIYCGHD,0.38700481347494675,anti-toxic
GFVDVSYVF,0.3869979022313912,anti-toxic
GFCLGYGIG,0.38699593818665623,anti-toxic
GRYNSHDFG,0.3869831546888274,anti-toxic
GLYHRCGDH,0.38697295870311776,anti-toxic
GHGCNFDDH,0.3869446243705744,anti-toxic
GCRIRVGGD,0.3869446243705744,anti-toxic
GDVHFLDVF,0.3869446243705744,anti-toxic
GFVLNYGVR,0.3869446243705744,anti-toxic
GFSYLVFDY,0.3869446243705744,anti-toxic
GNRSGGVVI,0.3869446243705744,anti-toxic
GNHGDLVGD,0.3869244138169303,anti-toxic
GINVCCDGH,0.3868928270681213,anti-toxic
GGGGRDGYC,0.3868837689817124,anti-toxic
GIILSFDCY,0.3868779380776367,anti-toxic
GRHYNIVDY,0.3868652649401292,anti-toxic
GCGRFDFDS,0.38685103650642527,anti-toxic
GRFIGHRGG,0.38685103650642527,anti-toxic
GSFDCSSFF,0.38684429065593084,anti-toxic
GRFRYVDCY,0.38683922587912073,anti-toxic
GFVIYRCSS,0.38683212741828027,anti-toxic
GGYCCLNGG,0.3868166083101329,anti-toxic
GFHILGRGG,0.3868166083101329,anti-toxic
GFFYSHSFG,0.3868064416458402,anti-toxic
GHDVRGCVF,0.38678775440972013,anti-toxic
GFGNFFDYR,0.38678775440972013,anti-toxic
GCCGVRDYG,0.38678775440972013,anti-toxic
GCNFGNNYR,0.38677098099408874,anti-toxic
GIVSVCCSR,0.38675765297414294,anti-toxic
GLNVFRGVH,0.38675324619715923,anti-toxic
GGRRIISVH,0.3867421088705638,anti-toxic
GFCVRFVCN,0.3867076287401893,anti-toxic
GDYGYLRGG,0.3867076287401893,anti-toxic
GGCDRHLFD,0.38670172065497593,anti-toxic
GLDVHDSFH,0.38669336923952635,anti-toxic
GSCRGGRRS,0.3866589982623485,anti-toxic
GCYLRYVGS,0.3866589982623485,anti-toxic
GVRVRRVSY,0.3866589982623485,anti-toxic
GHCCDIGIS,0.3866589982623485,anti-toxic
GGYRHHSCG,0.3866589982623485,anti-toxic
GYRCFLSGH,0.3866589982623485,anti-toxic
GFCYRYSGD,0.38662105867274604,anti-toxic
GICCFNHHC,0.3866188953506525,anti-toxic
GFCVRSVVF,0.38661373332073656,anti-toxic
GDSIYYHSG,0.38661373332073656,anti-toxic
GLSNNGLFN,0.38661373332073656,anti-toxic
GVCVGNHHR,0.386607046054391,anti-toxic
GLRDVSGYC,0.38660008291505565,anti-toxic
GGYFHDVSS,0.3865980403730067,anti-toxic
GLCHSGCDD,0.3865906336913562,anti-toxic
GFRYRCGGY,0.3865852577949156,anti-toxic
GGLGYGVVY,0.3865852577949156,anti-toxic
GCFFCINSC,0.3865766207048361,anti-toxic
GFCCDLVHS,0.3865557278136095,anti-toxic
GFSFYCCDN,0.38655141974262497,anti-toxic
GRHRGGCVS,0.38655141974262497,anti-toxic
GCYRRRIVF,0.38655141974262497,anti-toxic
GFCLISGHR,0.3865193874014169,anti-toxic
GYYDSFCLR,0.3864757323109411,anti-toxic
GLFNVGSLG,0.38646019098860757,anti-toxic
GYCGYCSRF,0.38646019098860757,anti-toxic
GVCFCSDGG,0.38646019098860757,anti-toxic
GGGYSLGSS,0.38646019098860757,anti-toxic
GGYGCSGSD,0.38646019098860757,anti-toxic
GVRLLYDSR,0.38646019098860757,anti-toxic
GFCFYNNFS,0.38646019098860757,anti-toxic
GSRIGGSCG,0.38646019098860757,anti-toxic
GNCSHGSDG,0.3864395098065801,anti-toxic
GGGIVYCSG,0.38642394995033363,anti-toxic
GYCRICGFN,0.38642394995033363,anti-toxic
GGLSGGVFS,0.3864067031528477,anti-toxic
GHNCGISDH,0.3864020952782804,anti-toxic
GRGVHFGFF,0.3863874793526585,anti-toxic
GSGFRFCYD,0.38637527109616104,anti-toxic
GFRIRGCGD,0.38636531507738303,anti-toxic
GYYLFDDLC,0.3863581361222224,anti-toxic
GNFFVVRHS,0.3863581361222224,anti-toxic
GDNSLGGGS,0.3863497818150364,anti-toxic
GFFHYHGVY,0.38633233823799473,anti-toxic
GVGVHRCVD,0.3863138406984599,anti-toxic
GFYYFCGIR,0.3863138406984599,anti-toxic
GIHLRDNYV,0.38628908540550116,anti-toxic
GVGCDIGSS,0.3862830941864539,anti-toxic
GCDFVSGRR,0.38627327707054987,anti-toxic
GSVCHGDVG,0.38627327707054987,anti-toxic
GLNFIFVNS,0.38626733787888223,anti-toxic
GDNVIFFGR,0.38626230768363784,anti-toxic
GYLFYFVHD,0.38624808134732,anti-toxic
GDNLRVGFC,0.386230911010434,anti-toxic
GVIRVCGSC,0.3862016054007934,anti-toxic
GGYRFSGFR,0.3862016054007934,anti-toxic
GFYCVFVYR,0.3862016054007934,anti-toxic
GICHFDVYR,0.3862016054007934,anti-toxic
GIHINYYFR,0.3861866196523782,anti-toxic
GIRGFDCGG,0.3861721527215307,anti-toxic
GFYYFYDCH,0.3861647927443912,anti-toxic
GFYGFLVGG,0.386163710502475,anti-toxic
GVCHSSVVG,0.3861460014724283,anti-toxic
GNYGCDVVF,0.3861402687038617,anti-toxic
GDYHIDGLY,0.3861402687038617,anti-toxic
GGISRDFCG,0.3861402687038617,anti-toxic
GLYNCFGSS,0.3861128017031314,anti-toxic
GLIRRFLVD,0.38608718187703756,anti-toxic
GYRVGIGFL,0.3860599337368709,anti-toxic
GSGLFVNDR,0.386054078541456,anti-toxic
GYFCIFNFY,0.3860407853723299,anti-toxic
GHRFYDCYR,0.3860327293806788,anti-toxic
GCNYGDRFH,0.38599988942786695,anti-toxic
GVCCGSDCG,0.38598669800917346,anti-toxic
GYFYCLVYR,0.3859812072829432,anti-toxic
GVFSLDVRR,0.3859705054980923,anti-toxic
GFLRYDFVY,0.3859705054980923,anti-toxic
GYIVLLDDF,0.38596788659214976,anti-toxic
GNCSYGHGN,0.3859587113889233,anti-toxic
GICSNLGLG,0.38595511726239573,anti-toxic
GYSVGDCSG,0.3859508357276298,anti-toxic
GYFVFGRCG,0.3859311011990222,anti-toxic
GVSVDDVCG,0.3859311011990222,anti-toxic
GYRRGCSVG,0.3859311011990222,anti-toxic
GDCLGCCDN,0.3859311011990222,anti-toxic
GVFYRCCDD,0.38591322053607613,anti-toxic
GFRNFHGGR,0.3858946976380702,anti-toxic
GGNVDGHDN,0.38589002885680435,anti-toxic
GSVFCCGFY,0.38588837460329656,anti-toxic
GYDGVCSDG,0.38585783099455584,anti-toxic
GLDSYVRGC,0.38585150906429866,anti-toxic
GFCCVCFYG,0.38585150906429866,anti-toxic
GYNDRDDCV,0.38585150906429866,anti-toxic
GCRVLGGIS,0.38585150906429866,anti-toxic
GIIFGFSGY,0.38582961866978294,anti-toxic
GINHGDNDD,0.3858193759961842,anti-toxic
GFYCSNNVG,0.38580480822206825,anti-toxic
GLDGHCSVY,0.38579111909244257,anti-toxic
GDRHDFRVS,0.38579111909244257,anti-toxic
GCDCGIGLR,0.38579111909244257,anti-toxic
GFVSYDGVV,0.38578735826699107,anti-toxic
GGLFFCDFY,0.38578074825242675,anti-toxic
GCYRDGFIC,0.38576947848741516,anti-toxic
GSFFRLRYY,0.3857660768850317,anti-toxic
GHNVDGVGN,0.38575237393389217,anti-toxic
GLRIDGGYC,0.38575237393389217,anti-toxic
GHHLCNRGG,0.3857301226763447,anti-toxic
GFSLIDVSD,0.3857143837764527,anti-toxic
GCILGLGLR,0.38568911695891994,anti-toxic
GFGYDLDGR,0.3856741374131082,anti-toxic
GILVNVCDD,0.38566307638997155,anti-toxic
GFCGHNGDR,0.38564191470169895,anti-toxic
GDLYFHGGD,0.3856362259747441,anti-toxic
GFFVFNNSV,0.38561237328274695,anti-toxic
GFDDGRFDL,0.38560627359831223,anti-toxic
GIYVRCSIG,0.3855749177279759,anti-toxic
GVCVSHCDN,0.3855543122794651,anti-toxic
GNCHVLGSD,0.38553075069021764,anti-toxic
GNYHCDLGG,0.3855278434643548,anti-toxic
GRHCGFRFG,0.38551219919484603,anti-toxic
GYILCFDFG,0.38550113027812705,anti-toxic
GLFHYCDSY,0.3854798861123007,anti-toxic
GDRDSSGIH,0.38545731304740805,anti-toxic
GVCGCDFFR,0.38543617093261473,anti-toxic
GSYFSGSSG,0.3853508813640171,anti-toxic
GCVGHIVFR,0.3853508813640171,anti-toxic
GRCCDGNVY,0.3853508813640171,anti-toxic
GCYSCYVFS,0.3853508813640171,anti-toxic
GLICCCFCI,0.3853508813640171,anti-toxic
GFRCCYGHS,0.3853508813640171,anti-toxic
GFCIHLVYS,0.3853508813640171,anti-toxic
GGCHGCHFR,0.3853508813640171,anti-toxic
GSFVSCSCG,0.3853508813640171,anti-toxic
GCGFCIGCD,0.3853508813640171,anti-toxic
GCCRFFFDN,0.3853508813640171,anti-toxic
GCVLLDVGS,0.3853508813640171,anti-toxic
GDCNGFCVG,0.3853508813640171,anti-toxic
GCGHNVCYG,0.3853508813640171,anti-toxic
GICVSGRYD,0.3853508813640171,anti-toxic
GGNRIYSFY,0.3853508813640171,anti-toxic
GFRVVCLSG,0.3853508813640171,anti-toxic
GLLSGCNSG,0.3853508813640171,anti-toxic
GCGFCCNDG,0.3853110871199884,anti-toxic
GVCCYCFDG,0.38530451458001924,anti-toxic
GNYHFRHGS,0.3852917413786458,anti-toxic
GICCYDVVN,0.38527938275248447,anti-toxic
GGLSGNNGY,0.3852710404810083,anti-toxic
GCYNDVDFR,0.38525897691294864,anti-toxic
GYCYDCGFC,0.3852467381681454,anti-toxic
GCLHFYVDV,0.3852191771986701,anti-toxic
GCRCYSCFD,0.385203187269105,anti-toxic
GCDGSRGYN,0.385201167665814,anti-toxic
GGINRCVCD,0.3851901803513035,anti-toxic
GNYSLSGII,0.3851687999630256,anti-toxic
GGYYFCHVD,0.3851670530091441,anti-toxic
GYRHGCFGV,0.3851657206356088,anti-toxic
GLIHRSCVH,0.38515318272311444,anti-toxic
GSYGYCVDG,0.38514285270832155,anti-toxic
GYHGLGRYR,0.38513882350731204,anti-toxic
GYSVSLFHR,0.38513882350731204,anti-toxic
GFYHCSSCD,0.38510278396686537,anti-toxic
GYRCVDRFC,0.38510278396686537,anti-toxic
GCHCCYGFL,0.38510278396686537,anti-toxic
GCVGNYGFN,0.3850940543418055,anti-toxic
GGRSLHGCG,0.38508468798645057,anti-toxic
GFRYSCSCG,0.38508468798645057,anti-toxic
GYLYFSHLR,0.3850478499653498,anti-toxic
GIISHCGLG,0.38503922402598995,anti-toxic
GGCRGVGVY,0.3850204099604466,anti-toxic
GFIVFNGGR,0.3850204099604466,anti-toxic
GLCYFSDVG,0.3850163712327883,anti-toxic
GDGGRYCDD,0.38501012459337475,anti-toxic
GNLGDCRSG,0.38501012459337475,anti-toxic
GIYCVFGDG,0.38501012459337475,anti-toxic
GFSCHHSGG,0.3850047380285546,anti-toxic
GLLYHLCDG,0.3850042398841667,anti-toxic
GVLGRVGHR,0.38498261670877576,anti-toxic
GAYGCDGFI,0.3849404479556666,anti-toxic
GNCSCDNFS,0.3849284158813811,anti-toxic
GCLDGIGVV,0.38492091044312193,anti-toxic
GSVFVLCYG,0.3849169340038686,anti-toxic
GDCHIFGHI,0.3849063629199859,anti-toxic
GDLCFNGCG,0.38489715210606196,anti-toxic
GCFLFSGDR,0.38487753583279577,anti-toxic
GNGHIRGGD,0.38487753583279577,anti-toxic
GNCLNRGVR,0.384868599824279,anti-toxic
GGIVFGCVG,0.3848496759051534,anti-toxic
GRHSVGVCD,0.38483161616074996,anti-toxic
GDCVHLRVD,0.38482442829434843,anti-toxic
GHIILGHFY,0.3848158528469443,anti-toxic
GYSIGIFFR,0.38480699340075514,anti-toxic
GLYDFGGHG,0.3847959669200593,anti-toxic
GGCLCFNVD,0.38473029839676565,anti-toxic
GVGHVLYDH,0.38472093639888044,anti-toxic
GSRGGSHDH,0.3847117429382824,anti-toxic
GYGLIFGVF,0.3847117429382824,anti-toxic
GDCDGDNCG,0.3846990592893307,anti-toxic
GCFRNLVGY,0.38469252679341953,anti-toxic
GFIFDCSCD,0.3846885440663503,anti-toxic
GFGFILSGH,0.3846885440663503,anti-toxic
GFGCNSGCR,0.38468247879744705,anti-toxic
GRCSLYGHV,0.38467211933696827,anti-toxic
GRYGCCFDS,0.38467211933696827,anti-toxic
GYRDCLCFR,0.3846504062413507,anti-toxic
GDIFRSFFR,0.3846504062413507,anti-toxic
GVVRFLFCC,0.38457604711405613,anti-toxic
GFFLNIDDH,0.38457604711405613,anti-toxic
GCFRVNLYG,0.38456318275048634,anti-toxic
GLGSVNRGD,0.38456079774233437,anti-toxic
GYFSGVCYD,0.38455619773532357,anti-toxic
GNCYILGHV,0.38455181125468413,anti-toxic
GRHRRCSLG,0.3845376801824614,anti-toxic
GDCNFLYCD,0.38451703570260537,anti-toxic
GCLVVGYYD,0.38451703570260537,anti-toxic
GDVLNCDGY,0.38451703570260537,anti-toxic
GIGHYFCNS,0.38451703570260537,anti-toxic
GFVISHLYG,0.38449848760283944,anti-toxic
GHGHHGDCD,0.38449229350560654,anti-toxic
GRDYFLNNR,0.38448402582291763,anti-toxic
GHFFCLVYG,0.38448402582291763,anti-toxic
GFLCCSHDR,0.38447243397223024,anti-toxic
GCRIFVGLG,0.38447096315615265,anti-toxic
GHHRGCVVF,0.38446293486393024,anti-toxic
GFYGYIVDC,0.38445750078278823,anti-toxic
GNVYYSSCD,0.38444829465486063,anti-toxic
GLCFCGVVG,0.38443753826839056,anti-toxic
GFCFCCGLG,0.38443235314761287,anti-toxic
GGCHCRGLR,0.38441751654762957,anti-toxic
GGIGNDVGG,0.38440949122250245,anti-toxic
GFCDCFCID,0.38440367383062507,anti-toxic
GFRYGCDCG,0.38438718236574226,anti-toxic
GGICLSSVG,0.3843845652746979,anti-toxic
GIFCLDLGY,0.3843672014827637,anti-toxic
GLLRFGVFD,0.3843672014827637,anti-toxic
GCNLIDLFR,0.3843672014827637,anti-toxic
GSSDDHHHY,0.3843672014827637,anti-toxic
GGCFGLDGR,0.3843672014827637,anti-toxic
GVRCIYGFV,0.3843209334933839,anti-toxic
GVSYVVGNG,0.3843209334933839,anti-toxic
GCFDCLFDG,0.3842961280054914,anti-toxic
GIGRFSCVD,0.38428512749935717,anti-toxic
GRRICLHRY,0.38428512749935717,anti-toxic
GCCSFNRGG,0.38427009818847363,anti-toxic
GGCFVSHDH,0.3842565954763329,anti-toxic
GFCLVFFFR,0.38425463892607753,anti-toxic
GHFVCCGHS,0.38424833067816144,anti-toxic
GIRVGFGSS,0.3842387309946495,anti-toxic
GYLCDGVVR,0.38422855193939587,anti-toxic
GCIVDCYVD,0.38422744460886155,anti-toxic
GDYGSVGGD,0.38422494510823907,anti-toxic
GSLFCLDCY,0.3842139841652799,anti-toxic
GFCVCCFRV,0.3842139841652799,anti-toxic
GSFCVLVFR,0.3842139841652799,anti-toxic
GFFCDGHYY,0.3842020548007078,anti-toxic
GSVVFNCCD,0.3841774289292075,anti-toxic
GYFVDFFSD,0.3841774289292075,anti-toxic
GIDLGDVGG,0.3841587818113836,anti-toxic
GFCCFLVGD,0.3841574075161203,anti-toxic
GFCGYDVGS,0.3841517241864043,anti-toxic
GDYDSCDGY,0.3841517241864043,anti-toxic
GCSVHGVVR,0.3841517241864043,anti-toxic
GLHIDYRCG,0.38412592323692973,anti-toxic
GCGVLCSDG,0.38408747834384854,anti-toxic
GDCGGSSCG,0.3840822500376594,anti-toxic
GHFYVRVVD,0.3840809122795281,anti-toxic
GCYVGYHYN,0.3840716625248441,anti-toxic
GICNISCVD,0.3840636051880492,anti-toxic
GCLCSSHDR,0.38405726785183764,anti-toxic
GGYSIHFCS,0.3840042307287451,anti-toxic
GVHCCVDVR,0.3840042307287451,anti-toxic
GRSDCSFFD,0.3840042307287451,anti-toxic
GCCYCGGCG,0.3840042307287451,anti-toxic
GFYLGGGFR,0.3840042307287451,anti-toxic
GYFNYDSHN,0.3840042307287451,anti-toxic
GCFSRFFLD,0.3839885213191866,anti-toxic
GRSCILGRR,0.38398557186075216,anti-toxic
GGLYGLILN,0.3839702683059006,anti-toxic
GFIFHRRDG,0.3839677767494646,anti-toxic
GYYRILSVD,0.3839632692119118,anti-toxic
GSHCFGNFG,0.3839391142308492,anti-toxic
GIIDYCSFR,0.3839345485012546,anti-toxic
GGNRFNNDH,0.38391598639604224,anti-toxic
GILGFGVFS,0.38391598639604224,anti-toxic
GIRCVDSCR,0.38390738727156976,anti-toxic
GVCLCVGCD,0.3838733862943424,anti-toxic
GCCYHCSCG,0.383867380410328,anti-toxic
GCDYCCSDN,0.38384552636670005,anti-toxic
GLVYFVHGG,0.38384318842714976,anti-toxic
GVYFRCFVD,0.38382870856578394,anti-toxic
GYYRGNVVR,0.3838222815527194,anti-toxic
GGNIYDGDY,0.38381536598043126,anti-toxic
GFRVRLYCD,0.38381536598043126,anti-toxic
GFSGCVGLD,0.38381536598043126,anti-toxic
GSGVRDFLF,0.38381536598043126,anti-toxic
GRFGCIIDN,0.38380178741786775,anti-toxic
GFSGDYGFC,0.38377105247782634,anti-toxic
GCNVLSCFD,0.38377105247782634,anti-toxic
GFFFFDVYY,0.38375511126315304,anti-toxic
GFSGYDGVF,0.38375511126315304,anti-toxic
GCYSFGVCG,0.3837512682042241,anti-toxic
GLCDYFVGD,0.3837512682042241,anti-toxic
GIYDSFGIG,0.3837400613277148,anti-toxic
GVHDRGNCG,0.38373284755306863,anti-toxic
GILHHYIDS,0.38372410527574147,anti-toxic
GVNRGDLFG,0.38372410527574147,anti-toxic
GYFSFGCGG,0.3837212566305089,anti-toxic
GYHYCVVDG,0.3837190006431738,anti-toxic
GGYGGYNVD,0.3836995695574274,anti-toxic
GLHDCVGSD,0.3836995695574274,anti-toxic
GHYYLDCCS,0.3836995695574274,anti-toxic
GDGVCVGFI,0.3836995695574274,anti-toxic
GFDDGIVLV,0.3836904071299351,anti-toxic
GYGCRFHVS,0.38368882620916267,anti-toxic
GVIVCNGDR,0.3836865859707688,anti-toxic
GCGNYGVIS,0.3836796701562049,anti-toxic
GLIGGVDDH,0.38367729747445095,anti-toxic
GLVRVCSSG,0.38366489396302167,anti-toxic
GDRCYNGCD,0.3836534881226233,anti-toxic
GLVGDYVYN,0.38364935920048343,anti-toxic
GGYLHDCGG,0.3836309009697432,anti-toxic
GDLILSGVY,0.3836055562478486,anti-toxic
GGIVGFIDR,0.3836041846089454,anti-toxic
GGFCSHGVR,0.3835818586251704,anti-toxic
GLCDDVGCR,0.3835648837191938,anti-toxic
GVYDFVSFY,0.3835648837191938,anti-toxic
GDCVSVGYC,0.38354218797139517,anti-toxic
GCVCGRGGG,0.3835102932493962,anti-toxic
GSHCCDVVI,0.38347940349641163,anti-toxic
GSYYVCCDG,0.3834402118418045,anti-toxic
GFYGVHCDS,0.38343678584728785,anti-toxic
GLGDSIFDD,0.3834337363584197,anti-toxic
GRFRNLHGY,0.38341877538964947,anti-toxic
GFVSFCCDS,0.3834163815868174,anti-toxic
GLLDLGHLD,0.3833971441620882,anti-toxic
GNNCYRDFG,0.38338885190585337,anti-toxic
GHDLRYSCD,0.3833812885011126,anti-toxic
GCDCRVRVD,0.3833812885011126,anti-toxic
GFFCSFDSC,0.3833812885011126,anti-toxic
GCDGRDHFI,0.3833621223905641,anti-toxic
GGYVGDVLN,0.3833469555644646,anti-toxic
GCHRYLCGG,0.38333465452122967,anti-toxic
GFIDGGRFD,0.3832908825132682,anti-toxic
GISVCDGFL,0.38328979776553984,anti-toxic
GLNFSHGVR,0.3832877208002437,anti-toxic
GGVGGLGVG,0.38327737786970334,anti-toxic
GRHGRCFSD,0.38327737786970334,anti-toxic
GYSYCIHCS,0.38321675185133125,anti-toxic
GCFDFFVDV,0.38321675185133125,anti-toxic
GVIGVSLYG,0.38321675185133125,anti-toxic
GHHFDVDVF,0.38321675185133125,anti-toxic
GCILCYDCS,0.38321675185133125,anti-toxic
GFCGVGGLD,0.38321675185133125,anti-toxic
GYYDRDYVR,0.38321675185133125,anti-toxic
GFHFGRLFR,0.38321675185133125,anti-toxic
GISGYLCSG,0.38321675185133125,anti-toxic
GYVGFIYYD,0.38321675185133125,anti-toxic
GVDVIIGVR,0.38317572067534506,anti-toxic
GGHLVCGIG,0.3831489833434457,anti-toxic
GFHVGFCVY,0.38314072655890025,anti-toxic
GHDFVHSCD,0.38314072655890025,anti-toxic
GFYVFSGIH,0.3831316544704568,anti-toxic
GFDCFYFGH,0.38310742661931196,anti-toxic
GFNGFDDCV,0.38310742661931196,anti-toxic
GNRHFGCVS,0.38310742661931196,anti-toxic
GCYDNYGVF,0.3830937079927102,anti-toxic
GCVGDLDYH,0.3830842035573363,anti-toxic
GGRYGSHYS,0.38307870528885196,anti-toxic
GYFVGYRDV,0.38306845255608685,anti-toxic
GVDYSDVGG,0.38304845327069253,anti-toxic
GLFGFGYLR,0.38298629576637816,anti-toxic
GNFVSGCGG,0.382981727275147,anti-toxic
GFFRHGSGG,0.38297514156309514,anti-toxic
GCHRCRGCD,0.38294924677240666,anti-toxic
GFYSIGSYH,0.3829435393048571,anti-toxic
GFDFGISFG,0.3829341000470793,anti-toxic
GYIYFYVVN,0.3829341000470793,anti-toxic
GCDFYVHFG,0.3829341000470793,anti-toxic
GVYGYCGFN,0.382898003593424,anti-toxic
GLGYFYHYN,0.38288383157293293,anti-toxic
GCLGRDHCS,0.38287626223616167,anti-toxic
GSCRVNGVG,0.38287155313519716,anti-toxic
GFGFSFVCG,0.3828513378778144,anti-toxic
GGFGCFRVN,0.3828513378778144,anti-toxic
GCDLCFDCY,0.38283789149969993,anti-toxic
GVNIYGGLG,0.3828325904092957,anti-toxic
GIHCFGGVF,0.38282860768222643,anti-toxic
GSYVHDFGD,0.3828028621012373,anti-toxic
GFVDFFGHG,0.3827989026852481,anti-toxic
GRCIGDGSG,0.3827886645994167,anti-toxic
GVCCFVVDR,0.3827886645994167,anti-toxic
GFDSFDVFR,0.3827886645994167,anti-toxic
GLIYSGVID,0.38276270635058773,anti-toxic
GGYCSFDGF,0.38275923852811006,anti-toxic
GFFHFDCVG,0.38275470129124645,anti-toxic
GSCRCDCFH,0.38274618665709964,anti-toxic
GLFVCYDFG,0.38273726576133044,anti-toxic
GLFDGNRLR,0.38272889793285253,anti-toxic
GCFCNFFDG,0.38272449953523546,anti-toxic
GGLVNVGGN,0.38270004211530073,anti-toxic
GVYHGHGDN,0.38270004211530073,anti-toxic
GHSVVSLSG,0.38270004211530073,anti-toxic
GFLDDHDLD,0.38270004211530073,anti-toxic
GLDGCCFFD,0.38270004211530073,anti-toxic
GGCYCCFDS,0.38266755814192055,anti-toxic
GCSGVFGCS,0.3826617428532359,anti-toxic
GFSFGGCCG,0.38264768278292033,anti-toxic
GSGDVFCLD,0.38264038218225777,anti-toxic
GFLCGNIFS,0.38264038218225777,anti-toxic
GCRCILRYR,0.38264038218225777,anti-toxic
GGFHFISGY,0.3826342681572423,anti-toxic
GLCRGCDVD,0.38263341464891715,anti-toxic
GIHSVIGGS,0.38263071583501895,anti-toxic
GYRIGYCVD,0.3826232505879319,anti-toxic
GLHDVSSCG,0.3826173114774845,anti-toxic
GRSGCRGDD,0.38260506938133554,anti-toxic
GGDVRYFDR,0.3825923168308831,anti-toxic
GNFCIDVCY,0.3825651471050834,anti-toxic
GVFFLLSYG,0.38248916836417873,anti-toxic
GHFVYGVLR,0.38243697102595303,anti-toxic
GLCDSSGIR,0.3823931322570466,anti-toxic
GYCVLFLDG,0.3823870480737159,anti-toxic
GDFGRVGSG,0.3823839721485936,anti-toxic
GLFHFVGHY,0.3823839721485936,anti-toxic
GGCYNDGHG,0.38238039454304207,anti-toxic
GDHVFDVDY,0.38237730346811366,anti-toxic
GRRLGRHDR,0.3823722314453879,anti-toxic
GLFIVSGGR,0.3823539862695414,anti-toxic
GDFCYGCCG,0.38233493534146157,anti-toxic
GYVSRSVFG,0.38233493534146157,anti-toxic
GCCCISDYD,0.38233493534146157,anti-toxic
GFSVCGHFF,0.38233493534146157,anti-toxic
GDSISCCVG,0.38230779730740305,anti-toxic
GFVLYDHGD,0.382305673172404,anti-toxic
GGCRYRSYG,0.3823026397859975,anti-toxic
GGCGVIFDR,0.38230087436486254,anti-toxic
GLNGIVCDD,0.3822978320110756,anti-toxic
GDCIHDHNR,0.3822495031621945,anti-toxic
GLRHIYGYC,0.3822495031621945,anti-toxic
GYIDDVHFD,0.3822495031621945,anti-toxic
GFYDVRDFG,0.38221722440920464,anti-toxic
GGCRLIFRS,0.38221722440920464,anti-toxic
GCSHCDDHY,0.38217067872758853,anti-toxic
GINRFDGRR,0.38216752646946806,anti-toxic
GLIYCGGGV,0.382163130309128,anti-toxic
GFFCSYRCD,0.3821457414888057,anti-toxic
GFRFYYDNN,0.3821457414888057,anti-toxic
GFFDRCSCD,0.3821335093919748,anti-toxic
GCSDCGCYG,0.3821183386126946,anti-toxic
GGCRRGCVG,0.3821118770510402,anti-toxic
GFLFGVVDG,0.3821118770510402,anti-toxic
GVFVDDSVI,0.3821035953893109,anti-toxic
GCFYHSHLR,0.3821035953893109,anti-toxic
GGFCCSSVG,0.3820977239662953,anti-toxic
GLFSFGVRR,0.3820736055394823,anti-toxic
GLNIRDIYD,0.38206324657319946,anti-toxic
GNSYIIGIG,0.38206324657319946,anti-toxic
GVVISGHVD,0.3820419550187447,anti-toxic
GIFFDVDSC,0.38198749973740903,anti-toxic
GFRNFGGYC,0.38197687996619245,anti-toxic
GDFCGSGGL,0.38195190328790735,anti-toxic
GICVFNGGD,0.3819312221058798,anti-toxic
GFIVDICCS,0.3819238229955236,anti-toxic
GDNCCGFVD,0.3819081801660451,anti-toxic
GFDCSDVCG,0.38190439973105095,anti-toxic
GFHIYDNGC,0.3818531887785828,anti-toxic
GYSCICGGG,0.3818531887785828,anti-toxic
GYCVHICDN,0.3818531887785828,anti-toxic
GFGYNIHFR,0.3818531887785828,anti-toxic
GYYCFDDFV,0.3818531887785828,anti-toxic
GRHHGFNIN,0.38181676842702444,anti-toxic
GSYGSCYVD,0.38180791439940154,anti-toxic
GVNCCGGDG,0.38180164964817126,anti-toxic
GCIIGLGFY,0.3817933727214807,anti-toxic
GSDNCDHDH,0.3817933727214807,anti-toxic
GSLSHVDHG,0.3817783491296119,anti-toxic
GFCVRCHDH,0.3817485689165352,anti-toxic
GFDCLCSVR,0.38173776167307855,anti-toxic
GGFVCGGCD,0.38173776167307855,anti-toxic
GCCSIDSIY,0.38172446443384656,anti-toxic
GIISHVSDD,0.381716596708923,anti-toxic
GYFSCGHIR,0.381716596708923,anti-toxic
GCHGSCCDG,0.38170683848843523,anti-toxic
GGFGGCSGG,0.3816997115596468,anti-toxic
GGFFLGDVD,0.38168592727761175,anti-toxic
GVRVGNHVD,0.38168592727761175,anti-toxic
GINGDYFDH,0.38168592727761175,anti-toxic
GSYISLFDN,0.38168592727761175,anti-toxic
GFDCCSVID,0.38168592727761175,anti-toxic
GLRDYDFDH,0.3816647746836956,anti-toxic
GFDLLFNRR,0.38166130810683885,anti-toxic
GHFVFLGDD,0.38163749744963815,anti-toxic
GIFHYIGCD,0.38161445612104405,anti-toxic
GISGCHCVD,0.38161445612104405,anti-toxic
GRCVFRGHG,0.38161445612104405,anti-toxic
GGCDSCSDS,0.38154959248386827,anti-toxic
GDDSCFGSS,0.38152529560943726,anti-toxic
GCLYSHCNR,0.3815226503031528,anti-toxic
GCFIYNDHN,0.38151935860993746,anti-toxic
GVLIYCVVD,0.3815134750168506,anti-toxic
GRYLDYGFC,0.38150681538637954,anti-toxic
GGCDDGSGD,0.3815018651931006,anti-toxic
GNCFVNRCR,0.38149482301763726,anti-toxic
GCFDDDFVR,0.38148243700485657,anti-toxic
GFCGRCVCD,0.38148243700485657,anti-toxic
GDSVSSSGS,0.38147189421335,anti-toxic
GLDLVNIFI,0.38147189421335,anti-toxic
GSGLGGFYH,0.38147189421335,anti-toxic
GYCGFSGDH,0.381457424724205,anti-toxic
GFVCDVYLD,0.3814458308104794,anti-toxic
GRVRRLYGD,0.38143633274091227,anti-toxic
GLYDRGHCV,0.38143633274091227,anti-toxic
GFLNRCHCY,0.38143633274091227,anti-toxic
GVIVNDHGG,0.38142697969877853,anti-toxic
GDNDGCDVF,0.3814109509880689,anti-toxic
GGHYCLYDR,0.38140272251902474,anti-toxic
GCFFIYCDS,0.3813977147128141,anti-toxic
GFNYHGSCD,0.3813865996195407,anti-toxic
GSYGFHYGY,0.3813407468525759,anti-toxic
GIRGGGSDN,0.3813407468525759,anti-toxic
GCCFLYGGS,0.3813407468525759,anti-toxic
GDLICCDGN,0.3813407468525759,anti-toxic
GDICDGGGS,0.3813291174431065,anti-toxic
GVCLGFVDY,0.3813065625492088,anti-toxic
GFNYGCFHG,0.3812848998156696,anti-toxic
GIDCVVVLL,0.3812848998156696,anti-toxic
GVFYCSHVS,0.3812589973027998,anti-toxic
GSSDLFNID,0.3812343151691849,anti-toxic
GRCGFGVCR,0.38122240510646827,anti-toxic
GFSFSGSVG,0.3812153912500594,anti-toxic
GYNISLGGD,0.38119853395541364,anti-toxic
GVISCGFCD,0.38118828257791776,anti-toxic
GVFVHVNSG,0.3811641647091795,anti-toxic
GVCNLIVYS,0.3811625991170213,anti-toxic
GSCGYFGNR,0.3811329848561301,anti-toxic
GIFGSSVYG,0.3811318007422653,anti-toxic
GNVVIFGYF,0.38112650966238754,anti-toxic
GIFGLCNYD,0.38111226793086406,anti-toxic
GGVCGVRDR,0.3810720833847421,anti-toxic
GFLGGCVVL,0.3810720833847421,anti-toxic
GFCDCYLFD,0.3810720833847421,anti-toxic
GCGCNGRFR,0.3810720833847421,anti-toxic
GSGLCCFDD,0.38105208317833716,anti-toxic
GVDVCFGGD,0.38105208317833716,anti-toxic
GYCSLDDFL,0.381014746995207,anti-toxic
GSDHDCNFN,0.381014746995207,anti-toxic
GFFIILDVN,0.3809690784671165,anti-toxic
GGVDLDSCD,0.38096457144412543,anti-toxic
GICFYFDDH,0.3809606715471071,anti-toxic
GCNNFDFHY,0.380954260681387,anti-toxic
GICGDYRYG,0.380954260681387,anti-toxic
GCFCHHGFR,0.38094176245896205,anti-toxic
GGFCDRVLF,0.38094176245896205,anti-toxic
GFSSRVGLS,0.38094176245896205,anti-toxic
GSSHGGGYC,0.3809163471368905,anti-toxic
GLLHSVSFG,0.38090666937325723,anti-toxic
GFYDSYHLD,0.3809000515021586,anti-toxic
GCSDCYGYV,0.3808935583985426,anti-toxic
GVGYILHGN,0.38088093264138195,anti-toxic
GHDFCFFFF,0.3808276995608925,anti-toxic
GCCYSDGYF,0.3808106820854529,anti-toxic
GFYHCSYFN,0.3808041352943421,anti-toxic
GIYLYLIDI,0.3807945789140202,anti-toxic
GCINFRGVN,0.3807945789140202,anti-toxic
GGCGCFHFS,0.38075107333102326,anti-toxic
GGYNLFGGR,0.38075107333102326,anti-toxic
GRHHRDVYI,0.38072900748413485,anti-toxic
GFYCLGSCD,0.3807167964859752,anti-toxic
GLYCFDIHN,0.38071360669752696,anti-toxic
GFYDDLRFG,0.38071360669752696,anti-toxic
GCDGFGCID,0.3806898785188224,anti-toxic
GCCFGGCVG,0.38068441533593617,anti-toxic
GFCNFGRGG,0.38068100323053194,anti-toxic
GFCFCLYDS,0.38068100323053194,anti-toxic
GFRFVSDFG,0.38064187583901005,anti-toxic
GFIGGCDGH,0.38063273040922585,anti-toxic
GSCCRFVVF,0.38063186594003406,anti-toxic
GRVHCVGYC,0.38062703349243543,anti-toxic
GGSHIIGYH,0.38062703349243543,anti-toxic
GFYCVFNIS,0.3806154245996934,anti-toxic
GCCRFLDHG,0.3806154245996934,anti-toxic
GFRHCNRFD,0.38060444633955537,anti-toxic
GCSYSVGDH,0.38060444633955537,anti-toxic
GDCCHGDVD,0.3805841867597741,anti-toxic
GHYDHSRGS,0.38054621626111157,anti-toxic
GFCYVFVSD,0.3805342573322264,anti-toxic
GIRGLGDYH,0.3805342573322264,anti-toxic
GFRYDNGCR,0.38049611839082903,anti-toxic
GFCCFFGCS,0.38049611839082903,anti-toxic
GIILCNRFD,0.38048533101190163,anti-toxic
GFRLFGGDH,0.38048533101190163,anti-toxic
GVSFCVGGD,0.38047533079356755,anti-toxic
GCFLCHHHR,0.38047533079356755,anti-toxic
GGFFISSCD,0.38047059942722883,anti-toxic
GGHVVRGRY,0.38042160474885206,anti-toxic
GFFVFFFFR,0.38039585148352645,anti-toxic
GGVHFCFDS,0.3803903691556399,anti-toxic
GIFRLHGVD,0.3803520407019471,anti-toxic
GRDCSHRGR,0.3803351665182404,anti-toxic
GVFVGISCG,0.3803330805346532,anti-toxic
GIYVCVGID,0.3803155266159139,anti-toxic
GCCRCNDGD,0.38029802250556116,anti-toxic
GLRVLSGVC,0.38027563410284315,anti-toxic
GFRYFFFFF,0.3802473591786237,anti-toxic
GVVVRDCCS,0.38021124171160603,anti-toxic
GGHNYDDYF,0.38021124171160603,anti-toxic
GFFFFFGFD,0.38021124171160603,anti-toxic
GFDRRYLIY,0.38021124171160603,anti-toxic
GYIHRVDFD,0.38021124171160603,anti-toxic
GYIRGCDHG,0.38021124171160603,anti-toxic
GLGRSSDGG,0.38021124171160603,anti-toxic
GFRYSSHFC,0.38021124171160603,anti-toxic
GCCFVDYFG,0.38021124171160603,anti-toxic
GYNVILRFR,0.38021124171160603,anti-toxic
GDCSLVGVR,0.38021124171160603,anti-toxic
GVFVRGCCD,0.38021124171160603,anti-toxic
GRGFVHGFC,0.38021124171160603,anti-toxic
GFYYRYCVR,0.38021124171160603,anti-toxic
GCGYGDCIS,0.38021124171160603,anti-toxic
GNGLCSCYG,0.38021124171160603,anti-toxic
GIRYCDVLV,0.38021124171160603,anti-toxic
GIIISYLSG,0.38021124171160603,anti-toxic
GHRYLRYVD,0.38021124171160603,anti-toxic
GFHFSIFYG,0.38021124171160603,anti-toxic
GCGLFIRGR,0.38021124171160603,anti-toxic
GCNVSHSFY,0.38021124171160603,anti-toxic
GFCVGCVDD,0.3801611818323617,anti-toxic
GFYNIFIGC,0.38013390318733375,anti-toxic
GVSSRSVFV,0.38007361075437646,anti-toxic
GYCVGSGSR,0.3800652849023333,anti-toxic
GYLYYRHGH,0.3800470782313284,anti-toxic
GFFVNSDYS,0.3800451952626694,anti-toxic
GCFRRGRYR,0.3800284193633354,anti-toxic
GLIGCIGRR,0.38001343051169195,anti-toxic
GGVCGSRCG,0.3800078727161299,anti-toxic
GNFVCFSYR,0.3800078727161299,anti-toxic
GRLVHLVCD,0.3800049750338254,anti-toxic
GIHYRFFID,0.3799856927676098,anti-toxic
GCDLRYSDG,0.3799856927676098,anti-toxic
GFCSRDHGD,0.3799390420900953,anti-toxic
GVSVVGGSG,0.3799390420900953,anti-toxic
GRYCSYNFY,0.37990442821816484,anti-toxic
GSYVGRRGS,0.3798977848362854,anti-toxic
GYFVCIVFD,0.37987600859430215,anti-toxic
GRRVFHRDG,0.37986394502624254,anti-toxic
GILGCFHGR,0.3798597285544935,anti-toxic
GIRDCGVLS,0.3798597285544935,anti-toxic
GSNCGNGVR,0.3798509808183607,anti-toxic
GVYCLCGSS,0.3798287718657475,anti-toxic
GCSHVYCCD,0.3798148067393928,anti-toxic
GFDLCFYSG,0.37979978314752405,anti-toxic
GYVLNNHLR,0.37979978314752405,anti-toxic
GILVVSDCG,0.37977498403363275,anti-toxic
GFHYVSCYG,0.37977167236041276,anti-toxic
GFFLFSSFF,0.37974700384601856,anti-toxic
GVDCCSHHR,0.3797347803561881,anti-toxic
GYSRRIIVY,0.3797276175169702,anti-toxic
GRCCGIGGD,0.3797151885658385,anti-toxic
GVNYDVDDC,0.3796891675215364,anti-toxic
GNRVFVRGD,0.37968641447927254,anti-toxic
GIYSFSCVG,0.37965122295972786,anti-toxic
GYCDCYCVG,0.3796363978395877,anti-toxic
GDFSFNGIG,0.3796363978395877,anti-toxic
GNLYCDGRR,0.3796363978395877,anti-toxic
GFDLVHGLD,0.37962868698723,anti-toxic
GVYSIGYVN,0.37962711992630266,anti-toxic
GCSIGGDRC,0.37962076645830206,anti-toxic
GFCHFDFVY,0.3796175376110746,anti-toxic
GYYGYGSYD,0.379612627582506,anti-toxic
GNCHDHDCD,0.379612627582506,anti-toxic
GVCCFDDDR,0.379599989700915,anti-toxic
GFFYHNGIF,0.3795868066911578,anti-toxic
GFSYHCFYR,0.3795868066911578,anti-toxic
GNFYSCGVI,0.3795659303270472,anti-toxic
GGFNCLIDV,0.37952785135516787,anti-toxic
GISFGGSYD,0.3794868137172738,anti-toxic
GFGSCCGGS,0.37947577247249487,anti-toxic
GLYFFCFDL,0.37945660297802447,anti-toxic
GVFCGSGDH,0.37945660297802447,anti-toxic
GICGYSGVI,0.37945660297802447,anti-toxic
GSSIRIGYH,0.37945660297802447,anti-toxic
GFFGDNNSS,0.3794405325796099,anti-toxic
GIFLCGDCG,0.3793848009638238,anti-toxic
GFCFYDCCD,0.37937952524565366,anti-toxic
GCINNGCDV,0.37936876912558565,anti-toxic
GNGRLDSCS,0.37936876912558565,anti-toxic
GDFHLFSCD,0.37932828432384724,anti-toxic
GFCHFDCFG,0.37931671105157627,anti-toxic
GGSCSGGSD,0.37931344772831005,anti-toxic
GFCGNLSFN,0.37929789861597946,anti-toxic
GLYVRGHFY,0.3792940407753325,anti-toxic
GVDCGFGCD,0.3792940407753325,anti-toxic
GVFHHHNSG,0.37927827791155977,anti-toxic
GFCGHDGVF,0.3792577957042835,anti-toxic
GVNIRDCFN,0.379249881093469,anti-toxic
GFCVSGDVG,0.37924803594874285,anti-toxic
GRYFSRRFF,0.3792336510187939,anti-toxic
GVICYLHYH,0.3792253287299549,anti-toxic
GFCRGDVCG,0.3792098285646386,anti-toxic
GCSSCNCFG,0.3792069135463745,anti-toxic
GLFGCDFFH,0.3792007505217014,anti-toxic
GGCSLDIFY,0.3792007505217014,anti-toxic
GGFVCYDDR,0.37919850635512603,anti-toxic
GNFYVRCYD,0.3791977185400538,anti-toxic
GRSHSHRSG,0.37917718161943326,anti-toxic
GLRYGFSIG,0.3791759742800008,anti-toxic
GCNDYIFGD,0.3791759742800008,anti-toxic
GHVLNGGIR,0.379166007796956,anti-toxic
GDDVDDFVS,0.37914548784694607,anti-toxic
GFHIYGVLG,0.37913644484933195,anti-toxic
GCYCCLNSG,0.37912744870258364,anti-toxic
GVVSCCVYH,0.379113151412554,anti-toxic
GCHDHVGFF,0.379113151412554,anti-toxic
GFCIGYCVD,0.379113151412554,anti-toxic
GHYVGSCFG,0.37907879131269795,anti-toxic
GYGFLGCCG,0.37907879131269795,anti-toxic
GCCSDFGDN,0.3790698626527969,anti-toxic
GFDGNSCFS,0.379063398350075,anti-toxic
GDVYSSDVF,0.379063398350075,anti-toxic
GLCRRGYYD,0.379059383795796,anti-toxic
GYNLYVGFC,0.37905466451166386,anti-toxic
GGNSINRGG,0.37905466451166386,anti-toxic
GNCLCGFVG,0.37904510897239674,anti-toxic
GYVVDFGRR,0.37902302077367006,anti-toxic
GLCIIGGVS,0.37902302077367006,anti-toxic
GYVSGCHHY,0.37902302077367006,anti-toxic
GLRSYVDGN,0.37902302077367006,anti-toxic
GYDCFVDFH,0.37897697158722204,anti-toxic
GYYHRFCGR,0.3789419924441222,anti-toxic
GSCCVDVVH,0.3789272092479763,anti-toxic
GLFFNGFCD,0.3789167713586072,anti-toxic
GNIFVSLID,0.3789167713586072,anti-toxic
GSRCSDYDD,0.3789011517832884,anti-toxic
GDNSVGDSG,0.3788931997836928,anti-toxic
GRFCNVGYH,0.37887700262254137,anti-toxic
GVYHVLVGR,0.3788745870505425,anti-toxic
GVVNVIGVR,0.37885618762663986,anti-toxic
GGCFVDLYC,0.3788347128828027,anti-toxic
GLNYCCGFH,0.3788347128828027,anti-toxic
GYCGSRGVH,0.37878965457681185,anti-toxic
GVILGDGCR,0.37875387631078655,anti-toxic
GYVVFDCCD,0.3787415466308305,anti-toxic
GDGVILNFG,0.37872583801677423,anti-toxic
GFSFCDCGF,0.37872137924909505,anti-toxic
GCDVSGVVR,0.3787006506863675,anti-toxic
GYVCDFVCD,0.37869006859107324,anti-toxic
GFRCGGVFS,0.3786841253355578,anti-toxic
GSSGSLHVY,0.378676630638138,anti-toxic
GYHCFVHGH,0.3786720984045845,anti-toxic
GSYGFGNGG,0.3786579188718519,anti-toxic
GGNCFDDHF,0.3786547930777611,anti-toxic
GRDRRSNLC,0.37863485347665093,anti-toxic
GVVRFGGCG,0.37863485347665093,anti-toxic
GGSRGDDGC,0.37863485347665093,anti-toxic
GFYIGCDVV,0.37861554678025966,anti-toxic
GRIFVDCLS,0.37859073803327886,anti-toxic
GFVHRLHCD,0.3785802046176506,anti-toxic
GLYVSNDVY,0.3785771424805654,anti-toxic
GIYIHGRDG,0.37856985879201854,anti-toxic
GVLSGVDFR,0.37855332098145156,anti-toxic
GIVFDGCFG,0.3785530898186358,anti-toxic
GCCFGGGYH,0.37854408234414305,anti-toxic
GNCHIYGYC,0.37854408234414305,anti-toxic
GFSGRGHVG,0.37854408234414305,anti-toxic
GLIYNSLVD,0.37854408234414305,anti-toxic
GLSRCGHYR,0.37853025461248846,anti-toxic
GRHIRGSRF,0.3785114568337116,anti-toxic
GFCYGIDGY,0.3785114568337116,anti-toxic
GHFIFHHDF,0.3785114568337116,anti-toxic
GIGNVGFVR,0.37850930805774824,anti-toxic
GFDDCDNCG,0.3784889877087408,anti-toxic
GYYLCGSGG,0.3784889877087408,anti-toxic
GYRCLLLYC,0.3784879973073371,anti-toxic
GCIRVLDYL,0.3784757056641776,anti-toxic
GGICGSGCR,0.3784659165954375,anti-toxic
GVFLFIGVS,0.37844221897275937,anti-toxic
GCCIGISGG,0.37844221897275937,anti-toxic
GRCDYGSVG,0.3784107882159587,anti-toxic
GVFLSSHHL,0.3783979009481377,anti-toxic
GNCCYDGVY,0.3783671010132357,anti-toxic
GDCHGGSYD,0.3783671010132357,anti-toxic
GFNCFLLDG,0.37835497445531957,anti-toxic
GRYGVCYLR,0.37835338096262794,anti-toxic
GDDGGLVGG,0.37834445260865684,anti-toxic
GSFHIVCDG,0.37834445260865684,anti-toxic
GHIFRIGDH,0.3783270978370546,anti-toxic
GGGYHFVDH,0.3783022519042749,anti-toxic
GCYDLHNSG,0.3782564245391649,anti-toxic
GLDCRDFCG,0.37825237067537293,anti-toxic
GRCGLLYGN,0.37819595047628046,anti-toxic
GNSNNDLSG,0.37819595047628046,anti-toxic
GVNICYDGH,0.37819595047628046,anti-toxic
GLCVNSGYL,0.37819595047628046,anti-toxic
GRYFYIRYR,0.37815908806638665,anti-toxic
GYVIFVLSG,0.37811546595382933,anti-toxic
GDICHDCFY,0.37811247244009777,anti-toxic
GFNHHSHNS,0.37807711219892015,anti-toxic
GFCVSFHCD,0.3780756129800156,anti-toxic
GDILNFGIN,0.3780451799550983,anti-toxic
GYGNVFVSG,0.3780451799550983,anti-toxic
GFRCDDLGN,0.3780451799550983,anti-toxic
GFVHCFCFD,0.3780303472399924,anti-toxic
GGGDDGLFR,0.37802555777318264,anti-toxic
GFDIGLGVR,0.37802177983753005,anti-toxic
GCSVGLVCN,0.377989781717648,anti-toxic
GRSLDIRGR,0.377972496537124,anti-toxic
GSSFRGGVY,0.3779689277414176,anti-toxic
GGYCVVGIS,0.37796100620119527,anti-toxic
GYSCCNSFS,0.37794954225298755,anti-toxic
GDVYHVGYC,0.377947678520145,anti-toxic
GIHVHCYDG,0.37793498979429463,anti-toxic
GCVYNVDHG,0.37792289515015043,anti-toxic
GYFLGYSGY,0.3779113538200257,anti-toxic
GLCSSSGDY,0.3778987937887356,anti-toxic
GNYHGCVGG,0.3778920886609087,anti-toxic
GIGNSHRVD,0.37787002589670354,anti-toxic
GVYVVCDFY,0.37787002589670354,anti-toxic
GVRCYDYGR,0.37787002589670354,anti-toxic
GIDSRVRVD,0.37787002589670354,anti-toxic
GDGDSFVIF,0.37787002589670354,anti-toxic
GDCDGICDD,0.37787002589670354,anti-toxic
GLYNYVHYH,0.37784753932088866,anti-toxic
GYDSVFLFS,0.37783509089431944,anti-toxic
GCFCRLLYF,0.3778271855038793,anti-toxic
GFHFCLNYY,0.3778146559110477,anti-toxic
GLYYGVRFY,0.3778146559110477,anti-toxic
GGNFVHRYR,0.3777792610877271,anti-toxic
GCCCCYRYS,0.37777415397399167,anti-toxic
GYLVFRHSG,0.3777713786545069,anti-toxic
GVIVVHGVG,0.3777603928408324,anti-toxic
GRFRFGCFN,0.37774702347661326,anti-toxic
GHIDLISCG,0.3777366225837506,anti-toxic
GFVYCDVVR,0.3777366225837506,anti-toxic
GRIVGDCFR,0.3777366225837506,anti-toxic
GSLHIYVNR,0.3777237372277319,anti-toxic
GRVNVFSCS,0.377712896479131,anti-toxic
GHVFLYVDI,0.37769566879222577,anti-toxic
GFCFFFDVF,0.3776870257719679,anti-toxic
GVRCGNDFH,0.37764669723258487,anti-toxic
GFGHYLYCD,0.37763890754634816,anti-toxic
GLDGCGYFD,0.3776261478771127,anti-toxic
GFDGVSDDD,0.37761843113332644,anti-toxic
GCFCNVVYD,0.37760676924688746,anti-toxic
GGYDCFRHS,0.3775870978854572,anti-toxic
GHFYYSHSY,0.37756424930031957,anti-toxic
GFVGGCRGG,0.3775567532575501,anti-toxic
GGDGCVIDH,0.3775409993309183,anti-toxic
GFYVIDRCD,0.3775386518502792,anti-toxic
GNFGCDRVD,0.3775331583111591,anti-toxic
GDFCRHGCG,0.3775221032008248,anti-toxic
GCSYCYRGG,0.3775221032008248,anti-toxic
GRSVRGGIY,0.3775071406857279,anti-toxic
GIGRCCGHR,0.37750197227714616,anti-toxic
GRNCLGGGD,0.3775009044024801,anti-toxic
GFNCYICVD,0.37748410884518147,anti-toxic
GCVGNGHDN,0.3774803260393378,anti-toxic
GFDFSYVYG,0.3774803260393378,anti-toxic
GLFSSSHFV,0.3774471667013026,anti-toxic
GCCCYIGGG,0.3774183415274359,anti-toxic
GHDHVRDYG,0.3774183415274359,anti-toxic
GFYYFGCVN,0.3774183415274359,anti-toxic
GCGRFDVFF,0.3774183415274359,anti-toxic
GFIGGGCVY,0.3774183415274359,anti-toxic
GLYLCYGVG,0.3774183415274359,anti-toxic
GCRCVNSCG,0.3774183415274359,anti-toxic
GCRIVDYCD,0.3774183415274359,anti-toxic
GVCYCFHDG,0.3774183415274359,anti-toxic
GCSDGFSGG,0.3774183415274359,anti-toxic
GGIYNDHCS,0.3773795967145436,anti-toxic
GHNCRYGHR,0.3773633988387798,anti-toxic
GHFFSFVFG,0.37732137915107794,anti-toxic
GVSVLVDCG,0.37731681154873775,anti-toxic
GLFIGNRIH,0.37729323869439363,anti-toxic
GFCGCIDGD,0.37728274456055305,anti-toxic
GIFDGCSFS,0.37728043085913304,anti-toxic
GYHDCGGIG,0.37718478708141817,anti-toxic
GDSFHLGVG,0.37718478708141817,anti-toxic
GFHYRGGVN,0.37718478708141817,anti-toxic
GRVYHCFVD,0.3771796132442132,anti-toxic
GLVIRNCCS,0.3771714079134467,anti-toxic
GYCFHIGNR,0.37716660092610454,anti-toxic
GGVIRGVLG,0.3771481948850867,anti-toxic
GSVYRCLNS,0.3771453434156262,anti-toxic
GCRRRCGHG,0.3771453434156262,anti-toxic
GDCCNNIFS,0.37712016473446414,anti-toxic
GSFCCGGIG,0.37710789358229674,anti-toxic
GHYFFVIDG,0.37708986969891745,anti-toxic
GILYVVGYN,0.377072290129124,anti-toxic
GYFVRCFVH,0.3770527224667763,anti-toxic
GIGGNYYFR,0.3770061018363946,anti-toxic
GSSDHIGSS,0.3770061018363946,anti-toxic
GNNGGGGSS,0.37697194979124643,anti-toxic
GIYDFCSGD,0.3769340581992054,anti-toxic
GYGIDYVHN,0.37690860616152044,anti-toxic
GLSYCSGNS,0.37690860616152044,anti-toxic
GFLVFIYCI,0.37690860616152044,anti-toxic
GCHICVNDG,0.37690860616152044,anti-toxic
GSFCYDCGG,0.37690860616152044,anti-toxic
GGRVGGDFG,0.37690044050580757,anti-toxic
GIYRRNVVC,0.3768948498231051,anti-toxic
GFHYGDGHG,0.37689078200515325,anti-toxic
GGVYFIDGC,0.3768649825883932,anti-toxic
GVYRCYGGR,0.3768575997040182,anti-toxic
GNCRIRSVG,0.3768487334106419,anti-toxic
GSYDFGGLR,0.3768289538112839,anti-toxic
GCCVCLDDH,0.37682656227575373,anti-toxic
GHFDNGNGD,0.37680499301969456,anti-toxic
GFDCDIHGG,0.3767915824534688,anti-toxic
GFYFVVFDR,0.3767896580333084,anti-toxic
GDSVHDGVR,0.3767896580333084,anti-toxic
GCFHIHCYD,0.37675070960209955,anti-toxic
GNCVGVHYG,0.37675070960209955,anti-toxic
GVGCFRDGG,0.3767143654469335,anti-toxic
GYCDRRDHY,0.3766738365189882,anti-toxic
GYGRHGNCG,0.3766562874945631,anti-toxic
GGFNSLLYF,0.3766485106413024,anti-toxic
GDLCNDCIY,0.37662835589459825,anti-toxic
GCICNFVDS,0.37662835589459825,anti-toxic
GFLDYCGNS,0.376609834491851,anti-toxic
GGYVLDFFD,0.3766019531416956,anti-toxic
GFICIDDDC,0.37657695705651195,anti-toxic
GVCYCNGLG,0.37657695705651195,anti-toxic
GCCHYCVDH,0.3765486651779375,anti-toxic
GVICFLVLF,0.3765486651779375,anti-toxic
GDHRYGNFG,0.37653327165152584,anti-toxic
GICSYCDSG,0.3765307579732384,anti-toxic
GCCSLDNVD,0.3765261653504833,anti-toxic
GSCFFSNVY,0.3765220733862881,anti-toxic
GCDSLSIFV,0.37652055883788804,anti-toxic
GRIDSDNGS,0.37650936784434486,anti-toxic
GCCNDCGFY,0.3764859619255844,anti-toxic
GCVFRLGDD,0.3764801304969413,anti-toxic
GCVVHCCGH,0.37645109283829925,anti-toxic
GRCNCSGDR,0.37645109283829925,anti-toxic
GCNDIDRYH,0.37645109283829925,anti-toxic
GNCLIRSYG,0.37645109283829925,anti-toxic
GSCCVNGDI,0.37645109283829925,anti-toxic
GCNYVGGGD,0.3764334123578318,anti-toxic
GFFCFDIYG,0.3764003308159279,anti-toxic
GGSHGNGYF,0.3764003308159279,anti-toxic
GGGGDDNVR,0.3764003308159279,anti-toxic
GVRFCFVYS,0.3763936084594061,anti-toxic
GVYRHNYLR,0.37638483385855315,anti-toxic
GYYYYIGID,0.3763557168673651,anti-toxic
GLDYGDCCF,0.3763557168673651,anti-toxic
GFNHGGSGG,0.37633537663450173,anti-toxic
GRVFYDFIS,0.37632885965936025,anti-toxic
GCLLGCNDS,0.37632885965936025,anti-toxic
GGHGVRDSC,0.3763215648222169,anti-toxic
GFLDGFVCN,0.37631960300437545,anti-toxic
GHVRCNDHR,0.37631619782808184,anti-toxic
GFYGSDLID,0.37630541928413636,anti-toxic
GLRCCLCIY,0.37628094808317364,anti-toxic
GCLCNYNDD,0.37628094808317364,anti-toxic
GFIYCDFDG,0.37628094808317364,anti-toxic
GGCDNDVVS,0.37628094808317364,anti-toxic
GCFCDYVDY,0.37628094808317364,anti-toxic
GGSYFGDVD,0.37628094808317364,anti-toxic
GCDCNGVCD,0.3762715655396809,anti-toxic
GSCFRGHFD,0.37623947413175945,anti-toxic
GDCICIDCG,0.3762207589788013,anti-toxic
GLSYVLGHY,0.37619841240533664,anti-toxic
GFYFFVGHV,0.37619486109979283,anti-toxic
GIFSSNCCG,0.3761844846432694,anti-toxic
GRRFVYHGY,0.376182794515129,anti-toxic
GSIVGFCVN,0.376182794515129,anti-toxic
GYYLYFCVY,0.37617126390986594,anti-toxic
GHLLSGYYD,0.3761598865304707,anti-toxic
GCDHCFHVS,0.3761496738682566,anti-toxic
GYFVSDFGR,0.3761428795771933,anti-toxic
GCLDDCHYY,0.3761428795771933,anti-toxic
GFLLHCGVV,0.3761298453335241,anti-toxic
GDFHSCFDN,0.3761244737590514,anti-toxic
GFICGLNGD,0.3761057940247788,anti-toxic
GRFFYNGFI,0.3761057940247788,anti-toxic
GFFLYGHGS,0.37610296097043666,anti-toxic
GFGCDFCCG,0.37609467551677384,anti-toxic
GNICRSGCD,0.37609467551677384,anti-toxic
GCCDNFGCC,0.37609467551677384,anti-toxic
GNYVYVDFR,0.37608826881226476,anti-toxic
GFRVYDHNN,0.3760701425704658,anti-toxic
GFYFHSCGN,0.37606443953793317,anti-toxic
GVDYCVGIG,0.37604531545740344,anti-toxic
GVFRYRGCG,0.3760381672242079,anti-toxic
GFNCDISFG,0.3760381672242079,anti-toxic
GGHRNDGLN,0.3760151271179979,anti-toxic
GVYFNDCFH,0.37599864019203605,anti-toxic
GLCDLIYGS,0.3759947573104426,anti-toxic
GFDLGCGFH,0.37599054721517955,anti-toxic
GFFICDNVF,0.3759694397743706,anti-toxic
GFGLCIGDN,0.37596036455794757,anti-toxic
GCHRFVRYG,0.37593244373233103,anti-toxic
GCNDCFCVY,0.37591751310983185,anti-toxic
GCDGRGNDG,0.37588986792896345,anti-toxic
GCCCFCNDS,0.37588986792896345,anti-toxic
GRFRNDVGH,0.3758616416337812,anti-toxic
GFGCRYHLR,0.37585673387005,anti-toxic
GFCCFNSFF,0.37583544165131805,anti-toxic
GFNFNFCCD,0.37583544165131805,anti-toxic
GVVVYSCFS,0.3758142972961979,anti-toxic
GDCYCDVIS,0.375802122806551,anti-toxic
GRDGSGRDG,0.37579176853277974,anti-toxic
GHFNHGGFY,0.3757661023346715,anti-toxic
GYCVCNLFR,0.37570923552528507,anti-toxic
GGCGFLYVD,0.3756981929235935,anti-toxic
GVHHGVDNY,0.3756636139608854,anti-toxic
GRDFSSYDH,0.3756636139608854,anti-toxic
GDYSFLDCR,0.3756636139608854,anti-toxic
GFYCIRDGG,0.3756636139608854,anti-toxic
GLIDGFLYC,0.3756636139608854,anti-toxic
GDFCGLCGN,0.3756636139608854,anti-toxic
GVCHHDGFF,0.3756636139608854,anti-toxic
GRFVDHFYS,0.3756636139608854,anti-toxic
GVFCVGDYG,0.3756636139608854,anti-toxic
GVVRYCCDN,0.3756636139608854,anti-toxic
GCDHRYHGD,0.3756636139608854,anti-toxic
GSNFNVDCG,0.3756636139608854,anti-toxic
GGGDVSVCD,0.3756636139608854,anti-toxic
GCSYDGCFF,0.3756636139608854,anti-toxic
GCRDRFGLH,0.37559922156964826,anti-toxic
GCYVRGGYY,0.3755871603946457,anti-toxic
GGCVSNGVH,0.3755871603946457,anti-toxic
GIGCFFDCD,0.37558283752953503,anti-toxic
GFGNFDFLY,0.3755753516941649,anti-toxic
GGSVFDSVG,0.3755753516941649,anti-toxic
GCDDVYRVG,0.37557396704511586,anti-toxic
GIYVVLLYH,0.3755725382591983,anti-toxic
GVYYCYVCD,0.37555527056955307,anti-toxic
GCYVCCGCG,0.37553357399168213,anti-toxic
GSHVVCYDG,0.37552992318504025,anti-toxic
GCYGGRCVD,0.37551983164475555,anti-toxic
GDILCFSFS,0.37551612050322614,anti-toxic
GYCRSDVHF,0.3754991396237924,anti-toxic
GCFNCLNGY,0.37549426535983016,anti-toxic
GYSCLDNGG,0.37548546622533074,anti-toxic
GCFSCNGVG,0.37545764076190796,anti-toxic
GGFDDFGGD,0.37543266767418637,anti-toxic
GDGDCNVVD,0.37543266767418637,anti-toxic
GFVYDNSCS,0.3754123588298373,anti-toxic
GGDSCYVCD,0.3754123588298373,anti-toxic
GYGYYDVLR,0.37538813378551905,anti-toxic
GVHCGNVLG,0.37538813378551905,anti-toxic
GHHHYCHYY,0.3753770833165252,anti-toxic
GNSNISCVG,0.37535873891719396,anti-toxic
GCISCGVHF,0.37535873891719396,anti-toxic
GFDHCCGCD,0.37535873891719396,anti-toxic
GRVSHGGVR,0.37535873891719396,anti-toxic
GLIHRHRVN,0.37534155648828216,anti-toxic
GGSYVHGDG,0.37533539037914343,anti-toxic
GFYVNDYIY,0.37531538904694367,anti-toxic
GDLLDSFCD,0.3753081689960954,anti-toxic
GFFFFSCDS,0.3753081689960954,anti-toxic
GLYCGDHVR,0.37530064320686674,anti-toxic
GFCGNFHVS,0.37529806328818066,anti-toxic
GCYFCCGRC,0.37527602403609384,anti-toxic
GYHCFSHDF,0.37527602403609384,anti-toxic
GCRLIFYNC,0.3752576680065087,anti-toxic
GCLYSSLYG,0.3752576680065087,anti-toxic
GSDCSIHFG,0.37524782218005587,anti-toxic
GRVHYNDFG,0.3752288411926661,anti-toxic
GFHRGFDNY,0.3752266246750779,anti-toxic
GVIDGGCFS,0.3752006627584249,anti-toxic
GFYCYVYFD,0.3752006627584249,anti-toxic
GIINNDCGD,0.375177009448462,anti-toxic
GRSIRCYGV,0.37516279382246764,anti-toxic
GVYHRIGFL,0.37516279382246764,anti-toxic
GLHCFLHFG,0.3751553699217178,anti-toxic
GLFDRIYFD,0.37514381200547103,anti-toxic
GLYCIDRCD,0.37514056804438284,anti-toxic
GGLYFDHHH,0.3751317161823311,anti-toxic
GFGLFSCVG,0.3751317161823311,anti-toxic
GRNFLLSFH,0.3751317161823311,anti-toxic
GICSGNVVN,0.3751317161823311,anti-toxic
GCGFHLVCS,0.3751057532780099,anti-toxic
GRFHGGIIY,0.3750889222243811,anti-toxic
GLDGGGRGS,0.37507036042139613,anti-toxic
GYCFCIHDH,0.37506483476510427,anti-toxic
GFYRIISGY,0.3750476224407983,anti-toxic
GCISVNHNS,0.37504540107086665,anti-toxic
GGFRYVCGG,0.37504540107086665,anti-toxic
GCYLCVSDG,0.3750222732360597,anti-toxic
GHYCYGHDD,0.37501406371225,anti-toxic
GGCVISGIH,0.3749665627714953,anti-toxic
GFFCYDSDV,0.3749256452499222,anti-toxic
GVNVGVYVC,0.3749199962949608,anti-toxic
GFIYGDRDR,0.37490607935070497,anti-toxic
GCGSIYGCS,0.3749010246834651,anti-toxic
GRDVDFSCR,0.3749010246834651,anti-toxic
GFDCYDFCD,0.3748924486527798,anti-toxic
GDCVLVDCG,0.3748924486527798,anti-toxic
GFRGVLGDG,0.37488707455246234,anti-toxic
GILDCDGIG,0.3748675369829499,anti-toxic
GLGHDFGLH,0.37485612476283553,anti-toxic
GFHGILSDG,0.3748506544045192,anti-toxic
GFFNVLGVR,0.3748358500502012,anti-toxic
GFFCCDGHG,0.3748358500502012,anti-toxic
GVHSVFHYG,0.3748162098248998,anti-toxic
GCYLNSDCG,0.3748162098248998,anti-toxic
GCSIRCSFG,0.3748162098248998,anti-toxic
GFVRFDDIY,0.37474834601010387,anti-toxic
GRCVHRVVD,0.3747388512629559,anti-toxic
GDSVRGGVV,0.37473775359094,anti-toxic
GSYHGDVGY,0.374733447655635,anti-toxic
GLNDHSGIH,0.3747286416258124,anti-toxic
GFSYSCRYY,0.37472324300833953,anti-toxic
GNGCSCHDY,0.37471016795356277,anti-toxic
GVDSINGCG,0.37470214692683035,anti-toxic
GFNSCCGVG,0.37468289585823505,anti-toxic
GSDIRCGGR,0.37466866625904954,anti-toxic
GFNFCSGGC,0.37466866625904954,anti-toxic
GICLCGGVG,0.37466866625904954,anti-toxic
GRSCGDVIH,0.3746490384606188,anti-toxic
GFYYYGHVF,0.37461183341631415,anti-toxic
GSILGYNGG,0.3745941859841452,anti-toxic
GNFHGILYH,0.3745941859841452,anti-toxic
GFNGCYSVG,0.3745526016335572,anti-toxic
GFYFGCYDD,0.3745305726662386,anti-toxic
GRDNFGVCS,0.3745273541561846,anti-toxic
GVYSNDVIY,0.3745273541561846,anti-toxic
GLCGLNVYG,0.3745273541561846,anti-toxic
GDSDRYVGG,0.3745128256128395,anti-toxic
GCGDVDIYS,0.3745109833797264,anti-toxic
GSGLDGVIF,0.3745015199531192,anti-toxic
GYNSSFLVD,0.3745015199531192,anti-toxic
GLIHVGSVD,0.37448984437638294,anti-toxic
GSCYDVRFY,0.3744589128225147,anti-toxic
GCYRYCGFC,0.3744589128225147,anti-toxic
GNCCLYDHN,0.3744589128225147,anti-toxic
GYIDGLIVD,0.3744589128225147,anti-toxic
GNYSVVNDY,0.3744589128225147,anti-toxic
GSNNCLVFV,0.3744589128225147,anti-toxic
GFGIVCFDG,0.3744589128225147,anti-toxic
GFVCLIGCS,0.3744589128225147,anti-toxic
GFLGSVDCG,0.37444502628613713,anti-toxic
GHFCFGHFV,0.3744240703112117,anti-toxic
GGDCYFCVG,0.3744240703112117,anti-toxic
GCFCDGVIY,0.374391886897248,anti-toxic
GGNRGYFGY,0.3743888031312004,anti-toxic
GFCYNSDFL,0.37436785621626784,anti-toxic
GIFGSCCDG,0.37436785621626784,anti-toxic
GHFVHCYSG,0.37434796775053486,anti-toxic
GVLVFDCYH,0.37434796775053486,anti-toxic
GGDSIDNFF,0.3743262329217185,anti-toxic
GSYCYGNCD,0.37432328056597725,anti-toxic
GSIYDCYDG,0.37431696332561337,anti-toxic
GICGFFGCD,0.37431696332561337,anti-toxic
GNYNVVFDY,0.3743118252356879,anti-toxic
GRYCHCDYY,0.37430034608006474,anti-toxic
GCNSHVDHG,0.3742844623353716,anti-toxic
GGCSNDLGH,0.3742844623353716,anti-toxic
GFYSNGNCD,0.37426926457412846,anti-toxic
GYNCHLRFR,0.3742619091984048,anti-toxic
GFHDSNSHY,0.3742619091984048,anti-toxic
GLYLCIIDN,0.374251871768881,anti-toxic
GRHDRDCRR,0.37423265885443663,anti-toxic
GSFVYCDFG,0.3742145152460576,anti-toxic
GCYISSVYG,0.3742090506695971,anti-toxic
GNYRGRFYD,0.37420393938693947,anti-toxic
GGCLFLFDG,0.3741932080226065,anti-toxic
GFCCCFCVN,0.3741870924048141,anti-toxic
GCLDYFVDH,0.37417328671428884,anti-toxic
GSVCCRGLD,0.37417033633414554,anti-toxic
GYYRGYFGS,0.3741698030547401,anti-toxic
GDDGCDVVY,0.3741678307191896,anti-toxic
GGLDSLVYY,0.3741607104371632,anti-toxic
GCGHCDGFC,0.37413709399941286,anti-toxic
GGHSIFNFD,0.37413709399941286,anti-toxic
GCRGCHDCG,0.37413709399941286,anti-toxic
GLGVISVCD,0.37413709399941286,anti-toxic
GLSYLDCVG,0.37413709399941286,anti-toxic
GYLGDNDGS,0.3741246359313435,anti-toxic
GHCCGDSCD,0.3741153253980247,anti-toxic
GIDGIIIYD,0.3741153253980247,anti-toxic
GFRYYGCVF,0.3741153253980247,anti-toxic
GFCYRNCGD,0.3741050675636546,anti-toxic
GNCGVFHSD,0.3740903981785085,anti-toxic
GYICRGVLD,0.3740765271654951,anti-toxic
GFYVHFSGD,0.37405093300678754,anti-toxic
GYCDGVDGY,0.3740407553828014,anti-toxic
GYINLGGCD,0.374036806622936,anti-toxic
GIRDRCGVV,0.374036806622936,anti-toxic
GFCVFCDCS,0.374036806622936,anti-toxic
GLCDVYCDS,0.37402000982214423,anti-toxic
GFCYFRHCD,0.3740171397155669,anti-toxic
GYNYCCGFH,0.37400540072605915,anti-toxic
GCLGGDCGD,0.37398787754650936,anti-toxic
GFFGGFGVH,0.3739622924346045,anti-toxic
GGNGILDSF,0.37395446385294384,anti-toxic
GNDCRICFS,0.37393973226827115,anti-toxic
GCDHCCVFY,0.37393973226827115,anti-toxic
GDLFCYHCS,0.37393973226827115,anti-toxic
GGFVDGYII,0.3739314377948343,anti-toxic
GLSVCVNDS,0.3739261178077956,anti-toxic
GYHFIVSGG,0.3739261178077956,anti-toxic
GYIVGINGG,0.3739142148040666,anti-toxic
GHVHLGGYV,0.3739017678045988,anti-toxic
GNILCHHGR,0.3739017678045988,anti-toxic
GYYVFCDCG,0.3739017678045988,anti-toxic
GFSSGCVGN,0.3739017678045988,anti-toxic
GYYFCGLVV,0.3739017678045988,anti-toxic
GIGVSVRSG,0.37387106368058703,anti-toxic
GLYRRYCGG,0.373857813097623,anti-toxic
GGCRDDVCH,0.37384571895869234,anti-toxic
GVIFFGGGG,0.3738244430502054,anti-toxic
GCCLDVDGD,0.37380632895531823,anti-toxic
GRVNRYNGG,0.37380632895531823,anti-toxic
GHLGHFVVR,0.3738012848553884,anti-toxic
GHICRDHCH,0.37377713170619614,anti-toxic
GYYCVCSSG,0.37377713170619614,anti-toxic
GGSNGYRFG,0.3737546241535543,anti-toxic
GLGIGSFVR,0.3737546241535543,anti-toxic
GFGGRINGH,0.3737546241535543,anti-toxic
GGFVYDFFR,0.37369126881902376,anti-toxic
GSVCCLHDR,0.37368375942599175,anti-toxic
GIVCLHDCG,0.37368375942599175,anti-toxic
GFCSHFCSG,0.37368375942599175,anti-toxic
GFVGYIDYS,0.3736772048785464,anti-toxic
GFDGYCVDR,0.3736484665881052,anti-toxic
GVRGVFLSG,0.3736231636182151,anti-toxic
GVFCNLSFD,0.37360651906133713,anti-toxic
GDFICVDGG,0.37358066281259295,anti-toxic
GIFYCFDDF,0.37358066281259295,anti-toxic
GDCVCYGFV,0.37358066281259295,anti-toxic
GGCGYFNNS,0.37358066281259295,anti-toxic
GCGNNSVFR,0.37358066281259295,anti-toxic
GGGGLDDHG,0.37358066281259295,anti-toxic
GINGGNGYI,0.37358066281259295,anti-toxic
GYYVCLFGR,0.37358066281259295,anti-toxic
GDCDHYRSG,0.37358066281259295,anti-toxic
GSYFGSDGN,0.37358066281259295,anti-toxic
GYDFCSVCD,0.3735228609249847,anti-toxic
GYHGDGFLR,0.3735018649384943,anti-toxic
GDRVVGICF,0.37349755220437764,anti-toxic
GSYCYCRGG,0.37347171240472044,anti-toxic
GFDCNYHLY,0.37345691456217506,anti-toxic
GIHLRFCDG,0.37345691456217506,anti-toxic
GLFFRDNGV,0.37345691456217506,anti-toxic
GVCVVDSVD,0.37344593519187436,anti-toxic
GFDGHGRFR,0.37343281788115545,anti-toxic
GFYGVNGFH,0.373422555481715,anti-toxic
GHNFYCVGS,0.37342176766521357,anti-toxic
GVHCYSCLY,0.37341687081295083,anti-toxic
GHCFDFFFG,0.3734055370059926,anti-toxic
GRHVGGGFC,0.373379713516393,anti-toxic
GCYYVSVDR,0.3733718171813005,anti-toxic
GGIYHHGSS,0.3733718171813005,anti-toxic
GFNVGLHGL,0.3733643806956213,anti-toxic
GFGCLGSSG,0.373344782758689,anti-toxic
GFFSFGSVY,0.37333851366670245,anti-toxic
GYRLRGGCL,0.37333851366670245,anti-toxic
GLGIYSSGG,0.37333851366670245,anti-toxic
GILFDCSCY,0.3733249196614771,anti-toxic
GIHRRGVYV,0.373309708567408,anti-toxic
GCNDGGHIR,0.373309708567408,anti-toxic
GVLYDFCVN,0.373307386577829,anti-toxic
GRLDYVDVG,0.3732925735934695,anti-toxic
GSGVFVGVY,0.3732925735934695,anti-toxic
GYHFCDCID,0.3732925735934695,anti-toxic
GFSRRVLVS,0.3732812113204123,anti-toxic
GDFLCHHHR,0.3732731251045429,anti-toxic
GCCFSDSLS,0.3732508606335466,anti-toxic
GICVNICDD,0.3732384741026484,anti-toxic
GNISGDSDR,0.37322512085094,anti-toxic
GFCRIRFYR,0.37322512085094,anti-toxic
GLVCFYGFR,0.37322512085094,anti-toxic
GCVSVGDFG,0.37317797898040217,anti-toxic
GSYYCDVHY,0.37317797898040217,anti-toxic
GFSFYDNLD,0.37314938722411917,anti-toxic
GLHCHDHIY,0.3731444973740152,anti-toxic
GLRLNHLSG,0.3731389324996473,anti-toxic
GSYVSYHGG,0.37313351272737416,anti-toxic
GNHVISIDN,0.3731297650733109,anti-toxic
GDGISDFDG,0.3730637480736432,anti-toxic
GSSCDGGYL,0.3730637480736432,anti-toxic
GCCICIDGN,0.37305836030598,anti-toxic
GCDHDNYSG,0.3730464282538241,anti-toxic
GCYNGDYFY,0.37303265708448263,anti-toxic
GFNGSSVGD,0.37303265708448263,anti-toxic
GFVCCGCYD,0.3730225870715692,anti-toxic
GIFCHDGIR,0.37298672672836103,anti-toxic
GCDGLGCVG,0.3729490841246632,anti-toxic
GGLGNDIVD,0.3729431922036223,anti-toxic
GIDDHCHVF,0.3729402048261445,anti-toxic
GFGVDFDDI,0.37291200297010657,anti-toxic
GFIFGSHYR,0.37291200297010657,anti-toxic
GIDNYDCLH,0.37291200297010657,anti-toxic
GHGLDSCCD,0.37291200297010657,anti-toxic
GCYCIGGDD,0.37291200297010657,anti-toxic
GHYFYYCVG,0.3728930798755347,anti-toxic
GCSRVYSGG,0.37288411978933855,anti-toxic
GIVYCVFDG,0.3728812030352046,anti-toxic
GCYHRHSVS,0.37287547079630445,anti-toxic
GFCCVLVGD,0.37287305453889774,anti-toxic
GGCDHDCFH,0.3728538099535512,anti-toxic
GFFGFGGHD,0.37281577108805913,anti-toxic
GYCLGVGFH,0.3728090407880446,anti-toxic
GYFGLCGVR,0.37280400533645075,anti-toxic
GFDIHHDFG,0.3728023291838857,anti-toxic
GRFCVDSVH,0.37279697330928224,anti-toxic
GHIRRLCCG,0.3727910674736508,anti-toxic
GYLVSFCCG,0.37278896175238774,anti-toxic
GFNDRYFVH,0.37277975067799085,anti-toxic
GRDGDYSFH,0.3727756681763631,anti-toxic
GINFCYVDH,0.37276904889313994,anti-toxic
GNDFDDFNH,0.37276904889313994,anti-toxic
GYIDVSYYD,0.3727605651706095,anti-toxic
GVSGGDFGR,0.3727232203190561,anti-toxic
GCLVHVNDN,0.3727232203190561,anti-toxic
GNFNVYGIG,0.3726954512419084,anti-toxic
GYYHYDCCY,0.37268718376907034,anti-toxic
GRVLFCGSD,0.3726808811055784,anti-toxic
GYVDFGVFS,0.37265169030458106,anti-toxic
GCFGSLFGD,0.3726341434072674,anti-toxic
GFFSCFRVH,0.3726341434072674,anti-toxic
GRFHNFDHD,0.3726341434072674,anti-toxic
GDIRHGLVD,0.3726341434072674,anti-toxic
GCCYYCIDS,0.37262511901258444,anti-toxic
GLSGHDVGY,0.3725864743237073,anti-toxic
GYDCCSVCD,0.37256949941773065,anti-toxic
GCRGLGVYV,0.3725556831235877,anti-toxic
GNCYDVDNF,0.3725354288979429,anti-toxic
GCYRIFDFG,0.372524413045315,anti-toxic
GFFINCDVD,0.372524413045315,anti-toxic
GRCVIDSGS,0.372524413045315,anti-toxic
GVSVGGCLG,0.3725210931445242,anti-toxic
GFYDISGGN,0.37251490894793304,anti-toxic
GHGFCFGFF,0.3724594199817807,anti-toxic
GDHHGNGGR,0.3724594199817807,anti-toxic
GYFGNFSLY,0.3724238288804493,anti-toxic
GHLSRVGGY,0.37238590419964945,anti-toxic
GLRVIGSGG,0.37238590419964945,anti-toxic
GCSNVVVDI,0.37238590419964945,anti-toxic
GGYCCYVFS,0.37238590419964945,anti-toxic
GCSRGRDYL,0.37238590419964945,anti-toxic
GCYVGFNNG,0.37238590419964945,anti-toxic
GFFVFIDNF,0.37238590419964945,anti-toxic
GIFCRCHCD,0.3723147608655722,anti-toxic
GFILGSSVF,0.37230207165776125,anti-toxic
GRHGRHCDV,0.3722838733095048,anti-toxic
GFDCGGGLS,0.37228102748291103,anti-toxic
GFVVYRDII,0.3722555832738694,anti-toxic
GRCFGLVDG,0.37224125990791995,anti-toxic
GCSVCVIVC,0.37223460843713574,anti-toxic
GCGFYHCVF,0.37223460843713574,anti-toxic
GHYGCFGVF,0.3722260313902227,anti-toxic
GFFDHDVLR,0.3722260313902227,anti-toxic
GHGIDCSLN,0.37219839308672265,anti-toxic
GVYRYSVVN,0.37219326969575783,anti-toxic
GFHVYFHNG,0.3721791465276162,anti-toxic
GYYVYDHLR,0.37217010569488473,anti-toxic
GVHCSGDDD,0.37217010569488473,anti-toxic
GCFFYSGYC,0.3721627886119509,anti-toxic
GHNVIFGVY,0.3721627886119509,anti-toxic
GCRDRGGFY,0.3721627886119509,anti-toxic
GSCFGSGVI,0.3721627886119509,anti-toxic
GCSDVHCYG,0.3721627886119509,anti-toxic
GSCCGLCYG,0.37214361996357304,anti-toxic
GYFVRDCDH,0.37214361996357304,anti-toxic
GCFGGLHGG,0.3721327450657521,anti-toxic
GIVCLNYFY,0.37212573856441855,anti-toxic
GDGVFLVFY,0.37211227540855213,anti-toxic
GGYVCDDYC,0.37210218139482193,anti-toxic
GCCLYNLSG,0.37209335148942657,anti-toxic
GFNRLYCID,0.37209335148942657,anti-toxic
GFYSSGVDS,0.3720647992076436,anti-toxic
GFHYDLRHN,0.3720632245786654,anti-toxic
GFYSYCHHD,0.37205469771503374,anti-toxic
GIYFLNHGR,0.3720394386991018,anti-toxic
GHSGLVFDD,0.3720394386991018,anti-toxic
GFVFFCNVY,0.3720130084160491,anti-toxic
GLGCDCGGD,0.37200427457763785,anti-toxic
GLCIRDGCV,0.371990911464915,anti-toxic
GVNVLHGCG,0.37196116628618325,anti-toxic
GSLIFVDCS,0.37196116628618325,anti-toxic
GLCGLGGVF,0.37196116628618325,anti-toxic
GIVFDVGHG,0.37196116628618325,anti-toxic
GFSVIGSVG,0.37191897104865634,anti-toxic
GFLVRGRCG,0.37191172380863485,anti-toxic
GGLVCIYDS,0.37191063902026394,anti-toxic
GVDDFFNVD,0.3718858529274749,anti-toxic
GCCDRIGVI,0.37188058220346126,anti-toxic
GDCILNRGG,0.37187451823311024,anti-toxic
GHGFFLGCD,0.37186746736847276,anti-toxic
GDNRGDGLN,0.371847678226804,anti-toxic
GRCNHRGVH,0.3718372061078325,anti-toxic
GCFSYIGVR,0.3718372061078325,anti-toxic
GGYYGYGHG,0.3718372061078325,anti-toxic
GCLCNYRDY,0.3717940206574013,anti-toxic
GLFVFDSLY,0.3717856840974149,anti-toxic
GCCVCCDFR,0.37177436124059104,anti-toxic
GFNSCYGFL,0.37176468469463847,anti-toxic
GFFSFSHYV,0.3717587640446005,anti-toxic
GGRYFCGYF,0.37174345662405706,anti-toxic
GFGGGDVSG,0.37172738325179067,anti-toxic
GFRGFGVCG,0.37171348581666547,anti-toxic
GHNNYDHRY,0.37170465781383755,anti-toxic
GSLCYDCFH,0.37170465781383755,anti-toxic
GCFGVDCGG,0.3716953907890764,anti-toxic
GGLCSYDDR,0.3716953907890764,anti-toxic
GHYGFGHID,0.3716926965793627,anti-toxic
GFHYFYDID,0.3716926965793627,anti-toxic
GDRLNLHGH,0.3716926965793627,anti-toxic
GGIFCDVGS,0.37168030781064076,anti-toxic
GFCFVLDYV,0.37167007334382896,anti-toxic
GFFCGDIGR,0.3716340235968967,anti-toxic
GLGYRDVIG,0.37161106994968846,anti-toxic
GYFIIGCVL,0.37161106994968846,anti-toxic
GSDIFDGLR,0.37161106994968846,anti-toxic
GFRVCDCGS,0.37161106994968846,anti-toxic
GVSCHSIYD,0.37161106994968846,anti-toxic
GLVIDLDGV,0.37161106994968846,anti-toxic
GRVSLFNGG,0.37161106994968846,anti-toxic
GSCYDSGLN,0.37161106994968846,anti-toxic
GFIGFRGVG,0.37161106994968846,anti-toxic
GVHIRDCCS,0.37159476729828905,anti-toxic
GVDDDLDCR,0.37158090956341966,anti-toxic
GGNCFVFDN,0.371512950173264,anti-toxic
GVCDRYGGD,0.3715076541897277,anti-toxic
GLFGSCSDD,0.3714985438493301,anti-toxic
GFIGVNNIY,0.3714985438493301,anti-toxic
GSFHSCHGY,0.3714876733067491,anti-toxic
GGCHLLDYS,0.37148141045271005,anti-toxic
GLRCGSVGD,0.3714744778800287,anti-toxic
GFCVSGGFY,0.37146942908897657,anti-toxic
GFSGIRRDR,0.371458122428508,anti-toxic
GLGLYGVCG,0.37144485403317207,anti-toxic
GCLDIDLFY,0.37144303184277366,anti-toxic
GVDVRNVFV,0.37144062948141593,anti-toxic
GVFCFRDYD,0.37143245819232684,anti-toxic
GFIVFGRDG,0.37142906485577515,anti-toxic
GHNIVYGYI,0.3714099611329883,anti-toxic
GSFNVHRSG,0.3714099611329883,anti-toxic
GCLRRFIGN,0.3713954092228561,anti-toxic
GCLGFFCDD,0.3713772360571004,anti-toxic
GGRFDHCCV,0.3713723810280973,anti-toxic
GCVHFDYSD,0.37134778138030095,anti-toxic
GCVVNLDDV,0.37134529123817867,anti-toxic
GCINIGLRS,0.3713384146209234,anti-toxic
GHCFYNSGG,0.37131752855162353,anti-toxic
GRSVFVGGC,0.37131752855162353,anti-toxic
GRFFVVRYG,0.37131752855162353,anti-toxic
GFFVRLHVR,0.37131752855162353,anti-toxic
GCRVICGGD,0.37131752855162353,anti-toxic
GYDNCDVFC,0.37131752855162353,anti-toxic
GVHCGLRFS,0.3712898462058256,anti-toxic
GNGCHFLYD,0.3712841366953943,anti-toxic
GCCVFDHFG,0.37127942084467996,anti-toxic
GCGRFGVYG,0.37127942084467996,anti-toxic
GSYDLSDCG,0.37127315392382326,anti-toxic
GCCLYNRYG,0.37125449505583036,anti-toxic
GLLYLDFYS,0.3712299426923163,anti-toxic
GYRICFSFN,0.3712299426923163,anti-toxic
GVCDCFIHN,0.3712168739327978,anti-toxic
GYFICCDDS,0.37121450906762676,anti-toxic
GCIVDDDDR,0.37121297375559564,anti-toxic
GFVCGSNYN,0.37121297375559564,anti-toxic
GFHFVCNSG,0.37118784969670265,anti-toxic
GCYDRDSDG,0.37118784969670265,anti-toxic
GNDDGSDFF,0.37118784969670265,anti-toxic
GCVSYNGVF,0.3711782901611061,anti-toxic
GVFLFGNVD,0.37116311273420893,anti-toxic
GFCVCDGYH,0.3711569879310229,anti-toxic
GFHFCDRGH,0.371140614509431,anti-toxic
GGIFCYGIS,0.37109968765484247,anti-toxic
GCCFCYVFF,0.3710911369833849,anti-toxic
GFVFNDVFY,0.37106786227173627,anti-toxic
GCVRVRGVR,0.37106786227173627,anti-toxic
GFDDDDIVV,0.3710409217623201,anti-toxic
GVDRHGCGR,0.37103272659905795,anti-toxic
GYVDCVVHV,0.37102983464753586,anti-toxic
GHNCCSVYV,0.37102447837659974,anti-toxic
GHRRSYCVG,0.3709950978446743,anti-toxic
GCLYCFSNG,0.3709636917168715,anti-toxic
GYCCSVSSG,0.3709565189864441,anti-toxic
GLILIYDDI,0.37093083444058916,anti-toxic
GFFRYRYHC,0.3709211659413757,anti-toxic
GHIHDGNVY,0.3709211659413757,anti-toxic
GNIFLCVGG,0.37090380214944146,anti-toxic
GRDIRCCFS,0.37090380214944146,anti-toxic
GNFYCIGDV,0.3708934818309661,anti-toxic
GFCYYGDDH,0.37088613280300436,anti-toxic
GDCCCYGYV,0.3708529182030561,anti-toxic
GFNCHGFVG,0.3708529182030561,anti-toxic
GCFRSCSFG,0.3708529182030561,anti-toxic
GIFIYSNFY,0.3708529182030561,anti-toxic
GLCSGFCCD,0.3708529182030561,anti-toxic
GCRLDLVVR,0.3708529182030561,anti-toxic
GCIHCCSVG,0.3708376156367888,anti-toxic
GFDFCFFLF,0.37083485082991136,anti-toxic
GSCGGGCGD,0.3708308666413512,anti-toxic
GCFHGCGLR,0.3708246281674207,anti-toxic
GCFVGGSCG,0.3707929705895444,anti-toxic
GFFCSFCFF,0.37078776262842283,anti-toxic
GCRSGYDNG,0.3707525488145196,anti-toxic
GCIIDVDSC,0.3707430015377464,anti-toxic
GHCYGCSDD,0.3707208178814018,anti-toxic
GRFDSFCYN,0.37071035518112705,anti-toxic
GRILDCGLC,0.37069309353117524,anti-toxic
GNFDNNVCG,0.3706794403856324,anti-toxic
GDIIRLVHH,0.37066592380537566,anti-toxic
GHIYSNVVG,0.37066592380537566,anti-toxic
GFRGCIFDD,0.37066592380537566,anti-toxic
GFFGLDCCD,0.37066592380537566,anti-toxic
GFCCYGSVS,0.37066592380537566,anti-toxic
GFDDGDDSY,0.3706476450334331,anti-toxic
GGSCGGDDY,0.37063302893833444,anti-toxic
GFVFYDRCS,0.3706168814608028,anti-toxic
GFSYCDSCD,0.3706168814608028,anti-toxic
GCSYDGSSG,0.37060888112033885,anti-toxic
GLYGSGIID,0.37060728686720473,anti-toxic
GIYDYHGCV,0.37060560093814854,anti-toxic
GFVCSDIFS,0.37060192049203255,anti-toxic
GLNCNSRDN,0.37059776175832315,anti-toxic
GIRRRVCDD,0.3705904008972811,anti-toxic
GHIRHGCVY,0.3705904008972811,anti-toxic
GCLFCDDVN,0.3705649603080237,anti-toxic
GCDGIGHHY,0.3705542081824051,anti-toxic
GCVSRLGHG,0.3705542081824051,anti-toxic
GSFCYDGLF,0.37053296973058764,anti-toxic
GNLVVHSDD,0.3705146711545747,anti-toxic
GRDGVCGFL,0.3705120784368316,anti-toxic
GLYFNYCNR,0.3705017603250981,anti-toxic
GCSDGSFID,0.3705017603250981,anti-toxic
GSVFCICYD,0.3705017603250981,anti-toxic
GLCCGDDYH,0.3705017603250981,anti-toxic
GCDGGHDDR,0.3705017603250981,anti-toxic
GIVRLHSYD,0.3704899586842624,anti-toxic
GICDGCCYG,0.3704847488488858,anti-toxic
GFCFYYDGF,0.3704833978278864,anti-toxic
GVDCFCGDG,0.3704713038236722,anti-toxic
GYIDLYHGG,0.3704514044224498,anti-toxic
GDHVSGSIY,0.3704373838422512,anti-toxic
GYNDNGGCS,0.3704269722274613,anti-toxic
GFSVRGCVN,0.3703982829641359,anti-toxic
GFVFVNGYL,0.3703948658383041,anti-toxic
GCYNCVCYG,0.37038164384372724,anti-toxic
GFHDLIRFG,0.3703564870399491,anti-toxic
GYCLRGGVF,0.3703564870399491,anti-toxic
GCDSVGGCG,0.3703564870399491,anti-toxic
GYVVDRGCD,0.3703564870399491,anti-toxic
GCYGCYSLF,0.37032644557195366,anti-toxic
GVVFGGGVG,0.3702971531397402,anti-toxic
GYDFVSYFD,0.37026858207417923,anti-toxic
GVRVNHYVI,0.37026858207417923,anti-toxic
GCCCLGGIG,0.37025655158949294,anti-toxic
GFSVYGVLD,0.3702446467504164,anti-toxic
GCGGHGYLY,0.3702270208050051,anti-toxic
GRDHRSVDG,0.3702270208050051,anti-toxic
GVDYCCNSG,0.3702096667268864,anti-toxic
GYYYFHRYS,0.37020279981384396,anti-toxic
GSNCCYDID,0.3701869400997113,anti-toxic
GIFVDGLCS,0.37017771598285426,anti-toxic
GFNLSFVYY,0.3701757493945326,anti-toxic
GNCVRHCCR,0.37013880335966765,anti-toxic
GCNGIIDGS,0.37012799116556033,anti-toxic
GCSCCFVDI,0.37011880927639024,anti-toxic
GGDFSFVFV,0.3701109148072802,anti-toxic
GRGRGLGSS,0.37006599909823906,anti-toxic
GIYCYGHHL,0.37002293504847533,anti-toxic
GIFGCFDSN,0.37000620245429483,anti-toxic
GVCSGNFCD,0.37000620245429483,anti-toxic
GFCCYIIDY,0.37000620245429483,anti-toxic
GFGCGLCGG,0.36999207652992,anti-toxic
GHDSVNHVD,0.36997940435385723,anti-toxic
GCDLIFFVD,0.36997354505066976,anti-toxic
GFSCFLHLR,0.36997354505066976,anti-toxic
GDFCCCGCD,0.3699671392911371,anti-toxic
GFCDCCGYN,0.36996440653010787,anti-toxic
GSYDSHGHD,0.3699481662642839,anti-toxic
GVDGDLRGD,0.3699481662642839,anti-toxic
GIYFRVGCN,0.36991128507179405,anti-toxic
GLFNVGICY,0.36991128507179405,anti-toxic
GVNVHRVYD,0.36991128507179405,anti-toxic
GVFRGCFFH,0.36991128507179405,anti-toxic
GVNFGGGVG,0.36991128507179405,anti-toxic
GCSFGGGHS,0.36991128507179405,anti-toxic
GVLYVVGHG,0.3698889269940058,anti-toxic
GCLHISDHR,0.36986707982142225,anti-toxic
GVFVVCGCD,0.369844103621911,anti-toxic
GSCVRDFRR,0.3698415132856526,anti-toxic
GCFSYGCVN,0.36982791304964235,anti-toxic
GDCVYRGVH,0.3698248497084073,anti-toxic
GVYYYVFFD,0.3698248497084073,anti-toxic
GGVSGDCYN,0.3698248497084073,anti-toxic
GCIVFGCCD,0.3697844652484653,anti-toxic
GFCCVVHDG,0.3697844652484653,anti-toxic
GGCVSNHCR,0.36977659923356054,anti-toxic
GCIVCVRDN,0.36976278293941767,anti-toxic
GNYFGDSRR,0.3697610708031944,anti-toxic
GIHYRVGVV,0.3697458080334411,anti-toxic
GGFRHNVCD,0.3697209421846522,anti-toxic
GFFIDGGVN,0.3697087695717834,anti-toxic
GLCYNCGHV,0.3696967656888682,anti-toxic
GIVSSFIVD,0.36967325027169795,anti-toxic
GCGIGIIDV,0.36967325027169795,anti-toxic
GIFFFVCVN,0.36965944715119514,anti-toxic
GGVSDLDFH,0.36965944715119514,anti-toxic
GSFIGGSVS,0.36965036918416055,anti-toxic
GFFVFLFFH,0.36965036918416055,anti-toxic
GSNGVIDGL,0.3696439446620574,anti-toxic
GFYYCNHLS,0.3696391585469058,anti-toxic
GCSFVDLGG,0.36962809710118416,anti-toxic
GGRLGLNVY,0.36962809710118416,anti-toxic
GVYDNCCCD,0.3696064100281026,anti-toxic
GCRGGDDND,0.3696064100281026,anti-toxic
GFRVDSSVH,0.3695972889729216,anti-toxic
GNVVCSFVS,0.36959051490569617,anti-toxic
GVLGVYSYD,0.36958112580360836,anti-toxic
GYFLVFGVG,0.36956470107422634,anti-toxic
GVDVVYDGF,0.3695446371125724,anti-toxic
GFYHRIHYF,0.3695446371125724,anti-toxic
GFCRLDDCY,0.36952859441713554,anti-toxic
GLFGVIGIR,0.36950599279675894,anti-toxic
GRGVFVRYC,0.3694873763198329,anti-toxic
GIICYFGCG,0.3694873763198329,anti-toxic
GCYYRSDYH,0.3694873763198329,anti-toxic
GVHRFGFLR,0.36947741166619286,anti-toxic
GYLSYDGGV,0.36945649535264224,anti-toxic
GFCVIVGFN,0.3694471023380817,anti-toxic
GGFRDFSCD,0.36943758210376226,anti-toxic
GLDDLRGVV,0.36943415069541397,anti-toxic
GDNNRDRGR,0.3694172326579017,anti-toxic
GFGVGRGDN,0.3694172326579017,anti-toxic
GYIYCCFDS,0.36940892008587317,anti-toxic
GDFLNLFGR,0.36938454821898475,anti-toxic
GYCDRRGCF,0.36937660756017565,anti-toxic
GVIRRFNVF,0.3693656399541015,anti-toxic
GLCCRCFYD,0.3693609919864021,anti-toxic
GFDCCFSFH,0.3693576910109799,anti-toxic
GHICGNSDG,0.36935331412339767,anti-toxic
GNFDRIDGV,0.36934723288778487,anti-toxic
GCCRCDFVD,0.3693457209651613,anti-toxic
GHGHHGGVR,0.36932343592986644,anti-toxic
GCSDVVCDN,0.36931616795035166,anti-toxic
GNICGGFVG,0.36929773025078555,anti-toxic
GFRFGSGVV,0.36929482722250756,anti-toxic
GFFDRRGFH,0.36929482722250756,anti-toxic
GDNLDFSGI,0.36929482722250756,anti-toxic
GYRLCVGFC,0.36929482722250756,anti-toxic
GFFYCNGFF,0.36928097390803877,anti-toxic
GFHNCGCCD,0.36924628190711867,anti-toxic
GDCGYDIDH,0.3692423973862597,anti-toxic
GSCVCRGLS,0.3692158574101428,anti-toxic
GFICVCGGD,0.3692158574101428,anti-toxic
GGSLCSGGR,0.3691975717116537,anti-toxic
GYFLCDSGS,0.3691915958262756,anti-toxic
GRDCIDGDH,0.36917981786969617,anti-toxic
GFYVFCFDG,0.36916126694034523,anti-toxic
GCFFCFHSG,0.369145815561446,anti-toxic
GNNYFLGDG,0.369145815561446,anti-toxic
GFYYCFFYN,0.369145815561446,anti-toxic
GYNVCYGSS,0.36912419542544145,anti-toxic
GNRIDHGVR,0.36911368249333154,anti-toxic
GYHFFDIDS,0.36909826940883184,anti-toxic
GYVFCVRSG,0.36909826940883184,anti-toxic
GDNSHCFFD,0.36909322416624457,anti-toxic
GYFYCILGV,0.36908326864956387,anti-toxic
GFYIDYRVS,0.36908326864956387,anti-toxic
GRIHSSCDG,0.36905443964879625,anti-toxic
GDISYFGVN,0.36905443964879625,anti-toxic
GGCYVNIYV,0.3690513288907809,anti-toxic
GCNCVHDVD,0.3690378522331143,anti-toxic
GDCCHDVIR,0.3690270747590923,anti-toxic
GDLRSIGLR,0.36900106520784015,anti-toxic
GCICCFHYS,0.3689811670602525,anti-toxic
GVLRGFHGN,0.36897631273672105,anti-toxic
GDFLVLDHG,0.36897631273672105,anti-toxic
GNLLCSGNN,0.36897631273672105,anti-toxic
GLINGSRVD,0.36897631273672105,anti-toxic
GSVDFLVSS,0.3689709737834801,anti-toxic
GYYGVYVGD,0.36896046517584774,anti-toxic
GLNLYLDSH,0.36894511229977356,anti-toxic
GSRGDGFVN,0.36893910450486966,anti-toxic
GDCRCIGGN,0.3689365524960442,anti-toxic
GVSDGVRIR,0.3688685607247793,anti-toxic
GHCSHVVFR,0.36886414564491365,anti-toxic
GSLCCSVYS,0.3688497393209798,anti-toxic
GFCSRFGFC,0.3688316959681073,anti-toxic
GIFGNIRDR,0.3688032260423766,anti-toxic
GYNYRNGYL,0.3687923620261184,anti-toxic
GICLYSGCR,0.3687923620261184,anti-toxic
GVFGDGVHD,0.36878177993082417,anti-toxic
GVDVVCLNY,0.36878177993082417,anti-toxic
GCIFFYDNG,0.3687516195445554,anti-toxic
GHHGRNVVR,0.3687516195445554,anti-toxic
GDYVCIHGG,0.3687516195445554,anti-toxic
GVFDYDHFH,0.3687468111734557,anti-toxic
GVGCCYGGD,0.3687401788500986,anti-toxic
GFCGLGCFD,0.36872363755415216,anti-toxic
GYHSGVCDG,0.36872363755415216,anti-toxic
GIGILGGSS,0.36872363755415216,anti-toxic
GFYFCFRDY,0.36872363755415216,anti-toxic
GNHLGNGIR,0.36872363755415216,anti-toxic
GYNGFLVFS,0.36872363755415216,anti-toxic
GIYYINNFC,0.36869760617692116,anti-toxic
GYGLDVDCG,0.3686617925058578,anti-toxic
GSNDRVNSC,0.3686617925058578,anti-toxic
GGNNYGRSG,0.36865063257005004,anti-toxic
GCCCRCCDS,0.3686462697525975,anti-toxic
GYICHDVFY,0.3686398304339229,anti-toxic
GGCRVFNVG,0.3686293691617909,anti-toxic
GGFHDSGGI,0.3686293691617909,anti-toxic
GRFFCGCCD,0.36862426134728926,anti-toxic
GSDVIFDSH,0.36861592372032903,anti-toxic
GVGVDNIFY,0.3686094066473931,anti-toxic
GFVFRYCGG,0.3686094066473931,anti-toxic
GIDNVYFDR,0.36860302113764254,anti-toxic
GGYGNGGFC,0.368590629187464,anti-toxic
GYFVVYGHL,0.36855724747360075,anti-toxic
GGDCCFIFR,0.36854043817306953,anti-toxic
GDNYYCLSG,0.36854043817306953,anti-toxic
GVYICDNGL,0.36852548338641133,anti-toxic
GFDFCNRDR,0.36852548338641133,anti-toxic
GHFVSFFFY,0.36851594673181653,anti-toxic
GLCLCDIFD,0.36851130164748724,anti-toxic
GICDFVGVV,0.3684850293337619,anti-toxic
GRYDNVGCN,0.3684650309692935,anti-toxic
GGDGIGGCG,0.3684612186765613,anti-toxic
GCLVDCDCG,0.3684612186765613,anti-toxic
GCNNDFSHY,0.3684395391816409,anti-toxic
GGYYYCRVY,0.3684395391816409,anti-toxic
GICGLVGGG,0.3684294111634992,anti-toxic
GHYHGCSLG,0.3684294111634992,anti-toxic
GHCLYNDVG,0.3684245116042518,anti-toxic
GDLCFYGLR,0.36841971698204806,anti-toxic
GIVDFGSVF,0.368417827763598,anti-toxic
GIHFCVDNY,0.36840741942199845,anti-toxic
GYVIVDDVN,0.3683929755343069,anti-toxic
GNYGYLVCY,0.3683847651103216,anti-toxic
GCLYIFVNS,0.36838078019061365,anti-toxic
GDYYSHGHY,0.3683481358789159,anti-toxic
GYLFGNNGN,0.3683261774951795,anti-toxic
GFLLYGVSS,0.368323250795142,anti-toxic
GCCDCLNGY,0.368323250795142,anti-toxic
GNYYIGDDH,0.3683014914644143,anti-toxic
GIVGFLFGD,0.3682998009152148,anti-toxic
GRNDRLDCF,0.36828688490213096,anti-toxic
GFGVLIGNR,0.36826325923763564,anti-toxic
GDIGLDDLF,0.3682395958816785,anti-toxic
GDFGCGDCG,0.36823308183900727,anti-toxic
GVCVNDCFL,0.3682299444284917,anti-toxic
GHYGFVGFC,0.3682299444284917,anti-toxic
GFFCFCHYN,0.3682268829012199,anti-toxic
GCRHIFCVY,0.3682144293398692,anti-toxic
GSYGIDLFR,0.36820736373478813,anti-toxic
GYVLFDVGS,0.3681895704443206,anti-toxic
GVFLRSGND,0.36817623167325625,anti-toxic
GNDILLYFR,0.3681752745493764,anti-toxic
GYFGRDYVS,0.3681571027071508,anti-toxic
GRFVFDDFV,0.36815401218213983,anti-toxic
GYFCCDVLY,0.3681407999805965,anti-toxic
GVNCCCGVG,0.36813502704599105,anti-toxic
GLSDVDCDS,0.3681326419199539,anti-toxic
GNCSGNDFS,0.36810085170935136,anti-toxic
GFVNRDFLH,0.3680645304170069,anti-toxic
GGFFRIDCS,0.3680313963580934,anti-toxic
GGYICSNVD,0.36797678529459443,anti-toxic
GYCRDIGVV,0.36797678529459443,anti-toxic
GLLRCRVVD,0.36797678529459443,anti-toxic
GGYFHDSLR,0.36797678529459443,anti-toxic
GICVHRVYD,0.36797678529459443,anti-toxic
GRCYYCCDG,0.36797678529459443,anti-toxic
GCYCGSGFH,0.36797678529459443,anti-toxic
GGDRICGLR,0.36797678529459443,anti-toxic
GHFCISSDS,0.36797678529459443,anti-toxic
GGYSHLDVG,0.36797678529459443,anti-toxic
GYSNYGSDG,0.36797678529459443,anti-toxic
GFNYIGVID,0.36797678529459443,anti-toxic
GRYVRSCVG,0.36797678529459443,anti-toxic
GIVHNHRNL,0.36797678529459443,anti-toxic
GSCGCNGDR,0.36797678529459443,anti-toxic
GYRVCDCCG,0.3678921357510259,anti-toxic
GCLCHDIYG,0.3678695256047671,anti-toxic
GFHCVFVGN,0.36785463806220337,anti-toxic
GVGVYLSFG,0.36780838882800093,anti-toxic
GFNCIYYDV,0.36780198372978606,anti-toxic
GDDVCDVGG,0.3677974359292938,anti-toxic
GFSVCFGHD,0.3677918217134752,anti-toxic
GVCYNRGLR,0.36778040524064765,anti-toxic
GNSCFISGY,0.3677726515743128,anti-toxic
GNNGVNSFH,0.36772553016354625,anti-toxic
GIIFHSGCV,0.3676984805866385,anti-toxic
GFRYVGCCD,0.3676867722741991,anti-toxic
GCDGGNCCG,0.3676695376822724,anti-toxic
GYRFHDHLS,0.3676649041451742,anti-toxic
GIFCFDNLY,0.3676649041451742,anti-toxic
GICCGDGVR,0.36764488273208706,anti-toxic
GIFGRDDIN,0.3676338760924894,anti-toxic
GFSCIHGYN,0.3676159257126334,anti-toxic
GYHRGVHFY,0.3676159257126334,anti-toxic
GRGRCGHLF,0.3676159257126334,anti-toxic
GVVCFGNYY,0.36754869804267987,anti-toxic
GFYCSFHHR,0.36754869804267987,anti-toxic
GFDSRYDVN,0.3675396493926622,anti-toxic
GYCFVNIFV,0.3675396493926622,anti-toxic
GFFFYLFFS,0.36753498008670316,anti-toxic
GVFILGGDS,0.36753020995251706,anti-toxic
GFYLYGNDD,0.3675253356885548,anti-toxic
GFSGGDRCR,0.3675178214665122,anti-toxic
GSCVDNGVR,0.3675100528671869,anti-toxic
GSYDGLLCD,0.3674992761954683,anti-toxic
GNCGRIVVH,0.3674936990580169,anti-toxic
GCDGVGIYD,0.3674761575943128,anti-toxic
GFVVGGGCS,0.3674761575943128,anti-toxic
GGFVSDIFG,0.36747372201362216,anti-toxic
GVFVVNDVH,0.36747002388131556,anti-toxic
GISRCLRFC,0.36747002388131556,anti-toxic
GGCRDGDGF,0.36745068652413726,anti-toxic
GNDLHGGDS,0.3674369536751771,anti-toxic
GCFDLVSDD,0.36742981484206305,anti-toxic
GGSRGGNFS,0.36740721867931436,anti-toxic
GVYVNHGIS,0.36739108799489545,anti-toxic
GIYGIVGFN,0.367355921026019,anti-toxic
GNYGRSGIV,0.367355921026019,anti-toxic
GGYFVCSGG,0.367355921026019,anti-toxic
GVHFVHDHG,0.3673367048811561,anti-toxic
GICYDYDDI,0.3673162612404197,anti-toxic
GISGVGGGD,0.3673162612404197,anti-toxic
GCFNGGRVD,0.3673070943648185,anti-toxic
GCDCDFNGR,0.36729446860765785,anti-toxic
GFVHRYVGY,0.36729446860765785,anti-toxic
GVFCRCGFY,0.3672830239938643,anti-toxic
GIVCVNRCS,0.36727912332624346,anti-toxic
GFCGDFYDD,0.3672711889055857,anti-toxic
GIGCFDSSS,0.3672614260784903,anti-toxic
GRCYVYHCD,0.36725894301231404,anti-toxic
GGHNLFCCG,0.3672462645472384,anti-toxic
GFDFVNDDC,0.36724193828017887,anti-toxic
GVRCRDRVR,0.3672331301781245,anti-toxic
GVFFLFDSD,0.36721951486401083,anti-toxic
GFYNVCGLR,0.36718064486649965,anti-toxic
GCFYSCCFD,0.3671660804075003,anti-toxic
GGGSIDVSS,0.3671596740810153,anti-toxic
GFCSGLSYY,0.3671432063785997,anti-toxic
GDFYGVVDV,0.36712606125781805,anti-toxic
GCHSLGGHD,0.36711314236315357,anti-toxic
GNGSLGFCD,0.36709377350567757,anti-toxic
GVFCRLRDG,0.36708956438970103,anti-toxic
GRLVYCGHV,0.36708317493424736,anti-toxic
GLFDNDCDG,0.36707669278193183,anti-toxic
GCFVRDVIH,0.3670600683697286,anti-toxic
GYCSCFHVN,0.3670539322446133,anti-toxic
GFLRYDNGR,0.36704979565363516,anti-toxic
GYGFIGGCD,0.36704979565363516,anti-toxic
GFSVHCGHD,0.3670445724721576,anti-toxic
GLYGCFCYN,0.3670392900964339,anti-toxic
GVLNCSFYD,0.3670153182605393,anti-toxic
GGLDGGSYS,0.3670062944283869,anti-toxic
GRIIGFSFR,0.3670062944283869,anti-toxic
GCYYCFVFF,0.36699087231294325,anti-toxic
GFFYVVNGS,0.36698297597785084,anti-toxic
GCLDYLCYN,0.36698297597785084,anti-toxic
GYDYRHFDD,0.36697955298064566,anti-toxic
GDCCGGVFS,0.36694581868129306,anti-toxic
GRFVFCDYN,0.3669415178629893,anti-toxic
GYSFFDCGS,0.3669365584933167,anti-toxic
GCDYVGGYI,0.3669328076719178,anti-toxic
GNLSFGHFS,0.3669328076719178,anti-toxic
GCCGCCGDG,0.3669119025005786,anti-toxic
GGNGGRGLH,0.36690577493206883,anti-toxic
GVFGCDGGS,0.36690577493206883,anti-toxic
GVDSHHGIS,0.36690149129421584,anti-toxic
GDIRHFCSG,0.36687730500633814,anti-toxic
GCSDNGGGD,0.3668472801536245,anti-toxic
GYHVCGDYN,0.3668395159523228,anti-toxic
GIRYDFFCD,0.36682020809465216,anti-toxic
GRCHNDCIR,0.3668045997465435,anti-toxic
GCCYDGVGD,0.3668023808961305,anti-toxic
GDVIRGDGG,0.3667956736558033,anti-toxic
GVHSGIDYN,0.36678202668165094,anti-toxic
GYLSGDGCV,0.36678202668165094,anti-toxic
GCGRYSFHR,0.36678202668165094,anti-toxic
GFIGHDDFV,0.36678202668165094,anti-toxic
GFLNFNGFF,0.36677208415622375,anti-toxic
GFCGNCGDR,0.36676197476291317,anti-toxic
GICSLVDGG,0.36675715845978163,anti-toxic
GCCFVVRYG,0.3667464884890937,anti-toxic
GVFFCCVDD,0.36673727112631765,anti-toxic
GLCHFCCDS,0.36673416790349866,anti-toxic
GISYFCDNG,0.36673416790349866,anti-toxic
GGFGVHSCG,0.36672521531628727,anti-toxic
GSHNRGNCG,0.3667087713079589,anti-toxic
GDDNFYIHG,0.3667087713079589,anti-toxic
GRIGRCVVI,0.3666872069949426,anti-toxic
GSRSCLIDD,0.3666823149415956,anti-toxic
GHYRFRSVD,0.36665473105629914,anti-toxic
GHYYGICDH,0.36665473105629914,anti-toxic
GLNFGNGCS,0.36664765041813835,anti-toxic
GLRVRGVIR,0.36662594600363557,anti-toxic
GRCFCGGCG,0.36662594600363557,anti-toxic
GHCGNFNVG,0.3666185528133234,anti-toxic
GVNNFDVCY,0.3666080653406895,anti-toxic
GYSCRLFGN,0.3665958795782088,anti-toxic
GFFDNDVFY,0.3665855577880477,anti-toxic
GGFVLSSYV,0.3665708453101651,anti-toxic
GYVFFGDDH,0.3665693733026205,anti-toxic
GFDSYDRVG,0.3665644442713366,anti-toxic
GCVLLFYDD,0.3665644442713366,anti-toxic
GFCCFNFFH,0.36656122184478884,anti-toxic
GNHFVFVSD,0.3665458301881456,anti-toxic
GLRFCLSSG,0.3665315444204135,anti-toxic
GYRFRRCVY,0.3665315444204135,anti-toxic
GCYCSDHGH,0.3665315444204135,anti-toxic
GVVFFVVDG,0.3665315444204135,anti-toxic
GIYNFGHVL,0.3665315444204135,anti-toxic
GFFRYDDDC,0.3665315444204135,anti-toxic
GLRLNRYYD,0.3665315444204135,anti-toxic
GFGFCYYFD,0.36649707523654657,anti-toxic
GFFSYCDCD,0.3664869228320834,anti-toxic
GFLYSCSYN,0.36647921663169986,anti-toxic
GICGCDDFR,0.36647211058258716,anti-toxic
GFVHDVVFY,0.36646553720364333,anti-toxic
GDLHDSNFV,0.3664556121740616,anti-toxic
GFFFFLVFY,0.3664459607208748,anti-toxic
GRCCLSSFD,0.36643945808966527,anti-toxic
GRGCIHCVY,0.36642295722597273,anti-toxic
GDCNVVHDG,0.3664060982953636,anti-toxic
GRCHFGCCD,0.3663871258261006,anti-toxic
GIFYHLVYH,0.36637790826769334,anti-toxic
GLSVYRSYG,0.36636230580741136,anti-toxic
GGFRGISDR,0.3663496028668923,anti-toxic
GCHLCCDFG,0.36634102260033524,anti-toxic
GVRFGGHVR,0.3663401928035418,anti-toxic
GNFLCFSYF,0.36633016917265465,anti-toxic
GHYFRLNCR,0.36631361626568426,anti-toxic
GFDVGVSHL,0.36631361626568426,anti-toxic
GHFVFFSVS,0.3662967271765727,anti-toxic
GLYSIGSCF,0.3662967271765727,anti-toxic
GCFDYCSFR,0.3662967271765727,anti-toxic
GYLHFDGGY,0.36626358985047425,anti-toxic
GLGRHDGDY,0.36624996599408843,anti-toxic
GDCFSSSFV,0.366225595494831,anti-toxic
GCCNYGDVG,0.36621493913830777,anti-toxic
GFDSNNGVR,0.3662068613699941,anti-toxic
GYFVGGVDD,0.36619323255417713,anti-toxic
GLLYCVGIG,0.3661642013533418,anti-toxic
GYVVDLDVN,0.36616154970767717,anti-toxic
GFGVVYHVR,0.36614817424818635,anti-toxic
GFCRVFGHV,0.36614817424818635,anti-toxic
GVYVRIGYC,0.366100780295839,anti-toxic
GRHRGCVVH,0.36609264142004294,anti-toxic
GLSYCSDFR,0.3660854617527964,anti-toxic
GGFGNDNRR,0.3660635906503139,anti-toxic
GNYDCYCFN,0.36604784516928623,anti-toxic
GIYVCCNDH,0.3660182950222061,anti-toxic
GIFFRHCCD,0.3660089772976667,anti-toxic
GVNVGLSVD,0.3660089772976667,anti-toxic
GCYDSCLCD,0.3659708025969958,anti-toxic
GIHLLYSCG,0.3659708025969958,anti-toxic
GYSHCGCYG,0.3659708025969958,anti-toxic
GNCVRNGIY,0.3659708025969958,anti-toxic
GCLSGLGSS,0.3659544557641378,anti-toxic
GGRCRFCSG,0.3659426153841413,anti-toxic
GVCSRFFYR,0.3659209495886298,anti-toxic
GICDHCGVR,0.3658468424186451,anti-toxic
GCFRGDCGY,0.3658214732684595,anti-toxic
GFDRGFIYN,0.36581342101096354,anti-toxic
GRNVDVIGV,0.36581342101096354,anti-toxic
GFYFYDVDG,0.3658020462389745,anti-toxic
GGNSVGGLD,0.3657735305146108,anti-toxic
GCIYRHLYG,0.36576927383147545,anti-toxic
GVRIDRLGC,0.36575532530063637,anti-toxic
GNLVSNFHG,0.36575532530063637,anti-toxic
GNGFCNSCG,0.36573526041200505,anti-toxic
GVFNGVGIR,0.36572849132479274,anti-toxic
GYDLGLDLY,0.3657250914267056,anti-toxic
GVFLGGGCG,0.3657207049903702,anti-toxic
GCGNSVVYV,0.3657207049903702,anti-toxic
GCLVRCSSG,0.3657207049903702,anti-toxic
GSCCCCGCG,0.3657207049903702,anti-toxic
GCGVYHFID,0.3657148297547165,anti-toxic
GCDCHGSLG,0.36569885864202173,anti-toxic
GVFICNHDI,0.3656677865194276,anti-toxic
GGFHGNLFS,0.36565559066202985,anti-toxic
GSYIIGVVR,0.36564129235212683,anti-toxic
GLRGGCVYG,0.3656292418386089,anti-toxic
GFNFFVHYF,0.3656292418386089,anti-toxic
GCDFVGHVR,0.3656292418386089,anti-toxic
GGVIVDSGS,0.3656292418386089,anti-toxic
GYFSVFYDN,0.3656292418386089,anti-toxic
GGHFCGVVN,0.36561434348414,anti-toxic
GGNVSFGHG,0.36556911485319543,anti-toxic
GSCRHHCVD,0.36555695640774427,anti-toxic
GYFDRHRSG,0.36555055282846843,anti-toxic
GSVGNDIIY,0.3654879848908996,anti-toxic
GLCFSLGLG,0.3654879848908996,anti-toxic
GGYSGIVHR,0.3654879848908996,anti-toxic
GIFNCCCYG,0.3654499739082573,anti-toxic
GLVVGDVHG,0.36543704424432166,anti-toxic
GICVFGYFY,0.3654330392231629,anti-toxic
GICHCDCFN,0.36542660484954204,anti-toxic
GCNGFVGLR,0.36542660484954204,anti-toxic
GNYYHLGHY,0.3654239815775567,anti-toxic
GVLRYSCYS,0.36541078384511766,anti-toxic
GSFCYCGFL,0.36538397471631484,anti-toxic
GFYHFNDYC,0.36538397471631484,anti-toxic
GGGNYRCLS,0.36532864000490617,anti-toxic
GDICCSSCG,0.36532864000490617,anti-toxic
GCCFCFFDD,0.36532234556269666,anti-toxic
GCFHNFRNS,0.3653096664807151,anti-toxic
GNHCLSVFR,0.36530007739510284,anti-toxic
GLYNLFVYG,0.3652889270293177,anti-toxic
GSVVCGFVR,0.36527089191866946,anti-toxic
GRFCVDCGH,0.36527089191866946,anti-toxic
GCCVYNGFH,0.3652456247161313,anti-toxic
GSGGFNFHY,0.36524499095060436,anti-toxic
GHLRGFHFY,0.3652410629765991,anti-toxic
GCDLLYDGC,0.36522284783632575,anti-toxic
GHIISGGFC,0.36521056905144234,anti-toxic
GSGNGCHDR,0.36519231179523776,anti-toxic
GVYGVCDDS,0.36518985926951125,anti-toxic
GFFRVGCGS,0.36514749527573015,anti-toxic
GYFSCFSVG,0.36514749527573015,anti-toxic
GCYVDGIIV,0.36514749527573015,anti-toxic
GFFVRSYYS,0.36514749527573015,anti-toxic
GLYNHLNFY,0.3651148673141879,anti-toxic
GHCNVGGFC,0.36510615555061177,anti-toxic
GFLSLGVLD,0.36509492679755623,anti-toxic
GINVCDLFG,0.36506790314100657,anti-toxic
GFFYVDRLG,0.36506790314100657,anti-toxic
GFYHSFCHR,0.3650473004473002,anti-toxic
GLDVCYSVY,0.3650473004473002,anti-toxic
GNDCIIGVY,0.3650264038259276,anti-toxic
GGYLLYGGR,0.3650123063308554,anti-toxic
GRGHCSSCG,0.3650123063308554,anti-toxic
GICDCGNYG,0.3650123063308554,anti-toxic
GCCFDNSFC,0.3650123063308554,anti-toxic
GCVDSDCGG,0.3649837032760881,anti-toxic
GGYRLYFDR,0.3649712751548692,anti-toxic
GCGDRSHHH,0.3649598869606163,anti-toxic
GVCLSLDDH,0.3649545428830209,anti-toxic
GFNGHVGVL,0.36493974856911227,anti-toxic
GCNLDCGFF,0.36493974856911227,anti-toxic
GLNDVGLYG,0.36493974856911227,anti-toxic
GCLSVVYVS,0.36493974856911227,anti-toxic
GNFFCVGIG,0.3649265739575775,anti-toxic
GYYVSLGHR,0.3649147668623031,anti-toxic
GHYDFGVFS,0.364898654302585,anti-toxic
GNHDCSYFS,0.36488739975551215,anti-toxic
GGLCLFSCG,0.3648635498704515,anti-toxic
GFYDYSHNY,0.3648635498704515,anti-toxic
GHVDLVGCR,0.3648284426005643,anti-toxic
GVSLVSGVR,0.36482399843998803,anti-toxic
GDICIDVYS,0.3647908828441122,anti-toxic
GSCIFHCVD,0.36476999426338075,anti-toxic
GHVRHFHVD,0.36476690754941254,anti-toxic
GNFDCYGFC,0.3647579403061104,anti-toxic
GFGHHSDFC,0.3647538058875805,anti-toxic
GVDSIIRDR,0.3647524666129632,anti-toxic
GFYLFHNYG,0.3647502141241627,anti-toxic
GCIVCNVCD,0.364745631194217,anti-toxic
GYCCVVGVN,0.36472935156124925,anti-toxic
GCRIDYHYS,0.3646990755333585,anti-toxic
GVDVSGSFD,0.3646990755333585,anti-toxic
GFGGNGDFN,0.3646990755333585,anti-toxic
GYLCSLGFC,0.3646990755333585,anti-toxic
GYLVRVHVH,0.364655205188162,anti-toxic
GGFIIGGGD,0.36465115867096054,anti-toxic
GIYIFNGFH,0.36462529999138293,anti-toxic
GYNIFSHCN,0.3646171563627104,anti-toxic
GGVYDNDGF,0.3646130885447585,anti-toxic
GSCRYVFFD,0.3646130885447585,anti-toxic
GLGGLSGIV,0.36459177609318244,anti-toxic
GYCCGFDHG,0.3645794186978024,anti-toxic
GCNCSYYDN,0.3645638444932176,anti-toxic
GYRCVDSCR,0.36455929616880994,anti-toxic
GGFRDYNYD,0.36455099535397195,anti-toxic
GFVCRVGDH,0.36455099535397195,anti-toxic
GFIDVRINV,0.3645436094562004,anti-toxic
GVYCRFDNR,0.3645310374264436,anti-toxic
GHFGYVGFC,0.36452827501127527,anti-toxic
GLGGCCGCS,0.36450074239089697,anti-toxic
GFGRYVGGH,0.3644169745283741,anti-toxic
GFVYCCHGD,0.3644169745283741,anti-toxic
GLYCDCCDD,0.3644169745283741,anti-toxic
GFVFLDDYF,0.3644169745283741,anti-toxic
GLRVIDYDR,0.3643826035511964,anti-toxic
GFNHYCGDR,0.3643546251661389,anti-toxic
GYYGDNICD,0.3643546251661389,anti-toxic
GRRLGCSFG,0.3643546251661389,anti-toxic
GFGRGYVDS,0.36431183120818905,anti-toxic
GISVCNFNR,0.36431183120818905,anti-toxic
GVCFYGVFD,0.36431183120818905,anti-toxic
GRVRVLDHY,0.36431183120818905,anti-toxic
GDVCGSVVN,0.3642900527821933,anti-toxic
GNSSYCVFR,0.36428827561443683,anti-toxic
GCIFGCVVS,0.36428063973463065,anti-toxic
GCHSLSGIF,0.36426308063487595,anti-toxic
GVRVCLDVG,0.3642616686968684,anti-toxic
GHCLCCHDS,0.364256895469465,anti-toxic
GVCVDIVFR,0.3642439832964898,anti-toxic
GFYYCDVCG,0.3642382157351925,anti-toxic
GVDVSDHDI,0.36422313632747566,anti-toxic
GGFDRVDVG,0.36417133284654074,anti-toxic
GVGNVHSVG,0.3641607227126688,anti-toxic
GIGCCVGLG,0.36411997324188883,anti-toxic
GYYGFFRNG,0.36410872376527126,anti-toxic
GRIDCRYID,0.3640817414110702,anti-toxic
GDYFRYRCG,0.3640817414110702,anti-toxic
GVDRYYCCD,0.3640817414110702,anti-toxic
GFHRNFDRY,0.3640817414110702,anti-toxic
GCCFSSVVH,0.3640817414110702,anti-toxic
GIRCRYVGC,0.3640817414110702,anti-toxic
GVSDVRDSG,0.3640817414110702,anti-toxic
GCDGCCLYG,0.3640817414110702,anti-toxic
GLNFDIHDC,0.3640817414110702,anti-toxic
GVCGFGFLY,0.3640579320592426,anti-toxic
GCLYGSCVF,0.364046491666162,anti-toxic
GFNDCSGYC,0.364028626449602,anti-toxic
GRISNCDCG,0.364013888199167,anti-toxic
GRCLHYGLD,0.3639984874125591,anti-toxic
GIGGYCRFR,0.3639984874125591,anti-toxic
GCCFDGVVR,0.3639878297484914,anti-toxic
GHLDCDVCS,0.36397404284092044,anti-toxic
GGLRSVGLR,0.36395551136167026,anti-toxic
GLFDFVCDD,0.3639368074928543,anti-toxic
GLLCCHGFR,0.36392927713641215,anti-toxic
GVSFSGGFC,0.36391159665594464,anti-toxic
GCDDDFDCC,0.36391159665594464,anti-toxic
GVCVVNLFG,0.3639075568012259,anti-toxic
GFIGIFVDD,0.3639047552718674,anti-toxic
GSCYLHSVG,0.3638892776446129,anti-toxic
GICGLCGCR,0.3638892776446129,anti-toxic
GFNCGCFYD,0.3638448934932898,anti-toxic
GCHSGRDGG,0.36382082552343664,anti-toxic
GCIVVFNFY,0.3637953619203745,anti-toxic
GCIRGCVYG,0.3637953619203745,anti-toxic
GVCVHDCSG,0.3637953619203745,anti-toxic
GGHFDSDFF,0.3637927983876841,anti-toxic
GIYIGCFCD,0.36376439066117766,anti-toxic
GLIGCLSFG,0.36376439066117766,anti-toxic
GRCDDGDSS,0.36376439066117766,anti-toxic
GFGLRCGNY,0.36375902121189124,anti-toxic
GNYGICDVG,0.36375004164553515,anti-toxic
GRYSVCCSN,0.36374836680839556,anti-toxic
GIYLGSDDR,0.3637434869991644,anti-toxic
GDLFHCGGR,0.3637064019996808,anti-toxic
GFYVDGFFR,0.36369117708554516,anti-toxic
GCGVINSCG,0.3636888529752556,anti-toxic
GLSLGLGVF,0.3636768048018703,anti-toxic
GYLCRYDCY,0.3636768048018703,anti-toxic
GLCVGNNGD,0.3636531471969671,anti-toxic
GVLDVCGFY,0.3636531471969671,anti-toxic
GCSRHCHFR,0.36364214027841313,anti-toxic
GFFVFCHDF,0.36362018969529775,anti-toxic
GRGYRRSFD,0.36361197989214433,anti-toxic
GVCFNIDGD,0.36361197989214433,anti-toxic
GFGCFVRGG,0.3635854993286226,anti-toxic
GVSFGNFFH,0.3635548396405122,anti-toxic
GIYIVYGID,0.3635526945897653,anti-toxic
GIYGYGFVG,0.3635383768952893,anti-toxic
GYGCIRFHG,0.36352244386834437,anti-toxic
GFGYVDHSG,0.36350785970588007,anti-toxic
GFVNYVSGG,0.3635055482087533,anti-toxic
GVYNVYGYV,0.36347628406791793,anti-toxic
GDCSYLYDN,0.363441031461713,anti-toxic
GCDNRLHFF,0.363441031461713,anti-toxic
GHGVRCHLF,0.3634291575438737,anti-toxic
GFHIRLCDG,0.36336405521546283,anti-toxic
GFFDCVGYC,0.36335658765784923,anti-toxic
GCHCYCGHS,0.36335658765784923,anti-toxic
GVFCFGDDG,0.36335658765784923,anti-toxic
GFRGVNCVF,0.36335658765784923,anti-toxic
GFYVGSYFY,0.3633458105849939,anti-toxic
GLCCGDIYD,0.36334331642431056,anti-toxic
GRNDGFCSC,0.3633342828316923,anti-toxic
GVCGLVLYN,0.36333188024883084,anti-toxic
GFRLSDSIY,0.36333188024883084,anti-toxic
GSCRGGVVV,0.36333188024883084,anti-toxic
GRRYLCGGY,0.36331317557445614,anti-toxic
GGNCVYGLR,0.3632985230168237,anti-toxic
GFVDGFIDD,0.36329232593658156,anti-toxic
GVFVHCGIG,0.36328946020483477,anti-toxic
GYVLGGVVF,0.3632867345101007,anti-toxic
GCFIVDSLY,0.3632728197953264,anti-toxic
GCYVFDLFY,0.36327083938769417,anti-toxic
GVNIRNLFG,0.36327083938769417,anti-toxic
GFFIRFCGD,0.36325614662201006,anti-toxic
GDFHFDFVH,0.36325349104445037,anti-toxic
GFRRNYRVG,0.36321781735076136,anti-toxic
GDICSSHVN,0.36321355731058413,anti-toxic
GFGDGVCDG,0.3631779024128256,anti-toxic
GIDYNCSYS,0.3631779024128256,anti-toxic
GFYHCSFFS,0.3631779024128256,anti-toxic
GVDFSGDLS,0.3631779024128256,anti-toxic
GFGHVFFVR,0.3631779024128256,anti-toxic
GLYFFDCVH,0.3631779024128256,anti-toxic
GCVHSSGRR,0.3631779024128256,anti-toxic
GDRRSYGLR,0.3631779024128256,anti-toxic
GCNCFVGFY,0.3631779024128256,anti-toxic
GFCCVDNGH,0.3631779024128256,anti-toxic
GRCHYGRVR,0.3631779024128256,anti-toxic
GSSHVVGVN,0.3631779024128256,anti-toxic
GCSYIDLGG,0.3631779024128256,anti-toxic
GNNYVGFVH,0.36315756979820535,anti-toxic
GFFRVRVRG,0.363128265921326,anti-toxic
GFGSGNIDN,0.3631267457507837,anti-toxic
GYCCRLVGG,0.36310249751951995,anti-toxic
GRFFVGGIS,0.36309068592856764,anti-toxic
GYSVCFCFY,0.3630809199303809,anti-toxic
GFISHHHDR,0.363061920443408,anti-toxic
GLRGIDIYG,0.36305774900718907,anti-toxic
GHGCSNCVF,0.36305774900718907,anti-toxic
GLYGDDIVN,0.36305089715328526,anti-toxic
GVGVYLGCG,0.36305089715328526,anti-toxic
GRGCGSSGG,0.3630404456995708,anti-toxic
GGYNVDDGC,0.3630048422463981,anti-toxic
GLCVRGDGY,0.3629920019397425,anti-toxic
GDCLCDGIG,0.3629742473179316,anti-toxic
GFDSYNDDF,0.36294434796680797,anti-toxic
GVYIVNFDD,0.3629341221752132,anti-toxic
GVFRCYGHG,0.36293293043195607,anti-toxic
GCVYGFGGH,0.3628823634549061,anti-toxic
GFCGFVCDG,0.3628823634549061,anti-toxic
GLVNYDRCS,0.36287891342863604,anti-toxic
GDLRVLGFR,0.36286579713032874,anti-toxic
GVFLGFHGN,0.36286136123124435,anti-toxic
GDLHRSDGL,0.362853681060027,anti-toxic
GCIDDFFRY,0.3628371456421833,anti-toxic
GHDCCFHHL,0.3628188329571475,anti-toxic
GYCYYFVFN,0.3628188329571475,anti-toxic
GGHLCDFDH,0.36280655182850413,anti-toxic
GVLYNGVVY,0.3627755916087866,anti-toxic
GLVHRGDGG,0.3627755916087866,anti-toxic
GCYCGFYDD,0.3627498151609111,anti-toxic
GCIYSLGDS,0.3627356473013864,anti-toxic
GCDIVFYGV,0.3627356473013864,anti-toxic
GVINIVGFH,0.3627356473013864,anti-toxic
GLGRCVGDR,0.36272589100999414,anti-toxic
GFHCGLYGR,0.3627125453022371,anti-toxic
GSNICCRGR,0.3626965441791617,anti-toxic
GHLFGGDDN,0.36268689672807336,anti-toxic
GCFLCDCVD,0.3626305873033332,anti-toxic
GYFVLDDDF,0.36261204633029465,anti-toxic
GNHGIVRRG,0.3626067696506245,anti-toxic
GHLRFCSVG,0.3625951243375826,anti-toxic
GISGINNGH,0.362589626695511,anti-toxic
GSRRNVILH,0.36254803358319615,anti-toxic
GVFSNCFVD,0.36254803358319615,anti-toxic
GYSRRNFCG,0.36254803358319615,anti-toxic
GRHSGSFCN,0.36254803358319615,anti-toxic
GYHFCCFFR,0.36254803358319615,anti-toxic
GLSDRYFIR,0.36254803358319615,anti-toxic
GLGLGGFYD,0.36253345284820954,anti-toxic
GYYHIVDVG,0.36251938146496687,anti-toxic
GGNCGDDGF,0.3625138895930922,anti-toxic
GFGYFCVGS,0.36251027048748924,anti-toxic
GGVDFSDCD,0.3624676905098187,anti-toxic
GGCRDGCCG,0.3624676905098187,anti-toxic
GCFVCGSFD,0.36246389570550824,anti-toxic
GLSGSFVGG,0.36245748010457296,anti-toxic
GIFYLCVDG,0.36244429669463335,anti-toxic
GLCFNISCG,0.36243615247691546,anti-toxic
GHIVCRGYV,0.3624266205318314,anti-toxic
GFFRRCSRN,0.36241930923845994,anti-toxic
GCSICDRSG,0.3624016832930485,anti-toxic
GLHFYCCVY,0.36238222260333575,anti-toxic
GCDFCYGGG,0.3623638544108415,anti-toxic
GFYGSCSYY,0.36234648923033164,anti-toxic
GYHYVNNCD,0.36234648923033164,anti-toxic
GDNVFCGSD,0.36234648923033164,anti-toxic
GFCIFHDVD,0.36233082884234563,anti-toxic
GRFYNSYCY,0.36232550865164803,anti-toxic
GRFCRRSCG,0.3622996524029039,anti-toxic
GGGRRRCLF,0.3622996524029039,anti-toxic
GCLHFFNVD,0.3622996524029039,anti-toxic
GCYHYFCCN,0.36228612698264073,anti-toxic
GNVDIHDCD,0.3622648070960369,anti-toxic
GDRDYDLVI,0.36224722354041455,anti-toxic
GNHVCFHDD,0.3622304652810129,anti-toxic
GVGGDCYCD,0.3622244564055031,anti-toxic
GDVVDYVDR,0.36221858950357316,anti-toxic
GFCCYDHFG,0.3622152988080182,anti-toxic
GVFRYCDDH,0.36219381726605665,anti-toxic
GFIRFSGYY,0.3621732091953542,anti-toxic
GDYGLSLCN,0.3621667390179634,anti-toxic
GCDSVGLID,0.3621667390179634,anti-toxic
GFRFFDVRC,0.3621667390179634,anti-toxic
GRIFCVCDD,0.3621667390179634,anti-toxic
GDIFDGGIS,0.3621667390179634,anti-toxic
GNNCIFSVY,0.3621503700044529,anti-toxic
GCFFDCDCG,0.36211735370043197,anti-toxic
GINGGVFDH,0.3620955186826223,anti-toxic
GGVGGCCCD,0.362091583685512,anti-toxic
GHHVRLRIG,0.3620839610739592,anti-toxic
GCSIGCCDN,0.3620839610739592,anti-toxic
GLYIDGSCG,0.3620628967120342,anti-toxic
GSDDSCVVV,0.3620532721376568,anti-toxic
GFFIFLHHG,0.362041681215097,anti-toxic
GFLCRGGGS,0.36202745278139314,anti-toxic
GFNGSRCFD,0.36202745278139314,anti-toxic
GDCCLHGDG,0.36202745278139314,anti-toxic
GNRCLCGDR,0.36202745278139314,anti-toxic
GCYYCIDCY,0.3620197332943392,anti-toxic
GLSYVIDGC,0.3619987902627778,anti-toxic
GYCRVDDCH,0.3619987902627778,anti-toxic
GCIYVCGVR,0.3619937034773214,anti-toxic
GDIICNDDD,0.36198642160540695,anti-toxic
GLRSCLYVD,0.36198642160540695,anti-toxic
GNCCFNCHG,0.36197786163296325,anti-toxic
GFFGCFHGN,0.3619698502238575,anti-toxic
GFCFGCSCG,0.3619552748716537,anti-toxic
GHRVGGGHD,0.36193836901771,anti-toxic
GFICDLVGY,0.36193082479525573,anti-toxic
GICFHVGDH,0.36193082479525573,anti-toxic
GDYLYDGND,0.36191567965456256,anti-toxic
GCCVHFVDG,0.3618813240848923,anti-toxic
GFCNHDCGY,0.3618562685135469,anti-toxic
GFFVYCDFR,0.3618512326605322,anti-toxic
GILGLDHHY,0.361847328240634,anti-toxic
GRFFGGCLG,0.3618310061052389,anti-toxic
GDIHYDCGS,0.3618282625371532,anti-toxic
GCVDGCSDG,0.3618125020636556,anti-toxic
GYDLLCVFD,0.3618055342881111,anti-toxic
GGDDYCDCD,0.3617945530439017,anti-toxic
GISGRYDSH,0.36175967695619754,anti-toxic
GFFHYLDGC,0.36172783601759284,anti-toxic
GGYCRSFYD,0.36172783601759284,anti-toxic
GGFRCVHYG,0.36172783601759284,anti-toxic
GRNRHRIGC,0.36172783601759284,anti-toxic
GGYDVYHYI,0.36170654759417237,anti-toxic
GVYRCIIYS,0.3616846247860858,anti-toxic
GIVRGFFCD,0.3616596632709018,anti-toxic
GLHHCSVFN,0.3616543575499608,anti-toxic
GLCDFIVVD,0.3616408117748604,anti-toxic
GSNSYVCYD,0.3616343488830368,anti-toxic
GLCGIDSGN,0.3616147532199475,anti-toxic
GFCSVFCSD,0.36161126254168074,anti-toxic
GRFGGFVHY,0.36159936552947863,anti-toxic
GRVYRDFGY,0.36158998663319375,anti-toxic
GRDVGDLGG,0.3615664182562463,anti-toxic
GFFVYDVCN,0.36156168369194075,anti-toxic
GVDCILDHY,0.3615331287819158,anti-toxic
GYRVYDLDN,0.36151875578476395,anti-toxic
GLGVCNSVD,0.3615107430453626,anti-toxic
GIDDFIDCV,0.36148254118932477,anti-toxic
GRIRFGHVL,0.36148254118932477,anti-toxic
GYGCGDCCN,0.36148254118932477,anti-toxic
GRYFCGGHG,0.36148254118932477,anti-toxic
GCFVFLDYF,0.3614655016804691,anti-toxic
GYSIDLFGY,0.3614416452448618,anti-toxic
GVVSRRVGG,0.36143872395860577,anti-toxic
GYDYFVSCD,0.36143498740103247,anti-toxic
GCDVHDFDR,0.3614231748462751,anti-toxic
GCDIDDLID,0.3614147557575582,anti-toxic
GCNVFVDDI,0.3614103692769188,anti-toxic
GLFDVFYLR,0.3614103692769188,anti-toxic
GFGNYCILG,0.36139643998327287,anti-toxic
GGFCLYVSG,0.3613843844521224,anti-toxic
GFHIGLNFG,0.36135743558413547,anti-toxic
GLDNYDSGI,0.3613258975512323,anti-toxic
GVCNRHGFN,0.3613258975512323,anti-toxic
GRCFGVGNS,0.3613258975512323,anti-toxic
GLCGRVVYV,0.3613258975512323,anti-toxic
GCHVDNDIY,0.36128490433013927,anti-toxic
GSRDRHSGN,0.36127802294589206,anti-toxic
GFLIFRVYD,0.36127122461329847,anti-toxic
GICDIDVSD,0.36126704607314186,anti-toxic
GGYVRVDDC,0.36125482407395987,anti-toxic
GVDYDGRFC,0.36124953808168986,anti-toxic
GIGFRGFVN,0.36124953808168986,anti-toxic
GRGINSFDD,0.3612392241356726,anti-toxic
GYLDHIGIR,0.3612392241356726,anti-toxic
GYFDYGDGS,0.3612240140563285,anti-toxic
GIRLDDFVG,0.36121720164729776,anti-toxic
GVYGDNGSD,0.36121720164729776,anti-toxic
GIYCIDVCG,0.36121720164729776,anti-toxic
GRHFSIFSR,0.36121720164729776,anti-toxic
GNIRSGFDG,0.36118017581651496,anti-toxic
GLYFNLGVN,0.3611721168350452,anti-toxic
GFFYYFVGS,0.361150261813851,anti-toxic
GCGIDFYCV,0.36113736076428893,anti-toxic
GCFRYVLSG,0.36113736076428893,anti-toxic
GCIVCVRSG,0.36113736076428893,anti-toxic
GHCDSVNYG,0.3610949512645332,anti-toxic
GRGRIVGDD,0.36108728356828035,anti-toxic
GRRDCRGCS,0.36108119013137396,anti-toxic
GCSIRDSVF,0.3610459784426675,anti-toxic
GYYNYSGLY,0.3610279253392666,anti-toxic
GFINGFRCG,0.3610279253392666,anti-toxic
GGCGIFCVD,0.3610279253392666,anti-toxic
GVYGDDSIS,0.3610279253392666,anti-toxic
GCYGHSCFY,0.3610279253392666,anti-toxic
GDYCFGVLD,0.36100351786001755,anti-toxic
GHCYVRYYD,0.360988790896176,anti-toxic
GCFNIYFYD,0.36098183901440734,anti-toxic
GGDGRLDNH,0.36097734658396535,anti-toxic
GHCGGYGIG,0.36095644241886765,anti-toxic
GYFRNVDDF,0.3609450209805337,anti-toxic
GFGGVFGGH,0.36093623045433176,anti-toxic
GNVVHNRCY,0.36092925568488254,anti-toxic
GSCNRFIDV,0.36092925568488254,anti-toxic
GVCDLHSVG,0.36092925568488254,anti-toxic
GFGNGDGGY,0.3609060865162194,anti-toxic
GHHSDYLHR,0.3609060865162194,anti-toxic
GSFIRGRDV,0.36086869729645515,anti-toxic
GFYSFCRGG,0.36086869729645515,anti-toxic
GHFCDDGIY,0.36086869729645515,anti-toxic
GYCRVFVSS,0.36085546649379446,anti-toxic
GLFGDDFVC,0.36085339473018785,anti-toxic
GYCCCFHDG,0.3608493567817121,anti-toxic
GYCLCDYGR,0.360839837643861,anti-toxic
GHRSRLLSG,0.3608277435049303,anti-toxic
GFCNDSFYR,0.3608277435049303,anti-toxic
GFFCHVDVG,0.3608057667075214,anti-toxic
GCDDLRGHR,0.360776821068584,anti-toxic
GVLSLLGHV,0.36077588280308603,anti-toxic
GFGFCNSFH,0.36077588280308603,anti-toxic
GCHHHNFCL,0.36075842828941274,anti-toxic
GFLGFCSGG,0.36075842828941274,anti-toxic
GIYIDCHVN,0.3607403217466279,anti-toxic
GDLYHIHSG,0.36073288831575706,anti-toxic
GGSHNDSGD,0.36071510066111295,anti-toxic
GCDVFINGG,0.3606522347315124,anti-toxic
GCLGFYDDV,0.36061568564822527,anti-toxic
GLVGYHRSG,0.36061568564822527,anti-toxic
GHVVRSVGG,0.36061568564822527,anti-toxic
GHCSFVSFG,0.36061568564822527,anti-toxic
GGVSVFDFF,0.36061568564822527,anti-toxic
GRCGFRGFN,0.360610106576345,anti-toxic
GHGYCGGHG,0.3605668418668204,anti-toxic
GCIDGGLYN,0.36055565046954197,anti-toxic
GFDFRHGVC,0.3605460815961646,anti-toxic
GYLDCHDDY,0.3605328840308337,anti-toxic
GYYVLLGFV,0.36052729763898494,anti-toxic
GGGNRYVYG,0.36050486796915926,anti-toxic
GRDCGGDGS,0.360499974069068,anti-toxic
GSNDLGVCG,0.36049736136675825,anti-toxic
GFFGGLHVF,0.36049462795213744,anti-toxic
GFFLCHYFR,0.3604671835158489,anti-toxic
GYVFFFGFS,0.3604671835158489,anti-toxic
GCNLFDFVR,0.360458261276079,anti-toxic
GDFFFDYYS,0.36043676115011175,anti-toxic
GILSSNSHS,0.3604236474041485,anti-toxic
GDLDLCDGH,0.3604236474041485,anti-toxic
GCYLHGVLG,0.3604122894398226,anti-toxic
GNRVYGNGG,0.3604116861696736,anti-toxic
GYNFFSVSI,0.3604084593616247,anti-toxic
GLYNRGGFI,0.3603826575362315,anti-toxic
GFHDFCCVN,0.3603695218429082,anti-toxic
GVCGHIIFG,0.36034399687996316,anti-toxic
GGLDVFFVN,0.3603249573662095,anti-toxic
GFFNCCGRY,0.36031256612316254,anti-toxic
GRISNLFCI,0.3603038585516712,anti-toxic
GDCGGRGCD,0.3602899566283034,anti-toxic
GRFRSRLLC,0.3602899566283034,anti-toxic
GVDNVGGFL,0.36027291176941845,anti-toxic
GCYLHDVSG,0.3602401607809859,anti-toxic
GLFCGFGGN,0.3602401607809859,anti-toxic
GDDDVDNYV,0.3602213205978321,anti-toxic
GGCVDDHID,0.3602090809168082,anti-toxic
GCVCYCSCG,0.3602004901272107,anti-toxic
GLCDFLRFN,0.36017733639889554,anti-toxic
GVHVLVDGF,0.36017174618566566,anti-toxic
GGVSVDGCV,0.3601690337591098,anti-toxic
GLIISSRVN,0.3601514477826378,anti-toxic
GCSRCFRDS,0.3601359949376504,anti-toxic
GCFNCSGVH,0.36010076277564756,anti-toxic
GRYRCFHCR,0.3600861845047476,anti-toxic
GLFLLFNDY,0.3600827791949537,anti-toxic
GVFCYDLFS,0.36007477826493434,anti-toxic
GLCYCSDGN,0.36007247797027303,anti-toxic
GLNDGLICS,0.36006466698868267,anti-toxic
GFDIRNHCR,0.36005946825418417,anti-toxic
GLLNHVSGG,0.3600585406303093,anti-toxic
GGFFYDNHC,0.36005417048759497,anti-toxic
GYFCIFDHR,0.3600514835787431,anti-toxic
GLNSSYRSG,0.3600514835787431,anti-toxic
GCRVVGDSS,0.3600335771123788,anti-toxic
GVLNCGYCD,0.36002312912846063,anti-toxic
GYVVSGYYD,0.3600184122533686,anti-toxic
GLVRVCGDD,0.36001759218536816,anti-toxic
GCDSSVFVV,0.36000785562331905,anti-toxic
GCGNGGCVN,0.35999412320859236,anti-toxic
GFNDGLVIN,0.35998340967572295,anti-toxic
GFFVYCSGS,0.35995264050889675,anti-toxic
GDCCYVDGG,0.35994893228262714,anti-toxic
GLSDGGRFD,0.3599379828081247,anti-toxic
GFNHGSDGS,0.3599379828081247,anti-toxic
GCDCCLFFR,0.35992203515433047,anti-toxic
GCFLDCCLY,0.35991001018968866,anti-toxic
GNCLCVGLR,0.35990841784797833,anti-toxic
GDGLNDCID,0.35989665488480266,anti-toxic
GDCGGCCDS,0.35989665488480266,anti-toxic
GFYCCYSLR,0.35989665488480266,anti-toxic
GYCCCCRYG,0.35984995906389816,anti-toxic
GICGLSDGY,0.3598412118563348,anti-toxic
GGHVYRSYG,0.35981954522013043,anti-toxic
GGHFNFGID,0.3598079962171673,anti-toxic
GNSVIRRYG,0.3598079962171673,anti-toxic
GIYCLYGID,0.3597967768916289,anti-toxic
GLYVVFHDI,0.3597752723741873,anti-toxic
GYRDSIIFR,0.3597700814690614,anti-toxic
GDLRSIDGR,0.35976293323586583,anti-toxic
GSHIYGGLN,0.3597291476211028,anti-toxic
GCIDCSVYV,0.3597213523548115,anti-toxic
GFIGLGSVF,0.3597125447822673,anti-toxic
GSVFCVDGY,0.3596816862637119,anti-toxic
GVNICFGCD,0.35966467545381947,anti-toxic
GCRCYVFDN,0.35966202305510625,anti-toxic
GYCGDDGIY,0.3596576507062411,anti-toxic
GFISFYNGG,0.3596576507062411,anti-toxic
GFLVVDVCG,0.35964908279671687,anti-toxic
GFDIGYSVG,0.3596384004909544,anti-toxic
GYISFGVDN,0.35960383690699865,anti-toxic
GCLSYGCCG,0.3595894253852931,anti-toxic
GFLCCYYDD,0.35958124018439375,anti-toxic
GLFRSRFLG,0.35957679406743054,anti-toxic
GGHLDCDGF,0.35956447173396205,anti-toxic
GFNCIYSGN,0.3595436177577316,anti-toxic
GRDCLVGFC,0.35951073783328064,anti-toxic
GGGYCSRFG,0.35948175685286193,anti-toxic
GIFSSGYVC,0.35948175685286193,anti-toxic
GGRNCLNSG,0.35948175685286193,anti-toxic
GFGCDFGLY,0.3594728454147243,anti-toxic
GFFFNGCFD,0.3594330117513008,anti-toxic
GFCVYNSVS,0.3594123197303376,anti-toxic
GVDHRLNCG,0.35939964478047964,anti-toxic
GFCGILHDD,0.35939720792199703,anti-toxic
GCIHRLVCG,0.3593611027384859,anti-toxic
GVRYFNFHY,0.3593611027384859,anti-toxic
GVRYYSGIH,0.3593468917641255,anti-toxic
GFFDGSGHY,0.35931060631590667,anti-toxic
GFFICDNGR,0.35931060631590667,anti-toxic
GCGVLSFVV,0.35930024734962385,anti-toxic
GFCYYDGHF,0.3592906061095017,anti-toxic
GRSCCGGDG,0.3592906061095017,anti-toxic
GLFVDSIVD,0.35926279364067015,anti-toxic
GNCFYFNVN,0.3592579081361462,anti-toxic
GCYGDGHYG,0.3592579081361462,anti-toxic
GDGGDHSCG,0.35924437259884934,anti-toxic
GGVNVDIVD,0.35923230567891407,anti-toxic
GCICVFDGH,0.35922148065661996,anti-toxic
GLICGNRFF,0.3591974033464598,anti-toxic
GSDFSVGCN,0.3591839625957587,anti-toxic
GYIYGLFGH,0.3591839625957587,anti-toxic
GFNCVRGCS,0.35917146733996136,anti-toxic
GFLLSVGHD,0.35911226072079216,anti-toxic
GGDHHYCHD,0.3590747476124793,anti-toxic
GGISNFDFR,0.3590219426416679,anti-toxic
GVLGVSFDY,0.3590219426416679,anti-toxic
GCIRVDVCL,0.3590219426416679,anti-toxic
GRSRLLNFR,0.3590219426416679,anti-toxic
GYCFRFYVD,0.3590219426416679,anti-toxic
GRCVNVDDF,0.3590219426416679,anti-toxic
GRVRHVFDG,0.3590219426416679,anti-toxic
GLFGRVFHH,0.3590219426416679,anti-toxic
GCGVSFVGN,0.3590219426416679,anti-toxic
GCFIGGYYG,0.3590219426416679,anti-toxic
GRCHLNFYS,0.3590219426416679,anti-toxic
GYRHSGRGG,0.3590219426416679,anti-toxic
GLCCYCGIR,0.3590219426416679,anti-toxic
GFIDHDFDH,0.3590219426416679,anti-toxic
GSFDYFYVN,0.3590219426416679,anti-toxic
GVCRYCFFD,0.3590219426416679,anti-toxic
GVIIFDFDR,0.3590219426416679,anti-toxic
GGCLNNCFG,0.3590219426416679,anti-toxic
GYCFIDNGG,0.3590219426416679,anti-toxic
GYVCRFLSG,0.35895896033688013,anti-toxic
GFNDILGDG,0.358950880793861,anti-toxic
GFIVCFGDS,0.35892226141666284,anti-toxic
GNSVSVDGS,0.35888620440586905,anti-toxic
GYCIGYGIG,0.35888378629187767,anti-toxic
GSILRYYGN,0.3588641034678778,anti-toxic
GGFLCCRDG,0.3588334058547247,anti-toxic
GVRYVYVGV,0.3588334058547247,anti-toxic
GFCYCYCFG,0.35882377039004176,anti-toxic
GCFGDVCFD,0.3588185736461918,anti-toxic
GIRGRVYDS,0.35880731724471115,anti-toxic
GVRGRGVVL,0.3587806008839133,anti-toxic
GFCGFLFVD,0.35875574926410136,anti-toxic
GFFILSFDY,0.35875574926410136,anti-toxic
GLSFYVGFL,0.35873612855968173,anti-toxic
GHLVFYNDF,0.35873612855968173,anti-toxic
GRCFRNSDH,0.3587251920446057,anti-toxic
GFYCVCGFF,0.3587251920446057,anti-toxic
GCIVRSNGD,0.358708395243814,anti-toxic
GRRFVFDHD,0.35868670952436404,anti-toxic
GGDNLGNVG,0.3586715638554963,anti-toxic
GCIHHDVSG,0.3586662065273863,anti-toxic
GCFYVDCCG,0.35865498488269737,anti-toxic
GCNVGVDFD,0.35864910431694924,anti-toxic
GLYCFSGVC,0.3586235682227516,anti-toxic
GVCVSDCVG,0.3586166281167724,anti-toxic
GVNCFDNDD,0.3586166281167724,anti-toxic
GLILGVCYD,0.35859030985950574,anti-toxic
GDFGHNHGR,0.3585693167727631,anti-toxic
GFSDGDGHV,0.35855370056730296,anti-toxic
GCLSFDHYH,0.35854126247981044,anti-toxic
GNYVFSVCG,0.35853522906175284,anti-toxic
GGFSRFDGV,0.35850950071566107,anti-toxic
GHYYSGGYF,0.358504945855996,anti-toxic
GIHNVGGFC,0.3584955888238715,anti-toxic
GCYDHCVVS,0.3584919920183697,anti-toxic
GCSVGHVCD,0.3584870073183461,anti-toxic
GCVYVSNFD,0.3584809004863519,anti-toxic
GCLSCDDVH,0.358473244549851,anti-toxic
GFCLYRCSS,0.358431467388364,anti-toxic
GHYCVDGIY,0.358431467388364,anti-toxic
GCIVISSCG,0.358431467388364,anti-toxic
GCFCHISGG,0.3584254115073091,anti-toxic
GFYCRDVCF,0.3583720929290599,anti-toxic
GFGFYIGYV,0.3583693587744715,anti-toxic
GGHRSCDCG,0.35835533547793974,anti-toxic
GFVFRRGCR,0.3583539684286164,anti-toxic
GDFIVRFVD,0.3583495559430243,anti-toxic
GVCCFDRGD,0.3583495559430243,anti-toxic
GVDYFCGYY,0.35832539961841353,anti-toxic
GLYGFDVGY,0.35832539961841353,anti-toxic
GCVFDCFHR,0.35832539961841353,anti-toxic
GDGIRYGGH,0.3583039025521103,anti-toxic
GDDNRIGIR,0.3582994429210444,anti-toxic
GRYRNLYGV,0.3582810363228131,anti-toxic
GHFRGGGGH,0.3582810363228131,anti-toxic
GFNLINHVR,0.3582750903821102,anti-toxic
GCVVFDCCG,0.3582566658235557,anti-toxic
GNYSLGYLR,0.3582566658235557,anti-toxic
GVHNIFVCG,0.35823730921793645,anti-toxic
GHYVCGVDD,0.3582169480054382,anti-toxic
GVLCGRRGS,0.3582169480054382,anti-toxic
GICYDCGYH,0.35820850452803604,anti-toxic
GVDDYYLIV,0.3581969671224596,anti-toxic
GYFNIGSCG,0.3581728818005499,anti-toxic
GLNNCYVIF,0.3581728818005499,anti-toxic
GFFNYVGGC,0.3581728818005499,anti-toxic
GCVGCFRFR,0.3581237117487676,anti-toxic
GHFCLYCDG,0.35810603126830015,anti-toxic
GSSNVLCDG,0.35809137772188276,anti-toxic
GSVVFLRYD,0.35809137772188276,anti-toxic
GFNFNFDFR,0.35807903507677935,anti-toxic
GRYYGVYDR,0.35806849663434537,anti-toxic
GVCVNFVHR,0.35806849663434537,anti-toxic
GSRGGDVDI,0.35805771996262675,anti-toxic
GNCDSCGGN,0.3580444619636564,anti-toxic
GIYGYFCSG,0.3580337863976019,anti-toxic
GHYCCFVVG,0.3580306754390384,anti-toxic
GIRVSYCDD,0.35802775415278226,anti-toxic
GCGIFDSDD,0.357987571837462,anti-toxic
GVIVRCHGY,0.35798609421060273,anti-toxic
GCIDSFDGR,0.3579644926867961,anti-toxic
GVYHNFCDN,0.3579464438036669,anti-toxic
GCFDSVFDH,0.35793484700045375,anti-toxic
GRLFCFSHN,0.35793484700045375,anti-toxic
GFGFNGVVG,0.35793484700045375,anti-toxic
GDLRIIVFR,0.3578953674784137,anti-toxic
GCNYDVFFH,0.35788949224275984,anti-toxic
GCNHCYLHD,0.35787027269628263,anti-toxic
GSSVCIHSG,0.35787027269628263,anti-toxic
GCLLGNFVH,0.35783221936793197,anti-toxic
GHCGHGCCD,0.35781657278129636,anti-toxic
GDGGIDGYD,0.35780346158668414,anti-toxic
GYYIRLCNR,0.35779754238916045,anti-toxic
GCSIVFVNS,0.3577856140075482,anti-toxic
GCDGCFCDN,0.35775762011290835,anti-toxic
GFFVDYSSS,0.35775762011290835,anti-toxic
GLDFIYSCN,0.3577493212015086,anti-toxic
GLSVCYVDH,0.35774156338005125,anti-toxic
GDFFHNCGG,0.3577359315957669,anti-toxic
GRLGVLVDG,0.35772747228866913,anti-toxic
GFYCRYCDH,0.3577223073119861,anti-toxic
GLCCLHGGG,0.35772016855717825,anti-toxic
GVYRCDNSG,0.35769585159027495,anti-toxic
GVFRFYGLD,0.35768496524332805,anti-toxic
GDYLYNGHV,0.35768496524332805,anti-toxic
GLVYVDVNS,0.35768496524332805,anti-toxic
GGHRHCGFC,0.3576684160893936,anti-toxic
GRFDFLFRG,0.3576626473789431,anti-toxic
GHYLNIHCD,0.3576564307832716,anti-toxic
GLDRLFVSF,0.3576454138128647,anti-toxic
GCSHYFGYV,0.3576454138128647,anti-toxic
GCSCFDVFH,0.3576405098276128,anti-toxic
GYLRSLGYY,0.35763170480603246,anti-toxic
GFNDSGGYC,0.35763170480603246,anti-toxic
GDFSGGCCG,0.35762190694169693,anti-toxic
GYGFIHRSG,0.35762053941886585,anti-toxic
GFCVRINGG,0.35761528033242335,anti-toxic
GYYVLDYDY,0.3576112698227607,anti-toxic
GRISDYGGN,0.35760345096613383,anti-toxic
GCYDSGDGN,0.35759098753521923,anti-toxic
GLNYDGNLN,0.35759098753521923,anti-toxic
GYHCHSDGY,0.35759098753521923,anti-toxic
GCLCYCHFR,0.3575679925662199,anti-toxic
GIFVCDNCS,0.35756301951035785,anti-toxic
GNVCFDGFF,0.35756301951035785,anti-toxic
GCRHHFGLR,0.35756301951035785,anti-toxic
GVGYDLDGV,0.3575336511456841,anti-toxic
GRHHYGGVY,0.35753071598972,anti-toxic
GIGYCLGDG,0.3575113516164294,anti-toxic
GFFYLFNFD,0.3575113516164294,anti-toxic
GVNGLVGVR,0.3575113516164294,anti-toxic
GCDVVFGNS,0.3575113516164294,anti-toxic
GCGNNFVYG,0.3575113516164294,anti-toxic
GIGCDDFGH,0.3575113516164294,anti-toxic
GHFRRLRFH,0.3574501186967787,anti-toxic
GGHDGLCDG,0.3574501186967787,anti-toxic
GILIVVNDN,0.35744745941177664,anti-toxic
GIICLVGVR,0.35742232948187497,anti-toxic
GHNIVRHDY,0.35740646223495026,anti-toxic
GVFFHCGYC,0.3573902770458367,anti-toxic
GIGSCRFGV,0.3573837117971702,anti-toxic
GCVDGCGHG,0.35737376426159473,anti-toxic
GLYYLFVFR,0.3573681854763813,anti-toxic
GLSYNFRDH,0.3573681854763813,anti-toxic
GRFNNYDDV,0.3573621351635259,anti-toxic
GRNCGGHGY,0.3573483587521018,anti-toxic
GNCHVNHVF,0.3573483587521018,anti-toxic
GGCSYNCVF,0.3573483587521018,anti-toxic
GGRFDSSFH,0.3573483587521018,anti-toxic
GSCLLYGCD,0.35733880026849496,anti-toxic
GDIVCVCDG,0.35733390322987757,anti-toxic
GCVGIFHYR,0.35731587315883595,anti-toxic
GVGDNSVFS,0.35731587315883595,anti-toxic
GGRICCDDR,0.3573056223459299,anti-toxic
GCLCYYFDH,0.3572859197494922,anti-toxic
GFCFYGGYH,0.3572859197494922,anti-toxic
GLFCFNRHS,0.3572859197494922,anti-toxic
GFSGSVFFI,0.3572859197494922,anti-toxic
GLHVCCDCR,0.3572859197494922,anti-toxic
GYFHRVRVC,0.35726721507511744,anti-toxic
GCDCCYGLS,0.35726204364063746,anti-toxic
GYYFSHVDR,0.35724310300882556,anti-toxic
GRLRNLGGN,0.35723251084800406,anti-toxic
GICIDGGSD,0.3572186411639501,anti-toxic
GFSVYGGYH,0.35720532184465187,anti-toxic
GRYRCCNGN,0.35720099875004224,anti-toxic
GFIVCGNIL,0.3571840453498561,anti-toxic
GVDCRCGFH,0.3571654630776423,anti-toxic
GIILNYSGR,0.3571459376429126,anti-toxic
GVGLFVDSG,0.3571459376429126,anti-toxic
GVDLDLRYG,0.3571459376429126,anti-toxic
GFNIDSGCR,0.3571240758985822,anti-toxic
GLYFGSFCD,0.3570984587170961,anti-toxic
GGVYRLNFR,0.35708744286446825,anti-toxic
GSFDCDDVC,0.35707878735566584,anti-toxic
GFYRGFYGR,0.35707143820334347,anti-toxic
GCDFHCVDG,0.35703502090577455,anti-toxic
GYVIRGRDN,0.35701342979080813,anti-toxic
GGFSNDSFC,0.35701342979080813,anti-toxic
GIVGGVRYC,0.3569814009931312,anti-toxic
GGYCVDHYH,0.3569814009931312,anti-toxic
GCCVLDRVS,0.3569814009931312,anti-toxic
GGCGFFCDD,0.35696500045379265,anti-toxic
GCVFIDGYV,0.35696238676480996,anti-toxic
GFICVCGIR,0.35696074047211673,anti-toxic
GLGDYYHNR,0.3569564135369578,anti-toxic
GSLDCYGYI,0.3569534909335539,anti-toxic
GFHIVDGCN,0.3569120057859755,anti-toxic
GNGGNGHGG,0.35690721123434765,anti-toxic
GLLFCDCLG,0.35690721123434765,anti-toxic
GFCFYNHSD,0.3569005041908291,anti-toxic
GFVGHGVIY,0.3568878131289821,anti-toxic
GLDIICGGN,0.3568878131289821,anti-toxic
GDCVVFGVY,0.3568703992080149,anti-toxic
GFFRLLYVD,0.35682742315712607,anti-toxic
GGYVVFRFR,0.35682742315712607,anti-toxic
GCFVHIDNY,0.35680886792515193,anti-toxic
GNCCCFVYG,0.35680460698218036,anti-toxic
GCFCIFDNY,0.35680460698218036,anti-toxic
GFIFYIVDC,0.35679780577505005,anti-toxic
GRVYYFFDY,0.3567852279195992,anti-toxic
GFCNGLDCY,0.3567852279195992,anti-toxic
GRDCLICDG,0.3567765934053208,anti-toxic
GCHHCDRVN,0.3567738528496813,anti-toxic
GCHLGFGLN,0.35676107741595137,anti-toxic
GFFNSVFNC,0.35675408118584584,anti-toxic
GVDDYFFCD,0.35675408118584584,anti-toxic
GVLGCGGVG,0.35675408118584584,anti-toxic
GCCVFYSYG,0.35675408118584584,anti-toxic
GGDIRFVGD,0.3567518497835492,anti-toxic
GLRIFGSDD,0.3567374838387817,anti-toxic
GCLYYDVGR,0.3567301458620831,anti-toxic
GCSDCDHYG,0.35671117731009816,anti-toxic
GFRCGSNGH,0.35669577488490534,anti-toxic
GSHCDIDYF,0.35665520936256095,anti-toxic
GFVVGHRCG,0.3566483104883179,anti-toxic
GISVSGRGR,0.3566483104883179,anti-toxic
GNVLFDVGG,0.3566459455544653,anti-toxic
GCVRHFFDR,0.35663439137334707,anti-toxic
GVYLRVGCN,0.35662774097203764,anti-toxic
GFDCNFVCN,0.35661708409253506,anti-toxic
GCSFLDGSS,0.3565757078464852,anti-toxic
GFFGIVIFD,0.35654732351381263,anti-toxic
GGFFNNLGG,0.35654732351381263,anti-toxic
GGSGHGVCS,0.35654732351381263,anti-toxic
GHNDVIGFL,0.35654732351381263,anti-toxic
GVYVDNHGR,0.35654732351381263,anti-toxic
GCSVFSYIV,0.35654732351381263,anti-toxic
GFVDCSGIS,0.35654732351381263,anti-toxic
GFYHCYDDL,0.35654732351381263,anti-toxic
GYFFNVYSG,0.35654732351381263,anti-toxic
GDDFHNLYG,0.35654732351381263,anti-toxic
GCYRILHCD,0.35654732351381263,anti-toxic
GFCNCDVGS,0.35654732351381263,anti-toxic
GDFGGFGCD,0.35654732351381263,anti-toxic
GVRCCCRYG,0.35654732351381263,anti-toxic
GFVCHDVVI,0.35651879748786364,anti-toxic
GFVHDCFVI,0.3564999863856494,anti-toxic
GGVGGCHYS,0.35647972378110493,anti-toxic
GSLVFDDGC,0.35643736162389655,anti-toxic
GVSRRYGGR,0.35642913206338833,anti-toxic
GRHVRFCDH,0.35640832703898123,anti-toxic
GLCFGNVLS,0.3564041259034907,anti-toxic
GFSSRSVIN,0.35638718542870046,anti-toxic
GGGDILVGG,0.356383020293503,anti-toxic
GLCFIVGVR,0.3563546177798847,anti-toxic
GDFGGCGIR,0.3563538307585944,anti-toxic
GFFYVRSYD,0.3563464472466313,anti-toxic
GCFGFGVVS,0.3563452790896506,anti-toxic
GLCRSNNCG,0.3563328041308867,anti-toxic
GFNRHDVFV,0.3563328041308867,anti-toxic
GDCCFLNGR,0.3563328041308867,anti-toxic
GFHVYNVVC,0.3563252631833178,anti-toxic
GIFYRRHCD,0.3563114434599086,anti-toxic
GFSCCGGVD,0.3562990843061946,anti-toxic
GCFDCSFFD,0.3562990843061946,anti-toxic
GFCCCNDGY,0.35629240598629996,anti-toxic
GLGNRLFVH,0.3562779100548605,anti-toxic
GVDCRGCGF,0.35627002576134403,anti-toxic
GGVLDCGFF,0.3562566588721831,anti-toxic
GFDRFNRFF,0.3562527867226635,anti-toxic
GGYVCVGHR,0.3562527867226635,anti-toxic
GFCNFGGFC,0.35620488747643525,anti-toxic
GHCDYGDYY,0.35620488747643525,anti-toxic
GGYCNIYDD,0.35618526056503647,anti-toxic
GCRFFGCVH,0.3561585191172953,anti-toxic
GFHFIDCRR,0.3561553019900649,anti-toxic
GCVYVVRDH,0.3560954825000328,anti-toxic
GCCDCDGVH,0.35607756199488666,anti-toxic
GNCLDGDFI,0.35607756199488666,anti-toxic
GGNLIGDGG,0.35607756199488666,anti-toxic
GLFLFDCCG,0.35605671402512995,anti-toxic
GVYVLDIYS,0.35605503342624445,anti-toxic
GFFYFVCFD,0.35604065259258655,anti-toxic
GLNYGDFGY,0.3560339296562853,anti-toxic
GLVFFFDDC,0.3560185826396112,anti-toxic
GVYSCCGDS,0.35601110225186083,anti-toxic
GCCDCFCFD,0.3560059966191124,anti-toxic
GFIGDNDVF,0.35600496380310864,anti-toxic
GLHGDGNCG,0.35599548801148007,anti-toxic
GHVVGLHCY,0.35596559501077973,anti-toxic
GGCGDNGYF,0.35596136280171103,anti-toxic
GICCFDYYR,0.3559426669846693,anti-toxic
GGCCGGIVY,0.3559308656645261,anti-toxic
GSVVVDLVI,0.3558970197009113,anti-toxic
GVRLFGGDN,0.3558786636713262,anti-toxic
GRSGCHYVD,0.355856152618741,anti-toxic
GCGVIDFCR,0.3558491007237021,anti-toxic
GGIGYLFSG,0.3558228955194803,anti-toxic
GDYDFRYVD,0.35581680276645655,anti-toxic
GSYGCSDCG,0.35581194322844967,anti-toxic
GGCFVYSID,0.3557995067437576,anti-toxic
GHSGVGGSG,0.3557995067437576,anti-toxic
GSILGCRFG,0.3557813718480683,anti-toxic
GNCNFGRLS,0.3557687852439461,anti-toxic
GSCHGGGIG,0.3557687852439461,anti-toxic
GLRYYVVNN,0.3557687852439461,anti-toxic
GVYYIFRDI,0.3557569784696606,anti-toxic
GGSVRCDGS,0.35575245807682065,anti-toxic
GFYIRSSGG,0.3557354314277195,anti-toxic
GFYFNYVVR,0.3557304318653807,anti-toxic
GRYVDDYCG,0.3557140111726268,anti-toxic
GFYGCYCLG,0.35569909183419957,anti-toxic
GCSHSNCSS,0.35569909183419957,anti-toxic
GFLYHHGFC,0.3556778648011837,anti-toxic
GGLYGGRGG,0.35566525114521197,anti-toxic
GLYGFVLSG,0.35565689249666427,anti-toxic
GCDFCYCVS,0.35565094655596136,anti-toxic
GNIGFCNGG,0.35561569394975645,anti-toxic
GDDFGGNDG,0.35561569394975645,anti-toxic
GYGGGCCVS,0.3555811507417921,anti-toxic
GVFVVSGYY,0.35556752731277447,anti-toxic
GLFSVGIFF,0.35556752731277447,anti-toxic
GVNFVLYGR,0.35556752731277447,anti-toxic
GCNYFFCGG,0.35555569609348875,anti-toxic
GGSVGCCVF,0.3555319658403367,anti-toxic
GGLGSHVCD,0.35552425005623367,anti-toxic
GIFCCYDCS,0.35551410855724536,anti-toxic
GCFCFCSVC,0.35551410855724536,anti-toxic
GHHYGSVIS,0.3554964801673716,anti-toxic
GNSGHCGFL,0.35547086413337564,anti-toxic
GCHYVFGVV,0.3554602278725984,anti-toxic
GNGYFSGIY,0.35538765798657385,anti-toxic
GGYHGDCGG,0.35538765798657385,anti-toxic
GCDCGCGFL,0.35538765798657385,anti-toxic
GFDCYLDGC,0.35538765798657385,anti-toxic
GNYCGHGCD,0.35538765798657385,anti-toxic
GVFYSDVIR,0.35533187550856987,anti-toxic
GIDNRGRGG,0.35533187550856987,anti-toxic
GRGRRLCHD,0.355318231964221,anti-toxic
GNCFYDVII,0.35530470612271686,anti-toxic
GLDFRYVSS,0.355300459013908,anti-toxic
GVCLGIDSY,0.35529575353550547,anti-toxic
GHGYRSYDN,0.3552905112504785,anti-toxic
GFGILGVVG,0.3552704553190421,anti-toxic
GFNFGDYFF,0.3552195548368446,anti-toxic
GGCHVDRDG,0.3551880282510877,anti-toxic
GSICCYGYI,0.3551880282510877,anti-toxic
GLHLDVLDG,0.3551880282510877,anti-toxic
GYDIVFDLH,0.3551756001298688,anti-toxic
GNCVRVSCG,0.3551756001298688,anti-toxic
GYYRSSSDY,0.355155352828907,anti-toxic
GGVVLLDYL,0.35514026721833303,anti-toxic
GLYDNFDFI,0.3551268987581438,anti-toxic
GHIRDNHHN,0.3551268987581438,anti-toxic
GFFVFYNGD,0.355079756887606,anti-toxic
GLLHCGGYV,0.3550682063488507,anti-toxic
GHRSNDSVN,0.3550397289558433,anti-toxic
GCYHFCCVG,0.35501180813022676,anti-toxic
GLIIVNNVD,0.35501180813022676,anti-toxic
GFIVGGSLD,0.35501180813022676,anti-toxic
GFGNCFDHH,0.35501180813022676,anti-toxic
GYLDYRGHC,0.35501180813022676,anti-toxic
GVIDDDLFC,0.35501180813022676,anti-toxic
GYCGLCLDG,0.35501180813022676,anti-toxic
GFIFVSHFD,0.35497541829553264,anti-toxic
GCIVVNNGD,0.3549469735429744,anti-toxic
GLDCFIRVN,0.3549053764468358,anti-toxic
GGVLFYDNC,0.3549053764468358,anti-toxic
GRHVCFVDI,0.3549053764468358,anti-toxic
GICRHVCVC,0.3549053764468358,anti-toxic
GYCGCFGID,0.3549053764468358,anti-toxic
GCDDLYGLR,0.3548850438322155,anti-toxic
GFCVDGHLV,0.3548551079726893,anti-toxic
GFRGRFDLH,0.3548551079726893,anti-toxic
GCRDVLSGS,0.3548551079726893,anti-toxic
GSFLYNCFY,0.35485062999443606,anti-toxic
GLGNGLSCG,0.35483876175510254,anti-toxic
GFLCFDRGV,0.3548258280480598,anti-toxic
GFCLGGCVF,0.3548258280480598,anti-toxic
GYRCICDYY,0.3548258280480598,anti-toxic
GGFVYCGVV,0.35478309164188787,anti-toxic
GCHYFYHDH,0.354775328689642,anti-toxic
GSRIGCGDY,0.3547564158959317,anti-toxic
GCFVGIDCD,0.35471485462675756,anti-toxic
GGLNYVGLY,0.35471485462675756,anti-toxic
GNIGIDGCR,0.35471485462675756,anti-toxic
GIVHHCCYN,0.3546627903118953,anti-toxic
GDSCGDSYN,0.35464112667786596,anti-toxic
GSDNDGLVI,0.35462925405844986,anti-toxic
GCGYCYGVR,0.354621758274439,anti-toxic
GCCCFCGCY,0.35458858787724096,anti-toxic
GLCVDYFLV,0.35458858787724096,anti-toxic
GHGYFVRYD,0.35458858787724096,anti-toxic
GFDCHCFFD,0.3545715704018012,anti-toxic
GFYDYFSHG,0.3545589644345158,anti-toxic
GFNCIFFSD,0.35454925139046944,anti-toxic
GLDDFFVVS,0.35454925139046944,anti-toxic
GGSHILHHR,0.3545214414149915,anti-toxic
GFFYDGNSG,0.3545171766077801,anti-toxic
GGGGCHDVG,0.3545086858681251,anti-toxic
GIGRYSCVG,0.35450306564279677,anti-toxic
GVDFVHGGD,0.3544882948520598,anti-toxic
GINCSGCVF,0.3544743148909473,anti-toxic
GCYIDLIDY,0.35446158066285616,anti-toxic
GILLCFRVD,0.3544563164043659,anti-toxic
GSLSSLDGV,0.35445275057793096,anti-toxic
GINCDYDHH,0.35444848632143694,anti-toxic
GLYGRYGDY,0.3544269390338148,anti-toxic
GGLYVSDCG,0.35441202812398453,anti-toxic
GVYFRCVCD,0.3543904256726252,anti-toxic
GISFFDIVV,0.3543828748480991,anti-toxic
GVCVRLGCD,0.35437945970177404,anti-toxic
GCCCGGGCG,0.35437703759590444,anti-toxic
GLLDVGIVY,0.354370404259538,anti-toxic
GYVNDIYDH,0.3543507426943807,anti-toxic
GCGCHLGID,0.3543458823949933,anti-toxic
GNSCIGVDD,0.3543436803638973,anti-toxic
GIGCYNNYN,0.35432190412191394,anti-toxic
GNYNFVRDC,0.35430496628989205,anti-toxic
GVLFGSVID,0.3542755076172062,anti-toxic
GGLIRDFNR,0.35426261881953497,anti-toxic
GCDFCVDVL,0.3542310807866317,anti-toxic
GDVNDGLCF,0.3542310807866317,anti-toxic
GNIDRIYGR,0.354229191929716,anti-toxic
GLYDGGFLR,0.3542286223930597,anti-toxic
GDYDFDFVS,0.3542281859629069,anti-toxic
GCCCRGDGG,0.35421668802181555,anti-toxic
GLDRHYGVN,0.3542126128752529,anti-toxic
GCNICNSCG,0.3541885008089611,anti-toxic
GFLYDDGIR,0.3541766582980352,anti-toxic
GFRGFCHFR,0.3541719603529995,anti-toxic
GGCLDYVYV,0.35416108409345043,anti-toxic
GFRCYFYDV,0.35416108409345043,anti-toxic
GFSLYRRLV,0.3541491379937397,anti-toxic
GVSYLFGGG,0.35411375490186586,anti-toxic
GVCCIFDDH,0.35410843914740087,anti-toxic
GFCVFFIDH,0.35409456414598117,anti-toxic
GGCDVYVVG,0.35409150791869354,anti-toxic
GVSCNHRYG,0.35407817577803546,anti-toxic
GLYYYFVDV,0.3540585231101179,anti-toxic
GLYSRGYYG,0.3540345229729559,anti-toxic
GHFCCSSCD,0.3540345229729559,anti-toxic
GCLIGCSGG,0.3540290714295218,anti-toxic
GVCCYCDCG,0.3540111291577706,anti-toxic
GCCFLDGVH,0.35400758246353975,anti-toxic
GCCCFYGVR,0.35400758246353975,anti-toxic
GFIGFDFVH,0.3539958588748308,anti-toxic
GDVDFHFCD,0.35398741839808284,anti-toxic
GYCLDCNFR,0.35397935345028225,anti-toxic
GRYYIGSCG,0.3539776097287489,anti-toxic
GVIYFLILF,0.35396607085177967,anti-toxic
GVYNYVGGR,0.35396607085177967,anti-toxic
GDLFLGGCD,0.35396607085177967,anti-toxic
GFVYCCRDN,0.3539024985056363,anti-toxic
GFCFRHSFS,0.3539024985056363,anti-toxic
GCLCRCGSS,0.3538984211017457,anti-toxic
GGSYGLNGG,0.3538984211017457,anti-toxic
GFYIRLHGC,0.3538903240159893,anti-toxic
GYGDVGHFV,0.35387010901523064,anti-toxic
GDLDFCGIG,0.353843302092827,anti-toxic
GRLLSFSNY,0.353843302092827,anti-toxic
GFIRFDNIY,0.3538060507755761,anti-toxic
GVFNNNRYR,0.3538060507755761,anti-toxic
GGFLCSHLH,0.3537363461799842,anti-toxic
GHHVGVGDH,0.3537363461799842,anti-toxic
GSVYCDGLR,0.3537221810930799,anti-toxic
GCSLGDSFF,0.3537036912318953,anti-toxic
GHYILYVVD,0.353693109136601,anti-toxic
GIFSRYVNY,0.3536878731086795,anti-toxic
GLGRVFYNR,0.35367238057387346,anti-toxic
GFSCFCFYD,0.3536475470216922,anti-toxic
GCFVNGNFS,0.3536423328704054,anti-toxic
GRSGSGGFF,0.3536423328704054,anti-toxic
GCCDLNCFF,0.35362487905820955,anti-toxic
GCVSIFVFS,0.35362487905820955,anti-toxic
GCFNIDCGS,0.35362058062368007,anti-toxic
GFFDRFGVH,0.35361347321781117,anti-toxic
GHFGSHSGG,0.3536078376772257,anti-toxic
GILDVSVVS,0.353599467106969,anti-toxic
GFNYRGRHD,0.3535673636510097,anti-toxic
GVSDRLCFD,0.35354929967031307,anti-toxic
GFFIYGVCG,0.35354351728820355,anti-toxic
GDFRNCGCS,0.35353335740232134,anti-toxic
GGFDGIGVH,0.35348475141660707,anti-toxic
GFCHGGSFR,0.35348475141660707,anti-toxic
GCDGNFVIS,0.3534708444251749,anti-toxic
GLLICGHYR,0.3534674139654819,anti-toxic
GCRVIYVGN,0.35346586069758035,anti-toxic
GSHVVRGDR,0.353450532097998,anti-toxic
GVCLRDGRR,0.35343641107284957,anti-toxic
GHIVSDRFH,0.35343228726706966,anti-toxic
GGVGDGGLR,0.3534180651236694,anti-toxic
GDCGFNVVD,0.3534180651236694,anti-toxic
GFIDSRLIC,0.3534014200675417,anti-toxic
GCGYSFYFN,0.3533829379766528,anti-toxic
GSFVNYCGY,0.3533822273878254,anti-toxic
GFYLCFGDS,0.3533578760192971,anti-toxic
GGFCRCGCS,0.35335269378586204,anti-toxic
GFIRGGIVF,0.35333909531130464,anti-toxic
GIICLDFDN,0.35333909531130464,anti-toxic
GFGYSCSCD,0.3533183533836141,anti-toxic
GGCLCCGDD,0.35330327868665834,anti-toxic
GGYIVYDGR,0.35330327868665834,anti-toxic
GGDGFDRVD,0.35328859888872544,anti-toxic
GCIGNNVVR,0.35326961375257665,anti-toxic
GCLYDDSCH,0.3532631220077667,anti-toxic
GDLGSGDVD,0.353253528473888,anti-toxic
GYVHGIGCR,0.3532379122684278,anti-toxic
GCCCDSHFG,0.35323484351575135,anti-toxic
GIVVCNVFH,0.35322574340738017,anti-toxic
GVYRLCGVF,0.3532080073290528,anti-toxic
GHDIDYGVH,0.3532080073290528,anti-toxic
GHDCNVGRR,0.3532080073290528,anti-toxic
GVHFFDDCY,0.3532080073290528,anti-toxic
GFIHLRLCG,0.3532080073290528,anti-toxic
GCYCRSSGG,0.3531936815062248,anti-toxic
GGIVSNFGR,0.3531866676498159,anti-toxic
GCFVFFFDR,0.35317975042531113,anti-toxic
GYRSIGVYG,0.35316887893031956,anti-toxic
GVGGLCDGD,0.3531661979926159,anti-toxic
GCCGRCGIR,0.35315627296303415,anti-toxic
GCVLFGCYD,0.35315627296303415,anti-toxic
GVNVLVGFI,0.353154311942451,anti-toxic
GVFSGCDCD,0.35315300897756996,anti-toxic
GVNCVCDFY,0.35315300897756996,anti-toxic
GYCLGDSID,0.3531276642556753,anti-toxic
GIDHDNIFG,0.35310950775232175,anti-toxic
GCNHNGDSS,0.35308522989324936,anti-toxic
GHSFDRGLR,0.35306973901625593,anti-toxic
GCNLRCVVS,0.35306702856354955,anti-toxic
GYCGLLIFN,0.35304756851976454,anti-toxic
GHFSCLGCD,0.3530433597844985,anti-toxic
GGYGIFGSN,0.35302599761228876,anti-toxic
GRLGLRGDS,0.35301211622781486,anti-toxic
GGFRRISIL,0.353010850389753,anti-toxic
GLYYRSRFD,0.35299962932494167,anti-toxic
GSFCCFISD,0.35299962932494167,anti-toxic
GIYCYFGDS,0.35299962932494167,anti-toxic
GNFLCDVHN,0.35299962932494167,anti-toxic
GHCGYFYVD,0.35299962932494167,anti-toxic
GVYLCGRYG,0.35294779492947476,anti-toxic
GLVSDDDYR,0.35294779492947476,anti-toxic
GCDFGCVFR,0.3529197351987654,anti-toxic
GNVRCRGLH,0.3529186106297882,anti-toxic
GCLCCYFVC,0.35290214459234304,anti-toxic
GCFDVDNCG,0.35290214459234304,anti-toxic
GRYVNFGFY,0.3528900852115102,anti-toxic
GHYGFDFSD,0.35288420582853636,anti-toxic
GSIYGGRGG,0.35287878195893685,anti-toxic
GHRGSFVLG,0.35285407303395316,anti-toxic
GLYNCYCDH,0.3528033823799379,anti-toxic
GYLGFGHVG,0.3527691648058652,anti-toxic
GDIYGLSSG,0.35276351416042506,anti-toxic
GVFVNDCFR,0.35274544039614164,anti-toxic
GVSSDFGVR,0.3527368187378575,anti-toxic
GLRNFGNFS,0.3527124687346607,anti-toxic
GGNVDGNVN,0.35269323826653587,anti-toxic
GGCGCLGGD,0.35266966845061076,anti-toxic
GCYNGGVGD,0.35263894955842295,anti-toxic
GGIIIRGSV,0.35263894955842295,anti-toxic
GFRLIGSFR,0.35263326488965874,anti-toxic
GICIHRGLR,0.3526019237276401,anti-toxic
GCIGNYCDG,0.352559935778205,anti-toxic
GFNSFSGYF,0.35255642642710056,anti-toxic
GHSSCDVLS,0.3525507203223987,anti-toxic
GYHFYCHGD,0.3525507203223987,anti-toxic
GHYRVYGFY,0.35254518575824445,anti-toxic
GFYLFNSSD,0.35253981511374766,anti-toxic
GCSFDVLDG,0.3525295372923534,anti-toxic
GIVGVSGVC,0.3525198342307691,anti-toxic
GFCFDCGCR,0.35251065902754264,anti-toxic
GNDINVDGS,0.3524906712921399,anti-toxic
GLGRSGCVH,0.35246461911634686,anti-toxic
GINYCYVHC,0.35246461911634686,anti-toxic
GDLCLVGFY,0.3524581731392797,anti-toxic
GLGCYGVYS,0.3524581731392797,anti-toxic
GICNRFCGY,0.3524311837247425,anti-toxic
GRVYCVGNS,0.35240280443711164,anti-toxic
GVYYCYFVD,0.3523988540968586,anti-toxic
GLCIVGGCG,0.3523506212610918,anti-toxic
GYSHSRVFR,0.35234831100587577,anti-toxic
GGCHRFDNR,0.35234216759369674,anti-toxic
GGFRCVCHC,0.35233568139346605,anti-toxic
GHYVCGYCD,0.35231186866538,anti-toxic
GCCFHDCDG,0.3522955126435215,anti-toxic
GVGYVVGVH,0.3522754849279228,anti-toxic
GGCCNGGGG,0.3521825181113625,anti-toxic
GCYCGLYCV,0.3521825181113625,anti-toxic
GDFRYVVGL,0.3521825181113625,anti-toxic
GDIVFFHNY,0.3521825181113625,anti-toxic
GFGICDSFV,0.3521825181113625,anti-toxic
GIYFICLDL,0.3521825181113625,anti-toxic
GYYFVYGFF,0.3521825181113625,anti-toxic
GFFYFGCDG,0.3521825181113625,anti-toxic
GYCGLRYGC,0.3521825181113625,anti-toxic
GVLIDSHVN,0.3521825181113625,anti-toxic
GIRFHCGYS,0.3521825181113625,anti-toxic
GFGYYYCVG,0.3521825181113625,anti-toxic
GFFRYGCLG,0.3521825181113625,anti-toxic
GIGFCSGVL,0.3521825181113625,anti-toxic
GIDYNHFLR,0.3521825181113625,anti-toxic
GLCVFVGLG,0.3521825181113625,anti-toxic
GYCNFLRVR,0.3521825181113625,anti-toxic
GIIGYDYGD,0.3521825181113625,anti-toxic
GICGCRGVR,0.3521825181113625,anti-toxic
GDSIDHLVC,0.3521825181113625,anti-toxic
GSFRDHFHR,0.3521825181113625,anti-toxic
GISSILSYY,0.3521825181113625,anti-toxic
GRFGFDGVH,0.3521825181113625,anti-toxic
GCLVFGCCG,0.3521825181113625,anti-toxic
GRRDHLGHG,0.3521825181113625,anti-toxic
GDLSFHGCD,0.3521825181113625,anti-toxic
GSSCYVGHV,0.3521825181113625,anti-toxic
GSDDSCDFC,0.3521825181113625,anti-toxic
GFHYYGVDH,0.3521825181113625,anti-toxic
GCYVRGGRR,0.3521825181113625,anti-toxic
GYGGCFSGD,0.3521825181113625,anti-toxic
GYLRHDCVS,0.3521825181113625,anti-toxic
GCGCFLVDV,0.3521825181113625,anti-toxic
GGCCRDHCC,0.3521825181113625,anti-toxic
GDCCGLRHR,0.3520367083124762,anti-toxic
GCFNVFSNG,0.3519932418033313,anti-toxic
GGCCGGGFC,0.3519679987284366,anti-toxic
GLYHGNYDS,0.3519679987284366,anti-toxic
GLIFSNLGG,0.35195157182466347,anti-toxic
GFNCVYNRN,0.3519493398604437,anti-toxic
GVYYRLRCR,0.35194237739089324,anti-toxic
GRVSDLGVR,0.351921602223729,anti-toxic
GCVSDNSGD,0.3519098057118812,anti-toxic
GFFDGHGVF,0.3518899654011396,anti-toxic
GCGVVNLHR,0.351882694501316,anti-toxic
GFCNYVVHD,0.35187505297858884,anti-toxic
GFYVFFVVD,0.35186423705504777,anti-toxic
GVVIDVNFY,0.35186283132335106,anti-toxic
GVYCLDDSD,0.3518495978329641,anti-toxic
GGCRGYRVD,0.3518082875997071,anti-toxic
GYLFIRDDD,0.3518082875997071,anti-toxic
GCCYVFDGF,0.3518082875997071,anti-toxic
GDGSDYFCD,0.35180239162591,anti-toxic
GFHCFDCCS,0.3517963068970235,anti-toxic
GFICNVFDG,0.3517768249647165,anti-toxic
GNYHVHVDI,0.35176270707634966,anti-toxic
GFYIDDFFL,0.35173958642390885,anti-toxic
GSCRLLFYY,0.35173958642390885,anti-toxic
GVIGGDGHD,0.35173548309309277,anti-toxic
GVFFFGHCD,0.3517227039001685,anti-toxic
GDGCSDHCN,0.35169284111518095,anti-toxic
GVRHFFGRL,0.35168475933835996,anti-toxic
GCRGNFCYS,0.35165192002226703,anti-toxic
GRFVGNGSG,0.35163998901906846,anti-toxic
GNCVYGVHS,0.35163998901906846,anti-toxic
GLRFVGDSS,0.3516197417181065,anti-toxic
GIILSDSLY,0.3516007437686325,anti-toxic
GFFYCLFIG,0.3516007437686325,anti-toxic
GRDFHFLFR,0.3515863691064251,anti-toxic
GFCCLNYNH,0.35155537795631353,anti-toxic
GCYCFCGHG,0.35154712007277883,anti-toxic
GDDNRSNSG,0.351520987927242,anti-toxic
GRLRYDNFY,0.351520987927242,anti-toxic
GFCLCYGLC,0.351520987927242,anti-toxic
GGCVCGSCY,0.351520987927242,anti-toxic
GRDVVHGFC,0.3515117929094695,anti-toxic
GCCCFISCG,0.3515117929094695,anti-toxic
GRLRRCSVG,0.3514826074330362,anti-toxic
GFICRNHCD,0.35146880475122205,anti-toxic
GHGFVDCIS,0.3514616972290357,anti-toxic
GLFLSGCFG,0.3514616972290357,anti-toxic
GGGYNCSCD,0.35143290348231987,anti-toxic
GYLGISDHL,0.351431084294178,anti-toxic
GSGDRFFHH,0.35139073214563976,anti-toxic
GFCVRCCYG,0.35139073214563976,anti-toxic
GIFDGFDVN,0.3513775234751326,anti-toxic
GCHRYDCCD,0.35137560046096156,anti-toxic
GCCIYFHYN,0.3513638666306824,anti-toxic
GFDGYGLVD,0.35135450168913224,anti-toxic
GVFYIDRFH,0.35134973840862477,anti-toxic
GYYRIFVNR,0.3513351139753769,anti-toxic
GCNDSYVDY,0.3513351139753769,anti-toxic
GLVYGGFDD,0.3513163939821887,anti-toxic
GGFCIFDGI,0.35129841688979585,anti-toxic
GVNDYLFGS,0.35129620253455185,anti-toxic
GFCFSVGFH,0.3512934809904528,anti-toxic
GDSDSFSYS,0.3512353105779704,anti-toxic
GYNVLNFDD,0.3512353105779704,anti-toxic
GVGVLYCDG,0.3512217317323713,anti-toxic
GFCGNDFDS,0.351216345339342,anti-toxic
GGCDDFHLG,0.35119660512971135,anti-toxic
GHLGYLVFF,0.35119660512971135,anti-toxic
GDCFRLCYR,0.35118495856749066,anti-toxic
GYCVDCRLR,0.351154601697994,anti-toxic
GVCVGGDCG,0.3511483072557845,anti-toxic
GYGVHGCCY,0.3511088600072989,anti-toxic
GCGNVLNVN,0.3511088600072989,anti-toxic
GSCDVDDIN,0.3511088600072989,anti-toxic
GLVYFSHVF,0.3511088600072989,anti-toxic
GSYYGFVSD,0.35109034531613453,anti-toxic
GFGGLFVSS,0.35107603475639304,anti-toxic
GDSFFCIDH,0.35106922736610485,anti-toxic
GCGCNYGNG,0.35103206847993,anti-toxic
GGYLNFRFG,0.35103206847993,anti-toxic
GNDYRDRFH,0.3510181890442565,anti-toxic
GSCSINFDD,0.35100397062581984,anti-toxic
GVLFSNYHY,0.35100397062581984,anti-toxic
GCLHCFSIG,0.35100397062581984,anti-toxic
GFCDFCGLD,0.35097446592239434,anti-toxic
GDVIRYFGS,0.3509591525646627,anti-toxic
GSDGFLCSS,0.35095604318749896,anti-toxic
GFCVDDCLG,0.35092186560961847,anti-toxic
GLYIRCVDV,0.35090405241948847,anti-toxic
GFFLSVGHV,0.35089380950431437,anti-toxic
GCYCCCDCG,0.3508763683090789,anti-toxic
GSLVDRGCR,0.35085723639357347,anti-toxic
GFNHVGGYR,0.3508542431635291,anti-toxic
GFFDRSRGD,0.3508501396291637,anti-toxic
GRVYRIRDY,0.35083135553657696,anti-toxic
GNYHCVVYR,0.35081724040130846,anti-toxic
GIYDSGCGG,0.35081281146876403,anti-toxic
GYRGVHGGD,0.3508114215284944,anti-toxic
GFCRVVRRR,0.35079744011718106,anti-toxic
GCNLFCHGY,0.35079438986261957,anti-toxic
GVYGDFSCN,0.35076093097656835,anti-toxic
GDILCNGLR,0.3507562623733304,anti-toxic
GFYIYCDVG,0.3507515630049137,anti-toxic
GVCFCFVFR,0.35073377096018055,anti-toxic
GLVHCYFYN,0.35071777985308866,anti-toxic
GVFCGDCGH,0.35071777985308866,anti-toxic
GFFNGFSFN,0.35071777985308866,anti-toxic
GHYHLGCGD,0.35071777985308866,anti-toxic
GDYCVSHHF,0.35071777985308866,anti-toxic
GCSSGFFYS,0.35071777985308866,anti-toxic
GCYFVFGGR,0.35071777985308866,anti-toxic
GCHHIGVFD,0.35071777985308866,anti-toxic
GRSLINIGG,0.35068471468257495,anti-toxic
GRNGCDYFH,0.35067192708612394,anti-toxic
GRCGSDCVF,0.3506430110688973,anti-toxic
GIVCHFDCD,0.3506397296970813,anti-toxic
GHCYNYHDF,0.3506231107558412,anti-toxic
GCSDRVCYD,0.3506231107558412,anti-toxic
GGSVICCYG,0.35060612987640744,anti-toxic
GCLVCNCVG,0.3506026892251717,anti-toxic
GIYYLINGD,0.35059749999470136,anti-toxic
GRVYVGGCG,0.3505601983992905,anti-toxic
GCFCCNHVD,0.35054763509796316,anti-toxic
GCCGLGGVN,0.3505316546663758,anti-toxic
GDRVVVYDN,0.35051535874389944,anti-toxic
GVCDYDCVV,0.35051535874389944,anti-toxic
GRCDYCFLH,0.35051535874389944,anti-toxic
GYRDYDSSN,0.35047766202431296,anti-toxic
GFVCIFSGY,0.35046796996302393,anti-toxic
GNSCGLGCD,0.35046796996302393,anti-toxic
GFLCGLDCY,0.35046796996302393,anti-toxic
GLVGHHGCS,0.35046796996302393,anti-toxic
GGHVHIDFG,0.35043485184184237,anti-toxic
GYVDIGGGG,0.35042423845502374,anti-toxic
GSHRLGVVG,0.35042423845502374,anti-toxic
GFVFCIDFG,0.3504134953725158,anti-toxic
GSCVGFRFY,0.35041040176544447,anti-toxic
GCCYRSDCD,0.3503916104934816,anti-toxic
GFFVFHFDN,0.3503916104934816,anti-toxic
GFDRDSSCG,0.3503461750713652,anti-toxic
GICVYGRYF,0.3503461750713652,anti-toxic
GNLLCNGLS,0.3503461750713652,anti-toxic
GGFGYDGLR,0.3503461750713652,anti-toxic
GSCRNFYDR,0.350332766989306,anti-toxic
GGDGIDFLR,0.35031705075784964,anti-toxic
GIHGYVGCN,0.3503081324572989,anti-toxic
GSFRCVGRR,0.3503081324572989,anti-toxic
GFFYRHIVH,0.3503081324572989,anti-toxic
GDGCVIVIC,0.35024801833416286,anti-toxic
GVSVYLGLG,0.35024801833416286,anti-toxic
GCLVGDDHD,0.35024801833416286,anti-toxic
GFIRIDCGG,0.35024801833416286,anti-toxic
GYYCDDSFL,0.35024801833416286,anti-toxic
GSCCDCGFL,0.35024801833416286,anti-toxic
GGNLYDSCG,0.35024801833416286,anti-toxic
GVGICCGGG,0.35024801833416286,anti-toxic
GSNGGIGHD,0.35024801833416286,anti-toxic
GIHIVYGVN,0.3502284339062141,anti-toxic
GFFFYFFYD,0.35021292524845804,anti-toxic
GLRGRLDGR,0.35021292524845804,anti-toxic
GRGHVHRGH,0.3502108212563358,anti-toxic
GIGVRSNYD,0.35020266357646895,anti-toxic
GLNCFCRSG,0.3501607317331448,anti-toxic
GRIYVSRFR,0.35015025197006033,anti-toxic
GCGSGLGYC,0.35013877560137624,anti-toxic
GYRNIVGIG,0.3501193575475891,anti-toxic
GYLVSLSGR,0.35010231924202717,anti-toxic
GRFNGSCCG,0.35007939302359814,anti-toxic
GFDCCGFVY,0.35007939302359814,anti-toxic
GCIIDNIYR,0.3500608994224753,anti-toxic
GGVCFYIDV,0.350058824481507,anti-toxic
GFGYVIGFL,0.350058824481507,anti-toxic
GLCGDLCLS,0.3500512449066193,anti-toxic
GFSCVYDND,0.3500473031677493,anti-toxic
GHGYLFHGH,0.3500362190215508,anti-toxic
GFYVLVGVG,0.3500164563548548,anti-toxic
GRISDFSCR,0.3500164563548548,anti-toxic
GDYYRNSGR,0.34998355401142434,anti-toxic
GVGSIVGYN,0.3499805132552382,anti-toxic
GIYNDFLYG,0.34997953843636215,anti-toxic
GCIDRSRGG,0.3499787719015444,anti-toxic
GCHSGLDGR,0.34994291125628757,anti-toxic
GGIFDLVGY,0.34992320007751493,anti-toxic
GCCSIHGDG,0.34990956984029375,anti-toxic
GDHNRCVVF,0.3498785632017982,anti-toxic
GGFVICRGG,0.3498600821923312,anti-toxic
GFGIHSNYR,0.3498579139776642,anti-toxic
GCHVCFSFS,0.34984421125541654,anti-toxic
GDCCSGSVG,0.34984130229645993,anti-toxic
GNICDGNVG,0.3498256069181205,anti-toxic
GGFLDDDCF,0.34980281636600785,anti-toxic
GCYVHRGDR,0.34980281636600785,anti-toxic
GSSLSSSGD,0.34980281636600785,anti-toxic
GFRINSYDD,0.3497897049954722,anti-toxic
GFYGNCSYN,0.3497870653647584,anti-toxic
GIYVDCNGD,0.3497455887727424,anti-toxic
GFGIRYYSG,0.3497433181240758,anti-toxic
GFSRVRHCF,0.34972191956370563,anti-toxic
GFGLVSVVR,0.3496879995822847,anti-toxic
GIDGVSFHR,0.3496770928673514,anti-toxic
GFCFYNSYR,0.3496760391164384,anti-toxic
GCFNFNFHS,0.3496731744621445,anti-toxic
GGFLCDDYC,0.3496595433363951,anti-toxic
GDHRCYCDG,0.34964576330878644,anti-toxic
GVVRFVCFF,0.3496353290974826,anti-toxic
GRGYHDRVV,0.3496353290974826,anti-toxic
GCYYRSVCS,0.34961064556103544,anti-toxic
GDSGDDIGH,0.34961064556103544,anti-toxic
GYYFDGYVY,0.3495803864088264,anti-toxic
GYCVNNFFG,0.3495717226118703,anti-toxic
GVYYRLIIY,0.34955773989386835,anti-toxic
GVGCRGCYD,0.34955610719250124,anti-toxic
GCSIIDSDS,0.34955610719250124,anti-toxic
GFVYLSGLC,0.34954242194515406,anti-toxic
GYCDVGCFD,0.34953363864875875,anti-toxic
GLYLSCCDD,0.34951461909108084,anti-toxic
GNDVSFVCN,0.3495069345712249,anti-toxic
GNDCGDGHY,0.34950333329188044,anti-toxic
GSGFSIRGG,0.3494717992143857,anti-toxic
GHFGCNSDH,0.34946306976479385,anti-toxic
GFCCNHDVG,0.34942157758638065,anti-toxic
GLIGGICFD,0.3494163018682105,anti-toxic
GGGRCYSFR,0.3494101893921278,anti-toxic
GYYDSGLCS,0.34938961792719236,anti-toxic
GYFGIFVCN,0.34933467523853623,anti-toxic
GVCNSVFDG,0.34933467523853623,anti-toxic
GCFYDVHFY,0.34933467523853623,anti-toxic
GYSCNYRCG,0.34933467523853623,anti-toxic
GCGVCDFDS,0.34933467523853623,anti-toxic
GGRFVYHVH,0.34933467523853623,anti-toxic
GFFFYFNYD,0.3493104609996237,anti-toxic
GSHIRCDGF,0.3492891397751232,anti-toxic
GINHLNFYY,0.34928583145713143,anti-toxic
GGSRGYDDV,0.3492480847723131,anti-toxic
GVFYFHSVG,0.34923528297768286,anti-toxic
GCCFVYVFN,0.3492273492817554,anti-toxic
GFGGSYNVD,0.34921803914762345,anti-toxic
GGGYFCDYD,0.34921803914762345,anti-toxic
GCCICYCDN,0.34921803914762345,anti-toxic
GSYYCDVND,0.3491935559905348,anti-toxic
GDNNVRGLG,0.3491935559905348,anti-toxic
GFNVNCRSG,0.34917700797163725,anti-toxic
GCGDGFHDV,0.349168665059132,anti-toxic
GIIDFNFFD,0.3491618045100508,anti-toxic
GFCYDGRLG,0.3491460401828393,anti-toxic
GNNDFNGIF,0.3491315310891926,anti-toxic
GDRCDGVFC,0.34910785406980216,anti-toxic
GGSHLDSFV,0.3490914411342206,anti-toxic
GIRSGCGGD,0.3490914411342206,anti-toxic
GLFLRGVFR,0.34907818407956664,anti-toxic
GVRLCDSDG,0.34907583278611193,anti-toxic
GDICHCCYD,0.3490737397552659,anti-toxic
GCLGNSHVR,0.3490672525195549,anti-toxic
GCDFDCCDD,0.3490672525195549,anti-toxic
GCYNFFDYR,0.3490580839022135,anti-toxic
GGDHNGVVL,0.34903772173506703,anti-toxic
GLHFGCVVF,0.34903772173506703,anti-toxic
GSYCVCGFH,0.34903772173506703,anti-toxic
GGDLDCYDS,0.34900894621861434,anti-toxic
GVFSGIDCG,0.34900667593791307,anti-toxic
GFCLRCGVI,0.3489970492064123,anti-toxic
GFYYSVLFS,0.348978769066679,anti-toxic
GLIHHGSGG,0.348953547981164,anti-toxic
GDNLIFSYD,0.348953547981164,anti-toxic
GCLRCCGFY,0.348953547981164,anti-toxic
GVHDRLRFG,0.348953547981164,anti-toxic
GCFYVDGCV,0.348953547981164,anti-toxic
GRSLRGRLG,0.348953547981164,anti-toxic
GGFCDSHDG,0.3489199611529578,anti-toxic
GFLVSHHFN,0.34889717904320394,anti-toxic
GVVCHCVYD,0.3488838433855721,anti-toxic
GDDDGILLF,0.3488709189402434,anti-toxic
GLRSYVCDY,0.3488417748543334,anti-toxic
GFCIYGGHN,0.3488332917394185,anti-toxic
GRDRCVGFC,0.34882124196889835,anti-toxic
GLNFLLNHG,0.3488027774599819,anti-toxic
GIDVDGFIY,0.34878293533630494,anti-toxic
GDVCYNGSD,0.348770917834695,anti-toxic
GCDCSDVIS,0.348770917834695,anti-toxic
GFRNGVFFD,0.348770917834695,anti-toxic
GLLDDRFID,0.34875707908756076,anti-toxic
GGCRDGCSV,0.34875273142552843,anti-toxic
GCRVLDNIN,0.348721986001856,anti-toxic
GFYRCCSFG,0.3487073260250819,anti-toxic
GFCYFNGGN,0.34869419026554116,anti-toxic
GLLFHRDDR,0.34869419026554116,anti-toxic
GCRHGHSVG,0.3486881215640905,anti-toxic
GFRCYIHDL,0.3486823527578566,anti-toxic
GDGIRGRVS,0.3486823527578566,anti-toxic
GDNGIDNYS,0.34867163009920776,anti-toxic
GLNIFFCDD,0.34867163009920776,anti-toxic
GFGYCGDVG,0.34867163009920776,anti-toxic
GCLSLRGVR,0.3486510749915093,anti-toxic
GVLFYHVHS,0.3486474226087801,anti-toxic
GCDSGDRCD,0.3485990814280174,anti-toxic
GFYVNSNVD,0.34859328708791865,anti-toxic
GCGCGLVGS,0.34859328708791865,anti-toxic
GVSGILVDR,0.34858923751444965,anti-toxic
GFSDFRYVC,0.3485732955619591,anti-toxic
GYGIVLCGG,0.348572085961116,anti-toxic
GHNVCFDFH,0.3485040674393309,anti-toxic
GDYGSGGGN,0.3484546455921193,anti-toxic
GVLYGHGGD,0.3484546455921193,anti-toxic
GFCCVVGHV,0.3484546455921193,anti-toxic
GLFSDCCFD,0.3484546455921193,anti-toxic
GFCCRDFYG,0.3484546455921193,anti-toxic
GVIVSRVVD,0.3484546455921193,anti-toxic
GLHGFHNIN,0.3484546455921193,anti-toxic
GNDVCSGYL,0.3484546455921193,anti-toxic
GGCSYCCDD,0.3484546455921193,anti-toxic
GFGGGRGLR,0.3483812292312137,anti-toxic
GVRDCDDDF,0.3483762318549914,anti-toxic
GVCRRGNVY,0.3483638744596114,anti-toxic
GYDVRGGLN,0.34834689358017756,anti-toxic
GDSGVFFVH,0.348335774787517,anti-toxic
GIIVCDHYF,0.348335774787517,anti-toxic
GYGFHSCFG,0.34828247731160755,anti-toxic
GYVCYGSLG,0.3482565750194354,anti-toxic
GIFVGDYIV,0.3482522244829301,anti-toxic
GGCVCGDGN,0.3482522244829301,anti-toxic
GVGDSGVYN,0.34820907335945045,anti-toxic
GFFVILCFD,0.34818618141722113,anti-toxic
GGCDNFVGG,0.3481683919410419,anti-toxic
GCDSHYYDS,0.348162339014096,anti-toxic
GGCCYDSHD,0.3481585828075244,anti-toxic
GFCYDVCFR,0.34815602457514866,anti-toxic
GCNYLSSLD,0.3481425403096224,anti-toxic
GFCGGHGIR,0.3481425403096224,anti-toxic
GCLRCIGIS,0.34812896542544836,anti-toxic
GGSFVIRGD,0.3481149283642971,anti-toxic
GRDDFCSYR,0.34809363602693993,anti-toxic
GGYGYCGLH,0.34807374118363243,anti-toxic
GCNDIGSFR,0.34807374118363243,anti-toxic
GCCSGLGFH,0.34805617370261543,anti-toxic
GGLLSRFVS,0.3480265583402048,anti-toxic
GDFFIFCFN,0.3480265583402048,anti-toxic
GDYDCDVHY,0.3480265583402048,anti-toxic
GISDGCCVG,0.3479684885232702,anti-toxic
GCCLVGDDG,0.347966033710199,anti-toxic
GFIDCLDVD,0.347966033710199,anti-toxic
GCDCGFGYI,0.3479481304425825,anti-toxic
GGHVFLHSR,0.34792886528346545,anti-toxic
GIDGSSHVR,0.34792886528346545,anti-toxic
GFHRICDDS,0.34790372013208753,anti-toxic
GIDIRNFGR,0.3478912851785743,anti-toxic
GLHGIDHIR,0.347870785568842,anti-toxic
GYRSISHIR,0.34786114432871995,anti-toxic
GFRRFNSVY,0.34786114432871995,anti-toxic
GRLFNNHDG,0.34785807075463154,anti-toxic
GRGVGIGSD,0.3478289060099067,anti-toxic
GNYLGNRRH,0.34782646873431416,anti-toxic
GLCCFCHDG,0.3478231893447286,anti-toxic
GLVNNDCFF,0.3478081552770637,anti-toxic
GYFSGDCLG,0.3477976811375934,anti-toxic
GVIFGNLFS,0.3477929642240787,anti-toxic
GVYRYVDII,0.3477929642240787,anti-toxic
GYYYVCYDR,0.3477733992063074,anti-toxic
GVCGYISGS,0.3477733992063074,anti-toxic
GRHCFSDCG,0.3477733992063074,anti-toxic
GLHRCVRFR,0.3477733992063074,anti-toxic
GFVNNRFVD,0.3477733992063074,anti-toxic
GFYYVFVIR,0.3477515143272732,anti-toxic
GFRVGYDFG,0.34772245855972933,anti-toxic
GGVYVSGCH,0.34772245855972933,anti-toxic
GHSCFHCDR,0.34771053541783503,anti-toxic
GFIGLVGHC,0.3476989125442771,anti-toxic
GCYYDVNGD,0.3476913252229008,anti-toxic
GGVYRCGVY,0.3476820168846861,anti-toxic
GCFDVCHHL,0.3476703270610738,anti-toxic
GCGFGCGLN,0.3476703270610738,anti-toxic
GLHISFRVS,0.3476552077558832,anti-toxic
GCFCGCNCF,0.34764239689816917,anti-toxic
GVHNFDIYH,0.3476314032979301,anti-toxic
GCCRVVGYH,0.3476061377053363,anti-toxic
GHCHISRDS,0.34758913754946535,anti-toxic
GSSYCNSVY,0.3475752947522379,anti-toxic
GYLRGHFVD,0.3475728290822496,anti-toxic
GFLVFLVHY,0.3475699349337158,anti-toxic
GNRCCGVVF,0.3475623204746173,anti-toxic
GGYCIDGCN,0.3475421249582379,anti-toxic
GFRGDNRGG,0.3475421249582379,anti-toxic
GCSDCGSFD,0.3475263680517797,anti-toxic
GVCDNSGYL,0.34752295546376755,anti-toxic
GVVDDVSFH,0.3474873969029826,anti-toxic
GFDVGLRVG,0.3474873969029826,anti-toxic
GCSVNYRDR,0.3474873969029826,anti-toxic
GHSRHSSVS,0.3474873969029826,anti-toxic
GSCGDLSVG,0.3474400700918528,anti-toxic
GICIGSLGG,0.3474400700918528,anti-toxic
GIIYCRFVR,0.3474216912759902,anti-toxic
GVCVRGGFV,0.3474100032501175,anti-toxic
GSCGIDLGH,0.3474100032501175,anti-toxic
GIVRVSNSL,0.3473987382353474,anti-toxic
GSHVGIDGR,0.3473987382353474,anti-toxic
GFSFYRSFS,0.3473654597297102,anti-toxic
GYGYCDHDR,0.34735748000167155,anti-toxic
GISDCLGHG,0.34735556280258395,anti-toxic
GFCHRDVSR,0.3473204283481107,anti-toxic
GGGCCFGYV,0.3473180843137518,anti-toxic
GNCGCVGYV,0.34731041763269344,anti-toxic
GLVSVNVFF,0.3472949080470632,anti-toxic
GGGRLDGIY,0.34728563280716085,anti-toxic
GCVVDYSFG,0.34728353937042383,anti-toxic
GDYCFNCFR,0.34727518361661835,anti-toxic
GSNHCVFYG,0.34723793549430004,anti-toxic
GDLGGHGVC,0.34723041791210996,anti-toxic
GHHLRGHGN,0.34716911584666793,anti-toxic
GYSCVCGGN,0.3471617167363117,anti-toxic
GFDVLFNVG,0.3471617167363117,anti-toxic
GVVVRSGCV,0.3471617167363117,anti-toxic
GFCIDIDCD,0.3471617167363117,anti-toxic
GCRVYDFCD,0.34714331949479055,anti-toxic
GLCSCDYGR,0.34713839077116904,anti-toxic
GYGDFCCVF,0.3471347829100199,anti-toxic
GRNGRSFGY,0.34713202768017504,anti-toxic
GLGIRLCNN,0.3471312484830438,anti-toxic
GLHCRNVVC,0.3471114657114476,anti-toxic
GYCGDDLGH,0.3470765341434149,anti-toxic
GYSDRDGLR,0.34705221923005164,anti-toxic
GFHVYISCG,0.34704287845895143,anti-toxic
GHGFSCGDR,0.34704287845895143,anti-toxic
GCGFYDDVC,0.3470300410937947,anti-toxic
GCDDGGGSD,0.34701843251135533,anti-toxic
GLSLHGDCD,0.3469813244255547,anti-toxic
GHFCHDFFH,0.3469813244255547,anti-toxic
GHIVGSHYY,0.3469604774565406,anti-toxic
GNCRFGVYG,0.34694367917073954,anti-toxic
GFGCHNSVG,0.34694367917073954,anti-toxic
GCDRIDIFS,0.34694367917073954,anti-toxic
GFCCVLGCS,0.34694037990055454,anti-toxic
GCCVFCFDS,0.34693126854078615,anti-toxic
GYCGRFDNR,0.34691482663955575,anti-toxic
GRSDSSHGC,0.3468999831769505,anti-toxic
GHCHIISFG,0.34685962217397975,anti-toxic
GLFDLNCVY,0.34684569874158594,anti-toxic
GGSCSGDCD,0.34683179972726125,anti-toxic
GCVFGCGHD,0.34681126949904706,anti-toxic
GRSFFSRGS,0.3467874862246563,anti-toxic
GCGDFFIDV,0.3467874862246563,anti-toxic
GCSFLVDVI,0.3467874862246563,anti-toxic
GHDLCYHFD,0.3467874862246563,anti-toxic
GHSSYHCVY,0.3467874862246563,anti-toxic
GFVLHNGFH,0.3467874862246563,anti-toxic
GCDCCHVYV,0.3467874862246563,anti-toxic
GIRDIGIHR,0.3467874862246563,anti-toxic
GVVLGDGRY,0.3467874862246563,anti-toxic
GIFDDNIDS,0.3467874862246563,anti-toxic
GFSIFRGRG,0.3467874862246563,anti-toxic
GHYVDLCYH,0.3467874862246563,anti-toxic
GHCCGNSVF,0.3467874862246563,anti-toxic
GNFRFCRGR,0.3467874862246563,anti-toxic
GDRCHNDSD,0.3467440546048488,anti-toxic
GVHRFNSRY,0.34671221202706715,anti-toxic
GRCCFDFLC,0.34667554023050556,anti-toxic
GVGHCNFYR,0.3466700934730554,anti-toxic
GRCYFCGIY,0.34665002951140145,anti-toxic
GVRGSYGGN,0.34664804346156936,anti-toxic
GGYCSGVCG,0.3466438940653375,anti-toxic
GFFFYVCVD,0.3466323533485995,anti-toxic
GYNSIVNSG,0.34660611454446616,anti-toxic
GLFCNDHYH,0.3466026407305259,anti-toxic
GFLGCLSDG,0.346600249971744,anti-toxic
GRLCGGCFD,0.34659527799761847,anti-toxic
GFNGNNCDG,0.3465856296177673,anti-toxic
GDHYCFCCS,0.34657864059336396,anti-toxic
GVGRGLCFH,0.34655885000884484,anti-toxic
GRRYCCHVD,0.34655885000884484,anti-toxic
GYVYDVRFG,0.3465544331029364,anti-toxic
GFNLVYFDH,0.34654506674758145,anti-toxic
GFSSIGLID,0.3465349160041598,anti-toxic
GCCGFIRFG,0.34648518805968165,anti-toxic
GCHRCVIDH,0.34646803458693315,anti-toxic
GLVCICGHD,0.34646803458693315,anti-toxic
GCCGFDGYH,0.34645709862264157,anti-toxic
GCVVGCNFD,0.34645328499084743,anti-toxic
GLSLRGRVY,0.34643281533364745,anti-toxic
GIFLDLVCG,0.3464261763187058,anti-toxic
GHGRRIGHC,0.34641928401362004,anti-toxic
GGNVFDFGR,0.34641928401362004,anti-toxic
GVSYHGGRF,0.34641928401362004,anti-toxic
GSSSLGYYV,0.3463888680398076,anti-toxic
GVVFVNGGN,0.34637169444382687,anti-toxic
GCCVCFCDN,0.34637169444382687,anti-toxic
GCSVHLCGD,0.3463529744506387,anti-toxic
GNYCRVDFR,0.3463529744506387,anti-toxic
GLYCSYHVY,0.3463480280724072,anti-toxic
GLGDFNFGR,0.3463099771255302,anti-toxic
GCYHYFCNG,0.3463099771255302,anti-toxic
GSDCRVGVV,0.3462716969931227,anti-toxic
GFSGVDFVV,0.34625753560135814,anti-toxic
GYCGCFSFR,0.3462292394216586,anti-toxic
GHVFCRGIS,0.34622674440123863,anti-toxic
GFCCFGSCG,0.34622674440123863,anti-toxic
GINCCCDFG,0.34620649017559374,anti-toxic
GFYFYSRHH,0.34619875740186884,anti-toxic
GFFIVYDVF,0.34619215442217505,anti-toxic
GRFVSFYRR,0.34619215442217505,anti-toxic
GCSVRCVVH,0.34618388017627044,anti-toxic
GILCFDVHV,0.34617709331756624,anti-toxic
GDNVSSNVN,0.34616662195608094,anti-toxic
GGDSFIDCC,0.34616662195608094,anti-toxic
GGHNGVGRR,0.3461589197191243,anti-toxic
GCIIYCGVR,0.346153016452347,anti-toxic
GHCGDCVDD,0.3461445631140453,anti-toxic
GFYVCNFFG,0.34613013790948155,anti-toxic
GHYGLIGYH,0.3461227626870168,anti-toxic
GYDVCFDGS,0.3461217549274669,anti-toxic
GCFIRYDHG,0.34607991912450864,anti-toxic
GYCGGSVFR,0.3460749438467646,anti-toxic
GYVYFLDDF,0.34604573628874613,anti-toxic
GFFYCSRGR,0.34603805638915525,anti-toxic
GIRHVVGLH,0.34603805638915525,anti-toxic
GNCFFNYDH,0.34599940567258747,anti-toxic
GCLNDNGFI,0.3459971411805044,anti-toxic
GVNVHFVDH,0.3459728829845587,anti-toxic
GYSNHDRID,0.3459601867622696,anti-toxic
GNFLRINDR,0.345951500438315,anti-toxic
GFFVNCDFC,0.3459266445515203,anti-toxic
GVFGHVHYG,0.3459155337237127,anti-toxic
GSCIRSHIR,0.345889255331756,anti-toxic
GLCISGGCS,0.34588284034679423,anti-toxic
GIHRDYCVN,0.34587796865265136,anti-toxic
GRSCDRSFD,0.3458423400803435,anti-toxic
GSYNGIFVC,0.3458423400803435,anti-toxic
GYFGLFVYS,0.3458423400803435,anti-toxic
GFYNIHHLR,0.3458423400803435,anti-toxic
GSFLSNCYH,0.3458423400803435,anti-toxic
GGSGFDDFV,0.3458423400803435,anti-toxic
GCYIRYNVH,0.3458423400803435,anti-toxic
GFRRGFGYI,0.3458423400803435,anti-toxic
GNGFVIGGY,0.3457841100018997,anti-toxic
GDGVRDDGV,0.3457817267540897,anti-toxic
GRCCFDVCG,0.34576199700696597,anti-toxic
GGVRSCLYG,0.3457557323461043,anti-toxic
GFRFRHGFC,0.3457484081059526,anti-toxic
GFLRHISCV,0.3457397306334626,anti-toxic
GYHLRFRNR,0.3457397306334626,anti-toxic
GSYSLFGVY,0.3457397306334626,anti-toxic
GNFLDCVFY,0.3457164758621308,anti-toxic
GCYVFDGCN,0.34568534252530225,anti-toxic
GCRCVDVVG,0.3456795915373472,anti-toxic
GRFSFLNFS,0.3456667256493605,anti-toxic
GFLFRVVDC,0.3456516509524047,anti-toxic
GHYDSLCFR,0.34564007609380937,anti-toxic
GCGIILRNR,0.3456121283167217,anti-toxic
GLIGVDNDG,0.3456121283167217,anti-toxic
GYDVLDFVH,0.3455968650105573,anti-toxic
GLIGSHNSG,0.3455950432252778,anti-toxic
GYYHGFGHG,0.3455927276117129,anti-toxic
GYLFVHGCD,0.3455877769481935,anti-toxic
GDFYVRRDG,0.3455697560563922,anti-toxic
GGYVCVDYY,0.3455519392123494,anti-toxic
GLYGSCVFR,0.345546412747437,anti-toxic
GGCCCCFDD,0.3455316303680004,anti-toxic
GRYCCDCVN,0.3455242144536881,anti-toxic
GSHRSNSYF,0.3454873793070866,anti-toxic
GGCDFCGLF,0.3454710424100472,anti-toxic
GFDDSYNNH,0.34545883288078827,anti-toxic
GYILRFVVY,0.3454491354523941,anti-toxic
GFYVICDVY,0.34544270484209416,anti-toxic
GCFLYCGNS,0.3454347049068991,anti-toxic
GLDFHFRHG,0.34542819096193145,anti-toxic
GGYRLCGFC,0.3454220858754863,anti-toxic
GGFSVDHHG,0.345410957395853,anti-toxic
GNDYNGCLD,0.3454010701010193,anti-toxic
GSLVRDFVC,0.34539652876807037,anti-toxic
GGYVSLFSC,0.3453881472127072,anti-toxic
GSCYFLDVH,0.34538427181521825,anti-toxic
GHVHVYVHD,0.34536042245404597,anti-toxic
GCFNLRGGD,0.3453565311182076,anti-toxic
GVFYCLGFV,0.3453494237123388,anti-toxic
GHCLDGDFV,0.3453424327078474,anti-toxic
GCFCCSLYD,0.3453374198294235,anti-toxic
GSCCLGGHG,0.3453374198294235,anti-toxic
GNILSCCCG,0.3453044074405282,anti-toxic
GYSIGVLGG,0.3452845988026127,anti-toxic
GHFDFCGVH,0.34526667221794693,anti-toxic
GGVFNHGHG,0.3452498913398033,anti-toxic
GCFDRFHHH,0.3452336581560347,anti-toxic
GGSSVCRFR,0.3451243659386566,anti-toxic
GFSFRRVLG,0.3451227508606279,anti-toxic
GICNVDNCG,0.3451139023350902,anti-toxic
GVIYSRGFI,0.3451139023350902,anti-toxic
GFCSNSFFD,0.34510628039242813,anti-toxic
GVFDRYGVR,0.34510628039242813,anti-toxic
GFLGNYVLR,0.34509762229528157,anti-toxic
GLVDYDGSN,0.34509762229528157,anti-toxic
GFRDGGLFD,0.34509283633836013,anti-toxic
GFGCSGNGD,0.34509283633836013,anti-toxic
GVFIDLYCG,0.3450855409410308,anti-toxic
GYNIRCFGS,0.34506277698841464,anti-toxic
GVHVDRFVC,0.34504682464835507,anti-toxic
GSHGIIFLI,0.34504682464835507,anti-toxic
GNICVNNCG,0.34503174524063834,anti-toxic
GLLFCDCFH,0.34502758722362586,anti-toxic
GYFRHISVD,0.3449971465194728,anti-toxic
GYDFILYDR,0.34498229395749486,anti-toxic
GGLGCCNYD,0.34497414546118793,anti-toxic
GCNCYSGLH,0.34490259894912306,anti-toxic
GCDVILCGN,0.3448968852998412,anti-toxic
GRIRGDFLD,0.344883279369863,anti-toxic
GLYYGGHVY,0.344883279369863,anti-toxic
GCDCCDSGG,0.344883279369863,anti-toxic
GYIGSVRYD,0.34486909624150325,anti-toxic
GLRRFVRNR,0.3448471949128689,anti-toxic
GILGVGVRS,0.3448089202425684,anti-toxic
GGSNRSCSG,0.3448089202425684,anti-toxic
GCLRYLVYC,0.3448089202425684,anti-toxic
GCCYRCHVY,0.3448089202425684,anti-toxic
GVYGIFDID,0.3448089202425684,anti-toxic
GGCCLVGSD,0.3448089202425684,anti-toxic
GVCGGDNCG,0.3448089202425684,anti-toxic
GISYCSDFN,0.3447878976861395,anti-toxic
GCLLYDGVR,0.3447695195183951,anti-toxic
GCGIIVDCD,0.3447503030901103,anti-toxic
GGSVSGRYD,0.3447451167412375,anti-toxic
GHHRGGGIG,0.3447389235493871,anti-toxic
GIFHNYSLY,0.3447285176723298,anti-toxic
GINFHLNGS,0.3447285176723298,anti-toxic
GLYYDLLRC,0.344714477601791,anti-toxic
GGHSFISVD,0.344714477601791,anti-toxic
GLDLGGNVG,0.3446944967188125,anti-toxic
GFHIDGYFR,0.3446944967188125,anti-toxic
GHSVHIGGR,0.3446944967188125,anti-toxic
GCHGVFHVS,0.3446944967188125,anti-toxic
GCFNFFNYN,0.34466915051775465,anti-toxic
GFCCDDVSG,0.34464327813741263,anti-toxic
GSSVSDDIH,0.3446413036901585,anti-toxic
GFFCRCFCN,0.3446413036901585,anti-toxic
GCIRHGGLS,0.3446413036901585,anti-toxic
GHSFRIVVH,0.34462116093986367,anti-toxic
GSDYDNDDV,0.3446048086622041,anti-toxic
GYVHRFHIR,0.34459639541234094,anti-toxic
GFLYYFCFN,0.3445905446342447,anti-toxic
GLLIRYRDH,0.3445247343861894,anti-toxic
GLIYNLGCC,0.34449568944507153,anti-toxic
GGYRGDYDD,0.34449568944507153,anti-toxic
GCHCGSIYD,0.34449568944507153,anti-toxic
GDNYGVRFG,0.34449568944507153,anti-toxic
GIDVDGSGD,0.34449568944507153,anti-toxic
GGCFDSDCD,0.34449568944507153,anti-toxic
GSCNLYGGR,0.34449568944507153,anti-toxic
GVVGINYYD,0.34449568944507153,anti-toxic
GYCIGGGVH,0.34449568944507153,anti-toxic
GVCRRLSFR,0.34445685073265936,anti-toxic
GYVCIFGHN,0.3444546543921848,anti-toxic
GGFSGHCVD,0.34440878709722716,anti-toxic
GFRFFGCGN,0.34440517371279233,anti-toxic
GCHGFYNDR,0.3443922736851107,anti-toxic
GYHHGNRDY,0.3443922736851107,anti-toxic
GVFIINDDF,0.34438711582403025,anti-toxic
GNVLRDYID,0.34437508558928304,anti-toxic
GNLICDVIH,0.3443623233742886,anti-toxic
GLIVDFGNG,0.344360057188534,anti-toxic
GCYFCDNLF,0.3443571805994059,anti-toxic
GCCCFFCLL,0.344351045153342,anti-toxic
GSSIHCVCG,0.3443432539858017,anti-toxic
GSYSDFFDC,0.34432887765815284,anti-toxic
GNDRYDSVS,0.34431989730265783,anti-toxic
GCYDYVDND,0.34430658431020705,anti-toxic
GCVLDILYG,0.34428603726532875,anti-toxic
GIVCFLGCD,0.34428603726532875,anti-toxic
GIIYCFCYD,0.34425514970926124,anti-toxic
GGDCNYCCD,0.34425514970926124,anti-toxic
GDVLCGNFD,0.34425514970926124,anti-toxic
GDDGNYVHR,0.34425514970926124,anti-toxic
GFCVFFDDF,0.3442440266450159,anti-toxic
GVYNHLVVR,0.34423602158567457,anti-toxic
GYFGRNGHV,0.34421728867295776,anti-toxic
GLVGFSSCD,0.34421358844008715,anti-toxic
GCDSRCGLY,0.3442034910340602,anti-toxic
GFCYHYVNR,0.344186912694131,anti-toxic
GFCCFGDDN,0.344186912694131,anti-toxic
GLSFNGRGG,0.344186912694131,anti-toxic
GRNFRYHFG,0.3441738706219696,anti-toxic
GNCYGGVVL,0.3441596782237427,anti-toxic
GSFRSRFRL,0.3441546650993953,anti-toxic
GYFLRCGRR,0.3441546650993953,anti-toxic
GNDYLNRVG,0.34415287498049113,anti-toxic
GCDVRDSDH,0.3441463738880017,anti-toxic
GFCFDDFDR,0.3441403936029248,anti-toxic
GYYYCCCGD,0.3441358762663264,anti-toxic
GFFDFDCCG,0.3441358762663264,anti-toxic
GGCHRLVNS,0.3441188909593983,anti-toxic
GYDFSSCVN,0.344108445119902,anti-toxic
GLVDLSHIV,0.3440750397535831,anti-toxic
GLLDSSIYY,0.3440646278891831,anti-toxic
GNIVIDVCN,0.3440646278891831,anti-toxic
GYFILCDGF,0.3440540271964087,anti-toxic
GFCDCGCVD,0.3440254192508769,anti-toxic
GVNFIIHGN,0.3439945860404862,anti-toxic
GCIGFVSCG,0.34398348926551814,anti-toxic
GVLCGLVGH,0.34397254806653277,anti-toxic
GFYHCLGCY,0.3439257203294179,anti-toxic
GCNCSDDVF,0.34390999214537266,anti-toxic
GLCCDDVCS,0.34390701784139865,anti-toxic
GVYYFGSGG,0.343893371296066,anti-toxic
GCFGYGGYC,0.3438902474484129,anti-toxic
GFGYLNVCG,0.343872747217439,anti-toxic
GRYRYGGSD,0.3438522900949451,anti-toxic
GRICSLGSS,0.34384310557787506,anti-toxic
GFCHDNVFC,0.3438373220792079,anti-toxic
GFCYGGGYH,0.34383044374659666,anti-toxic
GNNVGSHLH,0.34381624670889077,anti-toxic
GCVSVHVFV,0.343811868674123,anti-toxic
GLYRFYSHL,0.34378197608493105,anti-toxic
GYCDVFCLD,0.34378197608493105,anti-toxic
GSYRGCHDF,0.34378197608493105,anti-toxic
GSFVDHGCN,0.34378197608493105,anti-toxic
GGCNYGSFR,0.34378197608493105,anti-toxic
GVLCGVGVR,0.34375646461654746,anti-toxic
GGRCYFSGD,0.3437440646465671,anti-toxic
GFFRRVRCC,0.3437258910481251,anti-toxic
GFYCYLFFG,0.34369440788584354,anti-toxic
GFYVLNCVG,0.34369440788584354,anti-toxic
GHRYGDHCF,0.3436885827692269,anti-toxic
GLHGLNGVN,0.3436833333239503,anti-toxic
GRSRVLGVR,0.3436742508005134,anti-toxic
GVSRSCSFG,0.3436742508005134,anti-toxic
GSLYHDGNG,0.343665298213302,anti-toxic
GCFVSDVFH,0.343642039082946,anti-toxic
GSNISDVLG,0.343642039082946,anti-toxic
GFFLDIDFG,0.34363579468892574,anti-toxic
GYHSCDIYG,0.3436265471007836,anti-toxic
GFYNVSSCG,0.34362147021613537,anti-toxic
GYCDHNCVG,0.3436174394351497,anti-toxic
GFNIFDYVN,0.34358234634944496,anti-toxic
GCCVVVRYG,0.34358234634944496,anti-toxic
GSFCCHGFN,0.34356706747094407,anti-toxic
GFFNFDCYV,0.34355851609445787,anti-toxic
GGCRVDLGG,0.3435492559854605,anti-toxic
GSDIIRGVR,0.3435282252848969,anti-toxic
GSSRSYGFC,0.34352181328336273,anti-toxic
GFCYYVYGD,0.34349083749570347,anti-toxic
GSCNFSGCY,0.3434558957787734,anti-toxic
GIDRLVFHH,0.3434338442170686,anti-toxic
GFFVICHDG,0.3434338442170686,anti-toxic
GSGCFGYVG,0.3434338442170686,anti-toxic
GYCRGDGVR,0.34341271426440895,anti-toxic
GRFICDGFN,0.34340859380385735,anti-toxic
GFCCCYCDN,0.3433924493276598,anti-toxic
GCLGDFCVG,0.3433888535942267,anti-toxic
GHYDHSLID,0.34337299735435556,anti-toxic
GNDRDLSCD,0.34337299735435556,anti-toxic
GSFGCLHGD,0.343345239813639,anti-toxic
GYHYINFCS,0.34331905778005745,anti-toxic
GCNDLGRCR,0.34331905778005745,anti-toxic
GGSCLGSGG,0.34331905778005745,anti-toxic
GVYCGVGFH,0.34331905778005745,anti-toxic
GCDGSYHVY,0.34331905778005745,anti-toxic
GLRSCDHYF,0.34329915837883496,anti-toxic
GVYYSCGVV,0.3432863758007439,anti-toxic
GFCFINVVN,0.3432863758007439,anti-toxic
GFLRVRRYC,0.3432863758007439,anti-toxic
GIRVFDNIV,0.343227675458436,anti-toxic
GDCGSFFFR,0.343227675458436,anti-toxic
GLNVCILSG,0.34321612000240004,anti-toxic
GSCDSYVHS,0.34321159017974745,anti-toxic
GGIDFFGLR,0.3432012190920727,anti-toxic
GIHCDGSCG,0.34317764751715835,anti-toxic
GCRDYIVCV,0.34315320156956225,anti-toxic
GCDRVNRVL,0.34315320156956225,anti-toxic
GCHGSCFNH,0.34315320156956225,anti-toxic
GCFFDGRYR,0.34315320156956225,anti-toxic
GYLFLLDCY,0.34315320156956225,anti-toxic
GLFDSSVFV,0.3431313475259344,anti-toxic
GSFVGCSFR,0.34312942545645525,anti-toxic
GLNHLFYNS,0.3431209036123166,anti-toxic
GCHYCFSGH,0.34311652129235265,anti-toxic
GCHDNCCYG,0.3430976918098569,anti-toxic
GFVFSNVSD,0.34309134066469255,anti-toxic
GFYCCSCFS,0.34309134066469255,anti-toxic
GVCCRCVFD,0.3430802047659778,anti-toxic
GFYLCLDFF,0.34307298463510755,anti-toxic
GSNCYSLHI,0.34307298463510755,anti-toxic
GDGVVFVDG,0.3430391386714927,anti-toxic
GGFIDGSYS,0.3430391386714927,anti-toxic
GSLCCDVCN,0.3430391386714927,anti-toxic
GFLNCLFGD,0.34301597938702366,anti-toxic
GRSIVHVFS,0.34299449720751723,anti-toxic
GVGLYSGYH,0.34296107837160345,anti-toxic
GVRRIINVV,0.3429558846729816,anti-toxic
GVFGCDGFL,0.34295040236816376,anti-toxic
GGVRDFVVY,0.34292215699215833,anti-toxic
GFLYCNGCR,0.3428660647115633,anti-toxic
GFVFYRVHF,0.3428660647115633,anti-toxic
GGCGGHGFI,0.3428660647115633,anti-toxic
GFCHVVFDG,0.3428316210425377,anti-toxic
GGCCHGSLG,0.34282129900705494,anti-toxic
GCSCYCDFG,0.34281731463573295,anti-toxic
GYSCVFCDS,0.34281340912737734,anti-toxic
GFCSYFVYR,0.3428114852187235,anti-toxic
GYYFVLVNV,0.3428021430411077,anti-toxic
GFCFGCCVG,0.3428021430411077,anti-toxic
GDHFCDRCG,0.3427847437709824,anti-toxic
GDYSGLCVG,0.3427847437709824,anti-toxic
GDVRRDNCY,0.3427543299272147,anti-toxic
GVCVNGRFF,0.34270662622748493,anti-toxic
GFIFSLHGH,0.34270662622748493,anti-toxic
GSGCFLDID,0.34270662622748493,anti-toxic
GCFVDYGFL,0.342687575299405,anti-toxic
GFVHCNGID,0.3426840678189039,anti-toxic
GVFYCFDSC,0.34267092002982413,anti-toxic
GFLYFLFFS,0.34265974113480807,anti-toxic
GFCYNFGFC,0.34261154557052004,anti-toxic
GVYDVFIVD,0.3426029233987313,anti-toxic
GLGICYGLD,0.34257509159123956,anti-toxic
GLYYVVGVH,0.34257220552049966,anti-toxic
GNFSCYCDH,0.3425241633514455,anti-toxic
GFSLCYGYC,0.3425192014319831,anti-toxic
GDVSCCGFH,0.34250822237889467,anti-toxic
GFCRYDGVR,0.34249330355297464,anti-toxic
GSLGCGDVG,0.3424914581573572,anti-toxic
GVFCNIRDG,0.3424226808222063,anti-toxic
GRDGGGFFR,0.3424226808222063,anti-toxic
GCRCFFHGY,0.3424226808222063,anti-toxic
GCVDHCNFD,0.3424226808222063,anti-toxic
GFNCDGRVD,0.3424226808222063,anti-toxic
GYHRYVGFL,0.3424226808222063,anti-toxic
G_SCISYRG,0.3424226808222063,anti-toxic
GLRYRCGRC,0.3424226808222063,anti-toxic
GGRCSNYDN,0.3424226808222063,anti-toxic
GFRCRDCYH,0.3424226808222063,anti-toxic
GCSCYCSGG,0.3424226808222063,anti-toxic
GCLGHSHVR,0.3424226808222063,anti-toxic
GLCNRCDVG,0.3424226808222063,anti-toxic
GNSVRCRCG,0.3424226808222063,anti-toxic
GIIGCSGDV,0.3424226808222063,anti-toxic
GRDGVHGYV,0.3424226808222063,anti-toxic
GHGFDDLSG,0.3424226808222063,anti-toxic
GGSRLDHHF,0.3424226808222063,anti-toxic
GCLVRLHFH,0.3424226808222063,anti-toxic
GFCGVCRVD,0.3424226808222063,anti-toxic
GHLFSFNVS,0.3423476147980105,anti-toxic
GIFCSDRLG,0.3423360903559831,anti-toxic
GLNVSSVFV,0.3423210439198226,anti-toxic
GVVLRNRIV,0.3423190429546572,anti-toxic
GYFLYRNVY,0.3423101838699121,anti-toxic
GFLGCGCDL,0.3423051610049817,anti-toxic
GLHCCSLYS,0.3422936377423969,anti-toxic
GVCCIGGGG,0.34228814101880584,anti-toxic
GNFVNLHCS,0.34226535624816073,anti-toxic
GGIGCLGGR,0.342251732391775,anti-toxic
GVFSGLIFR,0.342251732391775,anti-toxic
GFDNYYGCR,0.3422479495859312,anti-toxic
GSDDNCYDN,0.3422355252571882,anti-toxic
GFVRCVGLR,0.34222119880425556,anti-toxic
GIRDSFNGG,0.34221036378942543,anti-toxic
GCGRCSVRF,0.3421982972047616,anti-toxic
GVYNYLFHL,0.3421950631640068,anti-toxic
GGSIGVDGS,0.34218236292513815,anti-toxic
GGDYSSSYC,0.3421773859939381,anti-toxic
GCGGVDCCD,0.34215673195786156,anti-toxic
GVVYIDDFI,0.34215673195786156,anti-toxic
GHIGCDVGG,0.3421211921034666,anti-toxic
GNLHSGHDH,0.3421092239468857,anti-toxic
GLLHGDFVY,0.34207468843026717,anti-toxic
GCCGYCYDG,0.3420708116663136,anti-toxic
GRGGSFVGG,0.342066847552072,anti-toxic
GVSCFDSGY,0.3420316006679961,anti-toxic
GCSCHHGLR,0.34201122225812425,anti-toxic
GFLYCIDGD,0.34201122225812425,anti-toxic
GCCSDIDYH,0.34201122225812425,anti-toxic
GRDLYFGYV,0.3419886033428876,anti-toxic
GNSGLGGIR,0.3419633529296764,anti-toxic
GVHGFINDY,0.34193498343024425,anti-toxic
GRVVSLSVG,0.34193498343024425,anti-toxic
GRYSLINSC,0.3419333497769273,anti-toxic
GDCFCIHYN,0.3419028788667919,anti-toxic
GFCDFDVSG,0.3419028788667919,anti-toxic
GYRVCCFVD,0.341891216980353,anti-toxic
GFYFYVCHF,0.341891216980353,anti-toxic
GNCRCFYFR,0.3418851875829268,anti-toxic
GIVCGGSCG,0.34186624963538637,anti-toxic
GDLVCCCDN,0.34183882079892897,anti-toxic
GSCIIGGFH,0.34182406669310617,anti-toxic
GLLSGDFYR,0.3418085475849588,anti-toxic
GFYYYGVVH,0.3417922023927211,anti-toxic
GCVHVFSVR,0.3417749633540406,anti-toxic
GFYYYFCRY,0.3417472615851329,anti-toxic
GNCVDNGCR,0.3417472615851329,anti-toxic
GFYRCDCID,0.3417431095706976,anti-toxic
GGYRYDFVC,0.3417418695229513,anti-toxic
GVLIRHGDS,0.34171708443319754,anti-toxic
GCSYVYGLN,0.34171708443319754,anti-toxic
GLCRGGNFV,0.34171708443319754,anti-toxic
GIYSNYYDG,0.34171708443319754,anti-toxic
GRRCSVGFH,0.34171708443319754,anti-toxic
GDDGSRGCS,0.34170096153371343,anti-toxic
GCFDYDGYH,0.3416985979169915,anti-toxic
GNNISSDIG,0.3416954222399166,anti-toxic
GLDFSDSDH,0.34168408458652666,anti-toxic
GYFRGGRCG,0.3416663994262072,anti-toxic
GGFGVGGFV,0.3416627602750301,anti-toxic
GFYCHNCIC,0.3416478465722453,anti-toxic
GFVDLCSYS,0.3416478465722453,anti-toxic
GVYLSYSFD,0.341629894213691,anti-toxic
GFVFGLNSC,0.3416161913018567,anti-toxic
GLDLVLHVY,0.34160181885963753,anti-toxic
GFCVLVDDI,0.3415993735009406,anti-toxic
GFDGIYCFS,0.34159361060815313,anti-toxic
GFFSCIRDD,0.3415635421010685,anti-toxic
GNVNDNCGN,0.3415635421010685,anti-toxic
GVCYINRHR,0.3415635421010685,anti-toxic
GLYSSSSVY,0.3415572647631979,anti-toxic
GVCSYDGVV,0.3415467232146497,anti-toxic
GIYVYYGLR,0.3415395193955335,anti-toxic
GCLGCSSFG,0.3415395193955335,anti-toxic
GFINHYRCR,0.3415312104813325,anti-toxic
GDVFFLDCN,0.3415312104813325,anti-toxic
GVCVHGFFN,0.3415023483993509,anti-toxic
GISRGDGNG,0.3414816306557289,anti-toxic
GCINGYGLS,0.34147787737074686,anti-toxic
GNGVNDSFL,0.3414586527195894,anti-toxic
GCCFRHVID,0.34143452457814016,anti-toxic
GFRGVGRFG,0.34140542709517036,anti-toxic
GCRLCCHYD,0.3413863546535154,anti-toxic
GGSYHRHRY,0.34138245402092854,anti-toxic
GVFCGCHGN,0.34136655336988503,anti-toxic
GVGGCFGVR,0.341361484248012,anti-toxic
GICGFCGVH,0.341361484248012,anti-toxic
GYFVDHCYG,0.34135873451325804,anti-toxic
GCDYLIVYR,0.3413584193502396,anti-toxic
GHDDSSVVS,0.3413563662306425,anti-toxic
GCYFIGGGS,0.3413245905231542,anti-toxic
GCGHCCDCG,0.3413245905231542,anti-toxic
GFLLNDYGH,0.3413245905231542,anti-toxic
GGLVIDVIS,0.3413172703569286,anti-toxic
GFYRCFSGD,0.34130827746157266,anti-toxic
GVYHDCSVH,0.34130516465228994,anti-toxic
GGDLDYVHD,0.3412985357202605,anti-toxic
GDDHNGFLR,0.3412712144422287,anti-toxic
GLRGGGNFR,0.34124253204734967,anti-toxic
GYFCRGVYG,0.3412297974458591,anti-toxic
GNVDGIDVR,0.34121238422311045,anti-toxic
GVFSFCDFR,0.3411806557185678,anti-toxic
GRISHINLY,0.3411714714234756,anti-toxic
GGVYYFGCS,0.3411472188719636,anti-toxic
GYFDFDYCR,0.3411472188719636,anti-toxic
GRVFSFRNG,0.3411472188719636,anti-toxic
GYRGFGGVY,0.3411472188719636,anti-toxic
GDHVGIVGD,0.3411119318939306,anti-toxic
GYCHDGVID,0.34110463889429304,anti-toxic
GSCVNGSGS,0.34110463889429304,anti-toxic
GFSHIDCGG,0.3410884417331416,anti-toxic
GICVNHCYG,0.3410691350367503,anti-toxic
GIFVFFGCD,0.3410591177494578,anti-toxic
GDRFGFRSG,0.34105366216558597,anti-toxic
GCLFIGCCD,0.3410523567764458,anti-toxic
GFCVGGYCD,0.34103515733556505,anti-toxic
GFCSDCFYD,0.34103515733556505,anti-toxic
GHFILDRFH,0.34103515733556505,anti-toxic
GFCCSDIFR,0.34103515733556505,anti-toxic
GSYFRSNCG,0.34101453752348715,anti-toxic
GHYRVIGHH,0.3410103397989485,anti-toxic
GCCHSYSFY,0.34099942984181525,anti-toxic
GHYDNNNVG,0.34099329560900093,anti-toxic
GFFVDFNCY,0.34099329560900093,anti-toxic
GVRIHSFLC,0.3409808671321187,anti-toxic
GLSSGSIDH,0.3409808671321187,anti-toxic
GHDVFCSSD,0.3409808671321187,anti-toxic
GSCGVFDGS,0.34097140300751405,anti-toxic
GLVIVDHSG,0.34095794256393247,anti-toxic
GSLDHSSCG,0.3409015077016735,anti-toxic
GFCIFDCFG,0.3408639730677187,anti-toxic
GVCDCDCFY,0.34083347378880563,anti-toxic
GNYVSNNVF,0.3408245392509796,anti-toxic
GCCVCIVFR,0.3408245392509796,anti-toxic
GHDCHCSDN,0.3408171541067878,anti-toxic
GGHGSYGFS,0.34079712253546884,anti-toxic
GDVLVYYVY,0.34079712253546884,anti-toxic
GHGFYLSSS,0.3407745024421331,anti-toxic
GSNYIFHVS,0.3407665250267545,anti-toxic
GVYHDCCYG,0.3407646142468274,anti-toxic
GIGCLLFGG,0.34075050652428795,anti-toxic
GCFGYVDCY,0.3407393667694547,anti-toxic
GNSCYCGGN,0.3407393667694547,anti-toxic
GCVYNFDID,0.3407393667694547,anti-toxic
GYYFVDSFL,0.34071333851246316,anti-toxic
GNHFISVGS,0.3407027004279324,anti-toxic
GRFFFCDVV,0.3406932828897528,anti-toxic
GYFNRYRCG,0.34067735570603774,anti-toxic
GLFGCDHYI,0.34066209508155126,anti-toxic
GNCCGIDVR,0.3406498574009091,anti-toxic
GGGGGRGRR,0.34064894612122604,anti-toxic
GYDNSFVGS,0.34064460471760516,anti-toxic
GVLVHFGFC,0.34061970893486443,anti-toxic
GGYCFLGYH,0.34061922333560696,anti-toxic
GGNRHLDYH,0.34057738782050834,anti-toxic
GIGIIICDG,0.34053853694765485,anti-toxic
GFRGYVGYH,0.34053853694765485,anti-toxic
GCFGDCGFC,0.34053853694765485,anti-toxic
GFSIVNDFI,0.34053853694765485,anti-toxic
GVDDNGILR,0.34053853694765485,anti-toxic
GDFCNFVFD,0.34053853694765485,anti-toxic
GCLFNDDIL,0.34053853694765485,anti-toxic
GIIFYLRDG,0.3404924799475689,anti-toxic
GYISHCLSG,0.34048061170823535,anti-toxic
GIFVDDCFC,0.34048061170823535,anti-toxic
GCCDRDFVF,0.340472044643781,anti-toxic
GGYSYFCDV,0.3404530879593018,anti-toxic
GVFCGNSSG,0.340419011838354,anti-toxic
GYNCLCDDH,0.34041312811241775,anti-toxic
GCGDFGGVF,0.34040068756325564,anti-toxic
GVCVFHRSD,0.3403892435526118,anti-toxic
GRCGVFFCD,0.34033628986747444,anti-toxic
GGRLIGGSG,0.340323911550698,anti-toxic
GSDDDFIVC,0.340323911550698,anti-toxic
GVYLFGGYG,0.34025060053062123,anti-toxic
GVSHHNVGD,0.340232130917541,anti-toxic
GFRVFSVDY,0.3402237167222681,anti-toxic
GYFVFDGVH,0.3402142550719174,anti-toxic
GCINSGFYG,0.34020830008138664,anti-toxic
GFCSDYSVG,0.3401876826186541,anti-toxic
GFIFCCDFD,0.34015481936638414,anti-toxic
GLLVYHYDS,0.34014291452730766,anti-toxic
GFFVSLCGS,0.34014291452730766,anti-toxic
GHVYGFSFS,0.3401278565559141,anti-toxic
GYGCVNRYY,0.3401278565559141,anti-toxic
GFFYDNHCF,0.34010122497645445,anti-toxic
GFVFHSSYV,0.34009401850362364,anti-toxic
GFCIGSGVH,0.34009401850362364,anti-toxic
GYLDCVRGI,0.34009401850362364,anti-toxic
GFCGFDFDH,0.34009242033739123,anti-toxic
GVYDSCGVR,0.34007089990246814,anti-toxic
GNFVIHVYS,0.34003396704165956,anti-toxic
GCNDHCSGG,0.3400270889863355,anti-toxic
GICIRSCFS,0.3400232576917517,anti-toxic
GLIYSVGDR,0.3399480616943509,anti-toxic
GYIVLDRSD,0.3399480616943509,anti-toxic
GCDGGCVVG,0.3399396032522214,anti-toxic
GHYYGGSCD,0.3399138773909838,anti-toxic
GFNINNGCR,0.33989525672353943,anti-toxic
GYFGSDGCN,0.33989525672353943,anti-toxic
GRYLDYGGV,0.33989525672353943,anti-toxic
GLDCYICDH,0.33986800003279066,anti-toxic
GLGVCLIYG,0.3398636425120648,anti-toxic
GSDCLLIYF,0.3398587833546587,anti-toxic
GLFSYLNYI,0.3398375869877129,anti-toxic
GYGCFVHYG,0.33983544805910215,anti-toxic
GICDDCGSR,0.3398320797249332,anti-toxic
GGYNSDHCG,0.3398320797249332,anti-toxic
GLFVSFDYY,0.3398320797249332,anti-toxic
GFCVNIGNG,0.339816317576276,anti-toxic
GHSNRFCCS,0.33978969846498747,anti-toxic
GVDLDVGRC,0.33973769865710474,anti-toxic
GVYGRSDSF,0.33973769865710474,anti-toxic
GNDDVCGSD,0.33973769865710474,anti-toxic
GLLDISGCR,0.33973769865710474,anti-toxic
GFDYIIVDG,0.33973769865710474,anti-toxic
GHGHGNVVV,0.3397046912862431,anti-toxic
GFSHILDSF,0.33969475490274087,anti-toxic
GFYNDLGIG,0.3396453119561211,anti-toxic
GFYVVFHYF,0.339618509776246,anti-toxic
GHHLNFCDG,0.33959809811783975,anti-toxic
GLHRVYCID,0.33959339080334194,anti-toxic
GCYFFCCDG,0.33956980130376235,anti-toxic
GVRIRSCFY,0.3395641266625065,anti-toxic
GIVFLVIDS,0.3395641266625065,anti-toxic
GLCSDIDCG,0.3395591903480026,anti-toxic
GVIDFDVYG,0.3395576846056812,anti-toxic
GCGVYGVCS,0.33953699258471803,anti-toxic
GDFCCNGCG,0.3395295990168138,anti-toxic
GSYVIDVLF,0.33952760892623485,anti-toxic
GSCVIGSFR,0.33951398421503226,anti-toxic
GNIHRIGIF,0.33948824748315687,anti-toxic
GFVHGLFDH,0.33946072914061165,anti-toxic
GLGHGDIYG,0.33945144130644067,anti-toxic
GDDYFHYVC,0.339437827272744,anti-toxic
GVICVCDFG,0.3394326897906284,anti-toxic
GDCLFVDVD,0.3394307364611695,anti-toxic
GNFSVLGSY,0.33940823007493365,anti-toxic
GCYSCDIFL,0.33940823007493365,anti-toxic
GCYFSLCDN,0.3394018937557951,anti-toxic
GIYCCGNVN,0.3393995526024436,anti-toxic
GFCVVNFHD,0.3393902540867398,anti-toxic
GDIFHSRYD,0.3393856440967241,anti-toxic
GGLGLSGCV,0.33935241584851406,anti-toxic
GCFLSDVVF,0.33934529340619024,anti-toxic
GYYHFRRGD,0.33934529340619024,anti-toxic
GLYYCRDCF,0.3393423510216842,anti-toxic
GYNGDCRFG,0.33932970606565654,anti-toxic
GRGFLCGDY,0.3393103035188121,anti-toxic
GFIGNDVFC,0.33929449575926374,anti-toxic
GSVDYDLDN,0.33929449575926374,anti-toxic
GDHVIGRGC,0.33929449575926374,anti-toxic
GHFVGLLGY,0.33929449575926374,anti-toxic
GLGHDFFFV,0.33927967266313436,anti-toxic
GLFGHGHVY,0.3392716957549587,anti-toxic
GFVRFDGGV,0.33923434833421046,anti-toxic
GFFGCNVYS,0.339187697656696,anti-toxic
GSLFCYCVY,0.339187697656696,anti-toxic
GYYVCFVLN,0.339187697656696,anti-toxic
GYFVDYLVD,0.3391743898235152,anti-toxic
GRDVFIRFR,0.3391718425745737,anti-toxic
GHGHNGRDN,0.3391590461685505,anti-toxic
GVFSYHDRY,0.33914790341266726,anti-toxic
GCRVCSVCD,0.33913452199613087,anti-toxic
GRYCDDHHL,0.3391200452721206,anti-toxic
GGSDLCNGH,0.3390994533239931,anti-toxic
GNNVSSCDL,0.33909473747327873,anti-toxic
GGCNSYFDR,0.33907334945121625,anti-toxic
GVVDGGFIY,0.33905503599396564,anti-toxic
GGLRRSVVF,0.33904525932091495,anti-toxic
GFCDVFGYC,0.3390391785961765,anti-toxic
GIGCSHLYG,0.3390391785961765,anti-toxic
GSYIRVCDG,0.33902531422541426,anti-toxic
GLLYSGVGG,0.3389988739659375,anti-toxic
GYYGLNGFL,0.3389925178943423,anti-toxic
GDNRHDYYN,0.33898992899413577,anti-toxic
GYDGCCVCD,0.3389865946602958,anti-toxic
GDSHVRGLR,0.3389621487126997,anti-toxic
GNCNVSCFD,0.33894080693614553,anti-toxic
GYSCCVHFN,0.3389339468566618,anti-toxic
GFCGVVDVY,0.33893235047042225,anti-toxic
GCGVCCDCG,0.33893235047042225,anti-toxic
GGFSGYCNH,0.3389155730805137,anti-toxic
GHSFCFVFG,0.3389076883098566,anti-toxic
GGCDYGCCG,0.3388682214264299,anti-toxic
GNYRFDIHN,0.33886602406262595,anti-toxic
GINCYIRFR,0.33886024949076277,anti-toxic
GVGCFGSVG,0.33881855655338095,anti-toxic
GLFIRVFRI,0.33881855655338095,anti-toxic
GCYFSDCFF,0.33881855655338095,anti-toxic
GHFSFNSHG,0.33881855655338095,anti-toxic
GFCHVNFHN,0.33881855655338095,anti-toxic
GFHVIGCCG,0.33881855655338095,anti-toxic
GFYVIYSHV,0.33881855655338095,anti-toxic
GCCDCDSGS,0.33881855655338095,anti-toxic
GLRNCGNGD,0.3387949015256291,anti-toxic
GILGYCFDN,0.3387695142088082,anti-toxic
GICFCCDFR,0.33876287420419215,anti-toxic
GFGRGLGSD,0.33875658088693217,anti-toxic
GCGCRVGFC,0.33875658088693217,anti-toxic
GICCFSFHR,0.33875658088693217,anti-toxic
GNCSDSNGD,0.33872203594360417,anti-toxic
GRYVLGVDD,0.33869709256660036,anti-toxic
GFIFSIDFY,0.3386874091926068,anti-toxic
GRCNYHGHD,0.3386874091926068,anti-toxic
GLCFGVRHS,0.3386625319488994,anti-toxic
GRNIVFRDR,0.3386625319488994,anti-toxic
GRVLCRGVH,0.3386625319488994,anti-toxic
GCFCDCGIR,0.33864972146907013,anti-toxic
GVYCVSGHR,0.33863323780429067,anti-toxic
GILVSNDDF,0.33862600745605564,anti-toxic
GGNSGGCGN,0.3386097109220886,anti-toxic
GFCLGFVDG,0.33860747782169087,anti-toxic
GSCIRLVNS,0.33858500210736325,anti-toxic
GCLCRFCDS,0.33858500210736325,anti-toxic
GCFGSFCDN,0.33857934174044596,anti-toxic
GHCRFIGVH,0.33857340019242377,anti-toxic
GFLRCVNDH,0.33854953646838204,anti-toxic
GVLFVGGDS,0.33852180595631876,anti-toxic
GFFYCCGVF,0.3385168583947365,anti-toxic
GHFRFGCFN,0.33849238719377384,anti-toxic
GRGCGDDGL,0.33849238719377384,anti-toxic
GVCDVLFDG,0.3384717590567902,anti-toxic
GSRSIGDSS,0.33845649360460484,anti-toxic
GFDCFCHVD,0.33843787473332787,anti-toxic
GRRRRYCCG,0.3384014068892821,anti-toxic
GGHVFVRYG,0.3383987455183681,anti-toxic
GFFGVHVFL,0.3383849125014727,anti-toxic
GYNSFVRYS,0.33838009666565555,anti-toxic
GFYFLCGFY,0.3383791206341698,anti-toxic
GCSYCVGIR,0.3383769759541751,anti-toxic
GFSVSRGDN,0.3383679433989961,anti-toxic
GSNLIFYGN,0.3383543186877935,anti-toxic
GCCLGHGVN,0.3383506507994793,anti-toxic
GFYHCSVLF,0.33830611462737403,anti-toxic
GCGVYSGLC,0.3382904471556682,anti-toxic
GLCVYHLDG,0.33828479820070684,anti-toxic
GLDYNSFCS,0.3382780530836107,anti-toxic
GSDIVFVVH,0.3382780530836107,anti-toxic
GFGYYRSVF,0.3382780530836107,anti-toxic
GLDSNLNIY,0.3382680035763292,anti-toxic
GRGIDDCCH,0.33826506328350187,anti-toxic
GFYFCSVDH,0.3382567545680036,anti-toxic
GVRLGYHVD,0.33824674016807,anti-toxic
GGYYSGSYN,0.3382124850869564,anti-toxic
GCGVRGDSD,0.338211576046606,anti-toxic
GFYVIDSCL,0.33817180366854777,anti-toxic
GVNGGSNFH,0.33817180366854777,anti-toxic
GRCNCDLYN,0.33817180366854777,anti-toxic
GCYFHYHVC,0.33817180366854777,anti-toxic
GGNCLCGFR,0.33817180366854777,anti-toxic
GCCIDCSVG,0.33817180366854777,anti-toxic
GYCDRLYGG,0.33817180366854777,anti-toxic
GCCIYVVDY,0.33817180366854777,anti-toxic
GGFSYHLVD,0.33816003560552216,anti-toxic
GGCIGCSGG,0.33814783135148807,anti-toxic
GFFDLGVLG,0.33813331773809563,anti-toxic
GHHGCYGHG,0.3381013070395637,anti-toxic
GIYRGGRCH,0.3381013070395637,anti-toxic
GYNDSCCCD,0.338079331724857,anti-toxic
GSDDCHRGR,0.33806391781979944,anti-toxic
GRCVSYGNG,0.3380599633790152,anti-toxic
GFISDIDVD,0.33805111602516913,anti-toxic
GCYLFDHVN,0.33802203521182617,anti-toxic
GIRNRNFGN,0.33801356191715115,anti-toxic
GCCGDCYVN,0.33801356191715115,anti-toxic
GRINFDYGH,0.3379981206100829,anti-toxic
GRCGVDRIR,0.33799106602313134,anti-toxic
GYVYRVCVD,0.33797723600170165,anti-toxic
GDGLYNVYV,0.33796111405984414,anti-toxic
GVINGCGLH,0.33795305836705286,anti-toxic
GCNYIDCVG,0.33794979354732757,anti-toxic
GLDRSVRDV,0.3379487950119676,anti-toxic
GVYVSGGGG,0.3379420789967522,anti-toxic
GRSYSGVVR,0.3379420789967522,anti-toxic
GGGCYGFVG,0.33791534413374996,anti-toxic
GDYLHYHNR,0.337912832592357,anti-toxic
GYGFVFNCD,0.337912832592357,anti-toxic
GYFHRFIVR,0.3379013556171075,anti-toxic
GGFIHDVIR,0.3379013556171075,anti-toxic
GISDYYGLY,0.3378974650481894,anti-toxic
GVGVYLCSG,0.3378969258262384,anti-toxic
GFCIVYDFY,0.3378902648404217,anti-toxic
GNGGFGRDG,0.3378869269893248,anti-toxic
GNYCISNGG,0.3378807150619021,anti-toxic
GHVGCDNGG,0.33787505307148563,anti-toxic
GVFSLDDCV,0.33783584443317943,anti-toxic
GFYCLDCYS,0.33783264357172993,anti-toxic
GVYCYLVYI,0.3378243680644953,anti-toxic
GLGGVGGFI,0.33780531713641543,anti-toxic
GYDLFHSLV,0.33775280268872104,anti-toxic
GCCYYGRVH,0.33775280268872104,anti-toxic
GYGDDGHVH,0.33775280268872104,anti-toxic
GLIDVLGYH,0.33775280268872104,anti-toxic
GCFCYIGNS,0.33774375969110687,anti-toxic
GDVIVHGHG,0.3377321008043163,anti-toxic
GCGGGVSCG,0.33764410678478657,anti-toxic
GNNRVYGVF,0.33763276883540916,anti-toxic
GNCNDDCLS,0.3376257757596257,anti-toxic
GYRFRCYGD,0.33762379794043745,anti-toxic
GLCGRGSSG,0.33760277436633673,anti-toxic
GFYVGNGCR,0.3375522679259625,anti-toxic
GRYVRHISL,0.3375468294897437,anti-toxic
GGICYFRDI,0.3375468294897437,anti-toxic
GISGSCGFF,0.3375468294897437,anti-toxic
GISLSIGIG,0.33754049603514646,anti-toxic
GCDVHVGDR,0.3375166355534919,anti-toxic
GRFVVCHNR,0.3375107210314478,anti-toxic
GFICNCDGD,0.3375107210314478,anti-toxic
GFYFRFFDH,0.3375107210314478,anti-toxic
GIFCLYYDR,0.33749795639309216,anti-toxic
GHHGDLVCG,0.33749569691984843,anti-toxic
GGYFFDRVN,0.3374910556083176,anti-toxic
GRIYCCHFF,0.33748226478555826,anti-toxic
GGHYCCGYC,0.3374592612906561,anti-toxic
GCVSFGRGG,0.3374592612906561,anti-toxic
GVIDDISYH,0.3374592612906561,anti-toxic
GCCVCVNSG,0.33744470742989835,anti-toxic
GISCGGFVG,0.33744278609170486,anti-toxic
GYYVIFRGY,0.33742435156177575,anti-toxic
GCYRFFRID,0.33742435156177575,anti-toxic
GYDFLNSCG,0.3374207617133158,anti-toxic
GFFRRNVIG,0.33741079362899057,anti-toxic
GGSSCRYFH,0.33738001770282505,anti-toxic
GNCDFDGNR,0.3373664121990911,anti-toxic
GHCLYDGHC,0.3373587417943381,anti-toxic
GGDVFGFVG,0.33734664765540745,anti-toxic
GSDGSFCGG,0.3373348903374743,anti-toxic
GCRYFCRGG,0.33732184806948023,anti-toxic
GGFHYDVFV,0.33730796552814246,anti-toxic
GNYLGFSVR,0.33730796552814246,anti-toxic
GYCCCFFDG,0.33729941617172604,anti-toxic
GFCSHGVGS,0.3372830411697952,anti-toxic
GFVSRNHDV,0.33726082718641887,anti-toxic
GRNYGSVHR,0.3372421683184259,anti-toxic
GCNNHDFCG,0.3372421683184259,anti-toxic
GVNILNFCV,0.3372421683184259,anti-toxic
GFVDDVCYC,0.3372013875792154,anti-toxic
GCGYRDIHV,0.3372013875792154,anti-toxic
GGCVVRGHG,0.33719015388852924,anti-toxic
GNCLNGNSS,0.3371703781733078,anti-toxic
GVCVDISGG,0.3371535277462429,anti-toxic
GCFDCFCVY,0.3371535277462429,anti-toxic
GYGYICDHG,0.33713458979870237,anti-toxic
GCDCRDVDY,0.33712634101225775,anti-toxic
GLFGHGNDG,0.33712634101225775,anti-toxic
GFFDNCGFF,0.3371210334433225,anti-toxic
GCYDVVGVF,0.33711315079549764,anti-toxic
GCVDSVHFY,0.33710881182084035,anti-toxic
GYYSYLYGY,0.33710536110926087,anti-toxic
GGYVRVGGR,0.33710172707389147,anti-toxic
GLFRIRRGH,0.3370965703458146,anti-toxic
GIVVYHVLV,0.3370462017894621,anti-toxic
GLSCFDDSR,0.3370462017894621,anti-toxic
GVFVFVGDH,0.33703304842553095,anti-toxic
GVFVRLVYH,0.3370073510745851,anti-toxic
GFYGLLSCG,0.33700521578991266,anti-toxic
GCVFDLCGG,0.3370013412913431,anti-toxic
GSCDSGNLG,0.33699791801083306,anti-toxic
GYGVRFRYN,0.3369874584393625,anti-toxic
GDVCSHRFG,0.33697514401106893,anti-toxic
GIFVVGSGG,0.33696958429447454,anti-toxic
GFCVFVDFY,0.33694255155462566,anti-toxic
GRDGRDLRH,0.33694255155462566,anti-toxic
GLFCYHNSC,0.33694255155462566,anti-toxic
GGCVLVIDS,0.3369213400729294,anti-toxic
GDRFINGYN,0.3368968964185096,anti-toxic
GFYGCVSID,0.3368968964185096,anti-toxic
GFNDRSDVG,0.33689204632350656,anti-toxic
GFFDFDHNH,0.3368892131675153,anti-toxic
GVNVFRRDD,0.3368860432620596,anti-toxic
GCCSVGGIG,0.33686842089268865,anti-toxic
GFLFSRLVG,0.33685472658326404,anti-toxic
GLSKNIYGS,0.3368348262702079,anti-toxic
GFCDCGDVD,0.3368051817980151,anti-toxic
GFLDFRGVH,0.33680326531805543,anti-toxic
GNCNCNGLR,0.33678819062109966,anti-toxic
GCFVGYGFV,0.3367694569003202,anti-toxic
GIFLRDSLH,0.3367455479305157,anti-toxic
GRSYCGCGN,0.3367455479305157,anti-toxic
GYGGDGFVR,0.3367455479305157,anti-toxic
GLFYLRVDR,0.3367455479305157,anti-toxic
GDYVCGFVS,0.3367455479305157,anti-toxic
GSVRIDRDI,0.3367455479305157,anti-toxic
GHNRDGCLF,0.3367455479305157,anti-toxic
GRRSGDRYH,0.3367064064333144,anti-toxic
GVCLVIIDH,0.33669406378821093,anti-toxic
GIDVGLRCG,0.3366844270406951,anti-toxic
GVFNIDVHD,0.3366803597560901,anti-toxic
GVRYFRDCG,0.33667035193311495,anti-toxic
GFHGLCDYR,0.33667035193311495,anti-toxic
GNNRLYDDL,0.33667035193311495,anti-toxic
GSDSIVVDG,0.3366605671099915,anti-toxic
GIFYGFRIN,0.3366478548737764,anti-toxic
GYYYGFVIH,0.3366444956843707,anti-toxic
GGSHCHGDG,0.33662648158791847,anti-toxic
GNYGSGCLG,0.3366235151056871,anti-toxic
GFGNGVRFR,0.33661416251674603,anti-toxic
GGCCRVGYV,0.33660614992517734,anti-toxic
GFCCGRGCS,0.33660614992517734,anti-toxic
GFSVGGFVH,0.33660614992517734,anti-toxic
GVVCYLCYG,0.33656117328036667,anti-toxic
GFFHIVGFH,0.33653385185910334,anti-toxic
GDDSGGNGG,0.33653132675171715,anti-toxic
GLYDVDNVG,0.3365257076413854,anti-toxic
GYFCSYNCG,0.3365209063934441,anti-toxic
GLYCCYVFY,0.33650231382620005,anti-toxic
GLCCRVDGD,0.33650231382620005,anti-toxic
GFCCFGFVG,0.33650231382620005,anti-toxic
GFDFLIGLC,0.33650231382620005,anti-toxic
GGIGDDRCS,0.33650231382620005,anti-toxic
GRGLFFGLH,0.33650231382620005,anti-toxic
GDGFIFGRR,0.33648752958484435,anti-toxic
GVDVRCSLG,0.3364846462924058,anti-toxic
GFGFRIFGS,0.3364803659054422,anti-toxic
GVDHRFHGG,0.33647843771734537,anti-toxic
GFVNRRLGC,0.33647334830900505,anti-toxic
GCHDVFVCS,0.3364698929025985,anti-toxic
GVRGCSGYH,0.3364597338485295,anti-toxic
GISRFLRCR,0.3364597338485295,anti-toxic
GDFGVYGDD,0.3364573875853811,anti-toxic
GVYRLIGVR,0.33645406424478136,anti-toxic
GNSVVCGDC,0.33642197075282265,anti-toxic
GILYRYYDV,0.33642197075282265,anti-toxic
GRCGDFFFN,0.33642197075282265,anti-toxic
GCLSYNSFG,0.33642197075282265,anti-toxic
GFVYLCHGN,0.3364012961343224,anti-toxic
GFNYGGGGN,0.3363819356168774,anti-toxic
GLYGRCFVS,0.336377799222892,anti-toxic
GINDHGLFS,0.33637270960579707,anti-toxic
GVDDCFIFF,0.33635795800572416,anti-toxic
GCNRFIHSG,0.33635795800572416,anti-toxic
GFYCSFDVF,0.336348533110013,anti-toxic
GVVDRCRFG,0.3363466856812306,anti-toxic
GYYRRFFVC,0.3363305948401729,anti-toxic
GLFHFNGDI,0.336317882231847,anti-toxic
GRCLDDCVH,0.33630575601252427,anti-toxic
GLRCCFFDS,0.3362740012154566,anti-toxic
GVFVSDFDD,0.3362623721173878,anti-toxic
GSCCVNGIR,0.3362623721173878,anti-toxic
GCCSGVDFG,0.3362623721173878,anti-toxic
GVHCFLDSN,0.33625584407286613,anti-toxic
GFCNCYGFH,0.33622574597510146,anti-toxic
GYFSFSDDF,0.33622574597510146,anti-toxic
GVHCRFDFY,0.33622574597510146,anti-toxic
GDRICYSLD,0.33622574597510146,anti-toxic
GYHDSCIDH,0.3362147729851719,anti-toxic
GRYFCCHGG,0.336209492134949,anti-toxic
GCDFHGGYC,0.3362003118243846,anti-toxic
GFVCHFCDG,0.33619441272723216,anti-toxic
GFCHFCSGD,0.33619441272723216,anti-toxic
GYCCDDVCN,0.3361862752239407,anti-toxic
GYFCRRSGG,0.33618038490113866,anti-toxic
GSNHIFGVR,0.336167302362861,anti-toxic
GVRLSNHYI,0.3361550726772118,anti-toxic
GSLCCCHFS,0.33614361508030566,anti-toxic
GLSGHVNVY,0.33614361508030566,anti-toxic
GFFCCYSSG,0.33614361508030566,anti-toxic
GCGGFDGCN,0.33613815332150504,anti-toxic
GFIFRDGYC,0.3361294180425997,anti-toxic
GILDLVLGC,0.3361227410574758,anti-toxic
GCSGYGGYY,0.33610420720569,anti-toxic
GVLVRCNDH,0.33610420720569,anti-toxic
GFCSYLSVG,0.33607274457069936,anti-toxic
GLLFHVCHR,0.33607274457069936,anti-toxic
GHCDCLYCF,0.33605927786634937,anti-toxic
GSCDYYDVH,0.33605927786634937,anti-toxic
GRVHFGGYI,0.33605927786634937,anti-toxic
GYYFCVNSG,0.3360482170936182,anti-toxic
GFYRCDVCY,0.3360470443912734,anti-toxic
GGFCVYSCG,0.3359995509273302,anti-toxic
GIIVLCGLS,0.33599700614115,anti-toxic
GCCVHLVLD,0.33599209938558244,anti-toxic
GCYSCFVVY,0.3359851645989234,anti-toxic
GLDFCVFDN,0.33593363507807233,anti-toxic
GFLIFSRFI,0.33591910718273355,anti-toxic
GVCCVDVDR,0.3358936319018913,anti-toxic
GVVVSCDGY,0.33587070014653736,anti-toxic
GIGVRNCGG,0.3358685420328516,anti-toxic
GLCVRDFGD,0.33584188635402695,anti-toxic
GFFVRRGLF,0.33584144515813835,anti-toxic
GNFVGSYGC,0.33582650557369653,anti-toxic
GVYYGLGHV,0.3357921019231931,anti-toxic
GYCSCDVLS,0.3357921019231931,anti-toxic
GRYGDDVGG,0.3357921019231931,anti-toxic
GFLCGDYDN,0.3357921019231931,anti-toxic
GVFHSSLFR,0.3357921019231931,anti-toxic
GFHYCIFDH,0.3357921019231931,anti-toxic
GDYVGLVYV,0.3357921019231931,anti-toxic
GCCDRINNY,0.3357921019231931,anti-toxic
GCIGFFHHR,0.3357921019231931,anti-toxic
GGYNRVCYG,0.3357921019231931,anti-toxic
GYCFLNGFF,0.3357921019231931,anti-toxic
GFRFFVGYC,0.3357921019231931,anti-toxic
GFCINHGLD,0.3357921019231931,anti-toxic
GVDNGFVDV,0.3357921019231931,anti-toxic
GDFHYFCVF,0.3357921019231931,anti-toxic
GCFGSNCVF,0.3357550223516101,anti-toxic
GCVGRYSVS,0.335728220996123,anti-toxic
GVFVFGDID,0.3356740389941248,anti-toxic
GFSGFFGNG,0.33564869941837255,anti-toxic
GGSYVHLSG,0.3356422677033514,anti-toxic
GRFNYFFGH,0.33562910905886556,anti-toxic
GHGSDFFVC,0.33562668791170824,anti-toxic
GDVYCDRVN,0.33562668791170824,anti-toxic
GILCYGCFD,0.3356189727672615,anti-toxic
GFVNCGVVR,0.3355943807807371,anti-toxic
GIRYYVDFH,0.33558710098386474,anti-toxic
GNDDVDRCD,0.3355792646330214,anti-toxic
GYLLFSVFG,0.33557298260376023,anti-toxic
GFYFSGVHS,0.33556164583824,anti-toxic
GVCFGCYDD,0.33556164583824,anti-toxic
GYGYFDHGR,0.335544570151372,anti-toxic
GCFCSHLRY,0.33552897287430583,anti-toxic
GICRNYRCR,0.33551127780613166,anti-toxic
GGHVHDSLR,0.33548550502948293,anti-toxic
GNSINFCDG,0.3354628414965778,anti-toxic
GNLIVFGCY,0.3354427565643078,anti-toxic
GDGINDCVH,0.335434657884988,anti-toxic
GIFSFSGCF,0.3354248338404993,anti-toxic
GFYCYDVDG,0.3354248338404993,anti-toxic
GVCFCGFVH,0.33541657705595385,anti-toxic
GCSSGSGDY,0.3353845050073962,anti-toxic
GLSHDYFSR,0.33537690640217854,anti-toxic
GDLSHGCVG,0.3353690191017124,anti-toxic
GICLGFGHD,0.33531459282406695,anti-toxic
GGCCDRGYN,0.33531459282406695,anti-toxic
GYFHCFDGV,0.3352987255771423,anti-toxic
GGFVYGCVC,0.33529661472523337,anti-toxic
GFSVIFSVF,0.33529319953414843,anti-toxic
GLLGDFFGY,0.3352778395991558,anti-toxic
GCGDGHDGD,0.3352697994165802,anti-toxic
GFLDLDRDH,0.3352546751971393,anti-toxic
GYIGGIHFH,0.3352440961950829,anti-toxic
GFLYHVCYH,0.3352440961950829,anti-toxic
GRLGSFNFH,0.3352440961950829,anti-toxic
GFCCFDNYY,0.33521573225411966,anti-toxic
GHYDYGFLH,0.3351842718982869,anti-toxic
GLRVGDSYV,0.3351842718982869,anti-toxic
GFVINDSHG,0.3351763638447905,anti-toxic
GDFCSCFVD,0.3351365629581199,anti-toxic
GFGRGGNGD,0.3351097852362566,anti-toxic
GFNGVFCCG,0.3351097852362566,anti-toxic
GFLHYFLHH,0.3351097852362566,anti-toxic
GIDGYGVHS,0.3351097852362566,anti-toxic
GYFCHVDGH,0.3351097852362566,anti-toxic
GCRVCVGLD,0.33510209826812676,anti-toxic
GRCLDLRSR,0.3350882209232402,anti-toxic
GRVDSLFYH,0.33507461541950634,anti-toxic
GYCDIYVHD,0.3350652490641514,anti-toxic
GGHSYLDVS,0.33505840768007417,anti-toxic
GLVNYYCVF,0.3350565194390914,anti-toxic
GILGFSDDN,0.3350490829534122,anti-toxic
GHILNDVVC,0.33499866274299933,anti-toxic
GDFGVGCYG,0.3349959614950983,anti-toxic
GHFFCNNVG,0.33497652519166904,anti-toxic
GCCLCDRFH,0.334943372941126,anti-toxic
GRIVRVGVV,0.33494137788641676,anti-toxic
GCFFSVGDY,0.3349346594296562,anti-toxic
GIRYVGCVY,0.3349120722767763,anti-toxic
GIFDGSSVG,0.3348882629249486,anti-toxic
GNHRFIGCY,0.3348882629249486,anti-toxic
GCIGIDFCG,0.3348882629249486,anti-toxic
GFNYINSLG,0.3348882629249486,anti-toxic
GFIVCDFSV,0.3348882629249486,anti-toxic
GINDRNCFR,0.3348882629249486,anti-toxic
GFCLFSDHG,0.33486416156353377,anti-toxic
GRVNFGDDD,0.3348544380499828,anti-toxic
GFYHIDFCY,0.3348530864613655,anti-toxic
GNLLRSIYV,0.33484074451777796,anti-toxic
GICNCGGGD,0.33483655812318464,anti-toxic
GSRSNVVYV,0.33483655812318464,anti-toxic
GFLFYVFYS,0.33482967608466324,anti-toxic
GSYHRHFCD,0.33479073075807464,anti-toxic
GYLLFNDDI,0.33479073075807464,anti-toxic
GCRCCCVVF,0.3347672726798692,anti-toxic
GRVYVLYGR,0.3347592964854253,anti-toxic
GIYVVSDVG,0.3347576564593616,anti-toxic
GYCYDLDCR,0.3347533679147312,anti-toxic
GCCHGSFCR,0.3347491987210584,anti-toxic
GLCYFHNDG,0.3347421751906889,anti-toxic
GCIRGCFDG,0.33472460163503964,anti-toxic
GCIVLGNYF,0.3347131088665537,anti-toxic
GVFLSNSSD,0.3347131088665537,anti-toxic
GSFVGDLVV,0.3347131088665537,anti-toxic
GCYCCFNGG,0.3347131088665537,anti-toxic
GRYGGGVFG,0.3347131088665537,anti-toxic
GFNDVHGCD,0.3347131088665537,anti-toxic
GLCLGIIYD,0.334701365941143,anti-toxic
GFRSDNGGR,0.3346961176896383,anti-toxic
GYSDFNSHY,0.33468632288684297,anti-toxic
GLFLGCSFD,0.33468238736674233,anti-toxic
GCFIHSCVS,0.33467709622240166,anti-toxic
GYCLCGGIG,0.3346696032835569,anti-toxic
GRDVDVYVF,0.3346696032835569,anti-toxic
GRCDDSGNR,0.3346581731278298,anti-toxic
GGCVGFCVY,0.3346581731278298,anti-toxic
GRVHVDIYG,0.3346581731278298,anti-toxic
GLSCLSCFD,0.3346556574401665,anti-toxic
GRFRGDFFC,0.33463130927467405,anti-toxic
GDCGRFCLD,0.3346224419597728,anti-toxic
GFFFRSFVN,0.3346183323386907,anti-toxic
GGNNGDDIG,0.33459734331024965,anti-toxic
GVVFRGGIG,0.33459734331024965,anti-toxic
GFHDGNVLG,0.33459734331024965,anti-toxic
GDLCYVDNG,0.33458656476630416,anti-toxic
GVSSIGCYG,0.33457630405155075,anti-toxic
GRCFHFRGN,0.3345530298076447,anti-toxic
GVDSYFCVR,0.3345530298076447,anti-toxic
GGLNCSFCD,0.33453975857410606,anti-toxic
GVFFDDVCG,0.33453975857410606,anti-toxic
GCFIVFGFR,0.3345333724696805,anti-toxic
GCVNLFNCG,0.33452961707511775,anti-toxic
GNGRSVYDS,0.33451821522733,anti-toxic
GIHLGFIDR,0.3344780480253619,anti-toxic
GCGLSLSCD,0.3344741890192094,anti-toxic
GCCCLSGCN,0.33447138783317676,anti-toxic
GGFVFNCVH,0.33446702238446957,anti-toxic
GGFIGGGDH,0.3344537511509309,anti-toxic
GISCLNGSD,0.3344537511509309,anti-toxic
GSNVVVGYH,0.33443660264519715,anti-toxic
GSVDHFVCG,0.334431955237052,anti-toxic
GNVLCGGVH,0.33441702589769323,anti-toxic
GFFRHRGRR,0.33441702589769323,anti-toxic
GFIDVIHYD,0.33441229303606923,anti-toxic
GFNCVYHVS,0.3344061598428012,anti-toxic
GRHRRLCSS,0.3343810719637639,anti-toxic
GVGCVFDGF,0.3343681843135142,anti-toxic
GRNVRGYLH,0.3343681843135142,anti-toxic
GVSGYCGHR,0.3343579966621948,anti-toxic
GGFGCVDDR,0.334349740976346,anti-toxic
GYGFGSGIR,0.3343371776750187,anti-toxic
GFDIGSCVH,0.33431138285530965,anti-toxic
GLDVDFVCR,0.3342867469258762,anti-toxic
GCIFCYFVC,0.33427092880266035,anti-toxic
GFNVRFRNG,0.33427092880266035,anti-toxic
GYCFYVGNR,0.33427092880266035,anti-toxic
GVDVLRIYC,0.33427092880266035,anti-toxic
GDFVSVGRR,0.33427092880266035,anti-toxic
GRHDLFYVC,0.3342542562694259,anti-toxic
GYSVYCDDC,0.33425055007404464,anti-toxic
GNRSCDCGD,0.3342282022069347,anti-toxic
GGHSCSSSG,0.3342214149239623,anti-toxic
GLLLFGDIG,0.3341983589166358,anti-toxic
GFDCLYCFD,0.33415941397808996,anti-toxic
GCYVVNFHF,0.33415015485621635,anti-toxic
GDCFDDSLF,0.33412215535607726,anti-toxic
GVRSIDVCV,0.33411204380517145,anti-toxic
GIYDCNGDN,0.3340972920380751,anti-toxic
GFFVGYHGD,0.3340972920380751,anti-toxic
GFDDFFIDC,0.3340795206392756,anti-toxic
GRDSILDFC,0.334070316507455,anti-toxic
GFVFYDVVV,0.3340666547512888,anti-toxic
GCYVVLHSG,0.3340570376170571,anti-toxic
GGVFYFLDS,0.33403025576690654,anti-toxic
GYFCCDVSD,0.33403025576690654,anti-toxic
GIDIGIGSR,0.33403025576690654,anti-toxic
GSVRFRGYN,0.33403025576690654,anti-toxic
GFFGSYFYD,0.33401208635023605,anti-toxic
GFVGHGGVV,0.33399228798422703,anti-toxic
GDSSNDFNR,0.3339825389639246,anti-toxic
GVIVYSDVD,0.33398040561970954,anti-toxic
GFGCVFNRR,0.3339726837535786,anti-toxic
GRFDGSGRR,0.33396605375896893,anti-toxic
GRFVRDRHH,0.33396605375896893,anti-toxic
GCVHRFRFD,0.333924739480301,anti-toxic
GFVGVFVHR,0.3339079580486417,anti-toxic
GILISSVLG,0.33390450998769927,anti-toxic
GFLLHFGND,0.33390450998769927,anti-toxic
GGRGNGLYD,0.33390010668088255,anti-toxic
GSYRYSGDV,0.33389520228423886,anti-toxic
GSFYVSDHD,0.3338914665837589,anti-toxic
GCCRGCGIG,0.33388852631083815,anti-toxic
GGCGCNSYS,0.33387890727891256,anti-toxic
GRYFDLHGF,0.33387890727891256,anti-toxic
GSNSDNVVR,0.3338746838774714,anti-toxic
GFCVFDCVG,0.3338551370218309,anti-toxic
GICSLGCFS,0.3338383966234191,anti-toxic
GCLHICGFC,0.33382876595920036,anti-toxic
GFHCVDRSD,0.3338278952910811,anti-toxic
GDFSLNIFR,0.33382250906028865,anti-toxic
GLCIVSGLH,0.33382250906028865,anti-toxic
GGYICNSGG,0.33382250906028865,anti-toxic
GDNNRLDCF,0.33381682825816555,anti-toxic
GFILRNRVS,0.33379693750660255,anti-toxic
GCLRYYDSN,0.33379636170594124,anti-toxic
GHLDLIFHD,0.3337887630342487,anti-toxic
GFIRGNHVR,0.3337887630342487,anti-toxic
GCSLFDIVV,0.3337538404726046,anti-toxic
GHCYVCSFG,0.3337046383900297,anti-toxic
GFCHGFFCD,0.33369911241734934,anti-toxic
GDYIYGFCS,0.33369911241734934,anti-toxic
GSSVCVRDL,0.3336910532863304,anti-toxic
GCLLNFGLY,0.3336658089027513,anti-toxic
GGSCDFHCR,0.3336558729140839,anti-toxic
GHDFVYSVN,0.33362731040314875,anti-toxic
GFYHCDFHR,0.3336236367594712,anti-toxic
GVYVVSGIN,0.33361736286757326,anti-toxic
GCRIVSIGS,0.33361736286757326,anti-toxic
GRCDCNLGY,0.33358867516770063,anti-toxic
GVCLYNGHD,0.33358033914109875,anti-toxic
GYNYYCHVS,0.33358033914109875,anti-toxic
GLHNCYGYY,0.33357523902446384,anti-toxic
GFGFCVGCR,0.33355922049090114,anti-toxic
GNHRISVNL,0.33355922049090114,anti-toxic
GVRYSRGSS,0.33355922049090114,anti-toxic
GFIGRLGFH,0.33352354362553127,anti-toxic
GILCDCFVD,0.33352354362553127,anti-toxic
GYFDFGRLS,0.3335157497454664,anti-toxic
GLRYIVGIN,0.3335157497454664,anti-toxic
GFVLCYDYY,0.3334820194451192,anti-toxic
GFCDNGHIN,0.3334820194451192,anti-toxic
GFGLHSVDD,0.3334820194451192,anti-toxic
GLVLRGIVD,0.3334820194451192,anti-toxic
GLYCHVGDR,0.3334820194451192,anti-toxic
GGVLRYCGS,0.3334634396046105,anti-toxic
GYICYDFFY,0.333458596189732,anti-toxic
GRYFYVRCS,0.33345508561882725,anti-toxic
GHCDIVDDV,0.3334376164614746,anti-toxic
GFVDFVDCY,0.33343308209852346,anti-toxic
GRRLRGSVR,0.33339928880730285,anti-toxic
GIRVCNFIR,0.33339928880730285,anti-toxic
GCFYYCVSD,0.3333800930468673,anti-toxic
GDGCRHCVG,0.33337767189971007,anti-toxic
GYFYRLGLN,0.33337455184480913,anti-toxic
GNRGYNFFH,0.3333677163830293,anti-toxic
GVRDGFCVY,0.33336144146378105,anti-toxic
GICLSNFNR,0.3333503183520552,anti-toxic
GFCIVGSFG,0.3333287119838919,anti-toxic
GFNSFDCGH,0.33330330151949844,anti-toxic
GFSCCGGDN,0.3332971739509887,anti-toxic
GGCYFSCVG,0.33328300193049754,anti-toxic
GCCHLLCGG,0.3332445346351538,anti-toxic
GDVNSGRCD,0.33321467903538243,anti-toxic
GDCVYLRYG,0.33321467903538243,anti-toxic
GDFLGDDGV,0.33321467903538243,anti-toxic
GGCGGSFVN,0.33321467903538243,anti-toxic
GHCFFDVCC,0.33321467903538243,anti-toxic
GLYSIIDFG,0.33321467903538243,anti-toxic
GLRNGNRVG,0.33321467903538243,anti-toxic
GRRNILFHH,0.33321467903538243,anti-toxic
GFYGRNCVH,0.33321467903538243,anti-toxic
GFSFDCSDD,0.33321467903538243,anti-toxic
GYCICDVDS,0.33321467903538243,anti-toxic
GDRCRDHIH,0.33321467903538243,anti-toxic
GVYGVVGDH,0.33321467903538243,anti-toxic
GFFIRGHSR,0.3331811051896,anti-toxic
GHCIIYRYR,0.3331353341037827,anti-toxic
GLHFHDYGD,0.3331326050519759,anti-toxic
GLYHCCCVG,0.3331265421539225,anti-toxic
GDGYLVRSD,0.3331112632754216,anti-toxic
GSFRNGGLR,0.3331112632754216,anti-toxic
GFSGDHRFG,0.33308504534000577,anti-toxic
GLCNLGGFL,0.33307492216148027,anti-toxic
GRRIYDNNR,0.3330563796051978,anti-toxic
GGSVVLHCR,0.33300851027674994,anti-toxic
GRVSDGHCH,0.33299920173902303,anti-toxic
GRCRRVSGG,0.33299920173902303,anti-toxic
GRCFRDSGN,0.3329835483849547,anti-toxic
GIFYRLGCY,0.33296728826714156,anti-toxic
GVYLHNGIG,0.3329610270383521,anti-toxic
GCCYISGCR,0.3329517093138127,anti-toxic
GSDSDDFGG,0.33293637432742657,anti-toxic
GGNFHDILR,0.3329308573401247,anti-toxic
GIVNYGVYG,0.33289254193427087,anti-toxic
GFHDRDDSC,0.3328904576825838,anti-toxic
GDNISHHGR,0.3328773629159758,anti-toxic
GIDNINCSG,0.3328581641855053,anti-toxic
GVYISDNVG,0.33285474988939484,anti-toxic
GISVFGCRL,0.3328218300878325,anti-toxic
GFCDLIYDC,0.3328218300878325,anti-toxic
GFDVCFCHY,0.3328084546283417,anti-toxic
GCCDHVFDG,0.3328055727708577,anti-toxic
GVLSFYGIR,0.33280496722961517,anti-toxic
GRYGGCGRR,0.3327990199046868,anti-toxic
GCNCVDCFH,0.3327911506115928,anti-toxic
GRFNFGNGH,0.3327733975594112,anti-toxic
GCIFDCCDD,0.3327606766846113,anti-toxic
GYGYYRHNR,0.3327444088411878,anti-toxic
GRLRYVDCV,0.3327444088411878,anti-toxic
GLYNGFVCS,0.3327444088411878,anti-toxic
GFFDFCSFS,0.3327444088411878,anti-toxic
GLDHSLHHH,0.3327444088411878,anti-toxic
GGFLCDFGR,0.3327444088411878,anti-toxic
GFFFGLNGN,0.33272511243872743,anti-toxic
GICVVNRVG,0.33272511243872743,anti-toxic
GISGVCHHR,0.3327010249460513,anti-toxic
GRCFGSCVN,0.33267327715944606,anti-toxic
GFHSNFHHY,0.33267327715944606,anti-toxic
GVDHCGDCG,0.33265444623456814,anti-toxic
GLCYFLVSD,0.3326540030228889,anti-toxic
GGFCCSGGR,0.33264882295285136,anti-toxic
GFCRLDYDG,0.33263516610840116,anti-toxic
GFHGGIDGF,0.33262898173568356,anti-toxic
GYRLHDLFR,0.3326016228795637,anti-toxic
GVSHDHLVG,0.3325987457568428,anti-toxic
GINVGFFGR,0.33259069260346535,anti-toxic
GCLVDVVCY,0.33257679228877784,anti-toxic
GRNDRNVCY,0.33257679228877784,anti-toxic
GFRNCGGVH,0.33254704711004607,anti-toxic
GLCDIVCDS,0.3325319671787296,anti-toxic
GSDGGRDGN,0.3325074740559476,anti-toxic
GHRCDVDFG,0.33250446713237547,anti-toxic
GISFSSDFC,0.3324968367531021,anti-toxic
GIHGFICDY,0.3324754542068584,anti-toxic
GSNLCVGHS,0.33243845991560533,anti-toxic
GLCNDSRGN,0.33243845991560533,anti-toxic
GLFCYNGFH,0.33243845991560533,anti-toxic
GGYVDRGVS,0.33243845991560533,anti-toxic
GVNHRFVIG,0.33243845991560533,anti-toxic
GIRSFRGCF,0.33243845991560533,anti-toxic
GCLFLLCGG,0.33243845991560533,anti-toxic
GLVNVYVCN,0.3324006310333983,anti-toxic
GFHCGGDFR,0.33238630598380475,anti-toxic
GFYVINRYS,0.33237412475781,anti-toxic
GRCHSSGVC,0.33236135481431034,anti-toxic
GCHGRGIFV,0.3323589260847992,anti-toxic
GVRFCGCVG,0.33234405833238323,anti-toxic
GVVVDVVCY,0.33234405833238323,anti-toxic
GCGCVLGHR,0.33233943027616053,anti-toxic
GCIIGGGVY,0.33233778507485706,anti-toxic
GIHFYGNVN,0.33232235391788045,anti-toxic
GYYVGNRIH,0.33232235391788045,anti-toxic
GRCLFLFGD,0.33232235391788045,anti-toxic
GFFIFVDVG,0.33231419064121426,anti-toxic
GCISGNFFH,0.33230727293925566,anti-toxic
GVDRGNGLC,0.3322876893944232,anti-toxic
GCSLCYNDD,0.33227811489554376,anti-toxic
GVFGLDDID,0.33227552820035605,anti-toxic
GVCGSLDGI,0.3322612330280598,anti-toxic
GGLHRFIYD,0.33224208972777236,anti-toxic
GLLVRNVFC,0.3322235158469251,anti-toxic
GFVLRHRCI,0.3322235158469251,anti-toxic
GSGGHGIVY,0.3322235158469251,anti-toxic
GVRNYGRFG,0.3322235158469251,anti-toxic
GFVLCGGGD,0.3322095999431828,anti-toxic
GYCVFGCCG,0.332138360065887,anti-toxic
GFHCYHCDS,0.3321227241823943,anti-toxic
GCFGYDCCG,0.3321227241823943,anti-toxic
GHLIGYSVG,0.33210988454006596,anti-toxic
GRYVGGFCI,0.33210005489226924,anti-toxic
GGRYDSRYC,0.33209595636322936,anti-toxic
GCYCCYCDG,0.33206422940395003,anti-toxic
GCICGFCDD,0.33201149496372934,anti-toxic
GSGVDCRYS,0.33196370990763197,anti-toxic
GCVGRSHFV,0.3319599294726378,anti-toxic
GRFFSRDGG,0.331917023409183,anti-toxic
GSVFRDSGH,0.3319150437057005,anti-toxic
GNYLVSNVF,0.331906562137051,anti-toxic
GFLGHLGVN,0.33186969659805315,anti-toxic
GFVRFFDVH,0.33184394307820075,anti-toxic
GFDNCHGLR,0.33184394307820075,anti-toxic
GSRNFIDGC,0.33184394307820075,anti-toxic
GCHSLDCGH,0.33182493550737674,anti-toxic
GVVFGDDHY,0.3318023380121246,anti-toxic
GFDICFGLY,0.3317893594695192,anti-toxic
GVLFFDNSV,0.33178157759969806,anti-toxic
GCSCVVHDR,0.3317750275008057,anti-toxic
GVGRCSVCD,0.3317646126401496,anti-toxic
GFLGHSCGG,0.3317646126401496,anti-toxic
GLGYGDDGC,0.33175048947200797,anti-toxic
GNLCRIFVD,0.3317475035425498,anti-toxic
GDNSGCGGS,0.33174135786881787,anti-toxic
GFGLRFLLN,0.33174135786881787,anti-toxic
GCGGGRCVD,0.33173745593955384,anti-toxic
GCSSFFGFL,0.3317302484621049,anti-toxic
GYYCDFFRR,0.3317266182845064,anti-toxic
GFLVNCVFS,0.3317178329892522,anti-toxic
GSIVRLHSS,0.33169881543043317,anti-toxic
GFGGLYGID,0.33169881543043317,anti-toxic
GICCRGSYS,0.3316931297197507,anti-toxic
GCHRIRDGN,0.331675535728361,anti-toxic
GCRRFSLRR,0.33166995385993553,anti-toxic
GGFDRGDCS,0.3316433606028148,anti-toxic
GSFVSNHVN,0.3316433606028148,anti-toxic
GRNRLGNSV,0.331595987329585,anti-toxic
GSGHFFVHY,0.331595987329585,anti-toxic
GFCYHCILN,0.331595987329585,anti-toxic
GRVSRFFNC,0.331595987329585,anti-toxic
GSDNIVHFD,0.3315893051049912,anti-toxic
GFFCVDVLY,0.33157707906470174,anti-toxic
GHLDVYDHV,0.33157600368840334,anti-toxic
GCHLLDGDY,0.3315426112486595,anti-toxic
GFVYLSRCG,0.33152685967613177,anti-toxic
GNIVCGGLH,0.33151931781188154,anti-toxic
GFSGFVSFY,0.33151931781188154,anti-toxic
GCFFGNVYG,0.33151931781188154,anti-toxic
GIGCNDVVH,0.33151931781188154,anti-toxic
GCCCVFSDD,0.33149950329951827,anti-toxic
GSYGGFHCN,0.331493846741706,anti-toxic
GCDGGFRYS,0.3314599514688319,anti-toxic
GHNGFIRGD,0.3314599514688319,anti-toxic
GFHCYCCYD,0.33143979438350174,anti-toxic
GDFLRFHFR,0.3314350242493156,anti-toxic
GGCVDGNCG,0.33142729652074304,anti-toxic
GCISFDCVY,0.3314126246577021,anti-toxic
GVDLDDFYH,0.33138606798897435,anti-toxic
GYISRFCDR,0.3313654448897115,anti-toxic
GNGFFGVSS,0.3313654448897115,anti-toxic
GVFLYDRID,0.3313572546720463,anti-toxic
GDCYNLRFN,0.3313572546720463,anti-toxic
GFNIDFSCR,0.3313572546720463,anti-toxic
GCNFCLGGH,0.3313419099328201,anti-toxic
GLYCDHVCG,0.3313419099328201,anti-toxic
GCVGNLVFV,0.3313278064862505,anti-toxic
GRGIGDFCG,0.3313147995684489,anti-toxic
GLCIYDSVS,0.33130746976563014,anti-toxic
GGHFGHCVF,0.33130667591674495,anti-toxic
GFFFFFHFN,0.33129895258583764,anti-toxic
GGIDSDLIV,0.3312916006965167,anti-toxic
GRIHCGGFL,0.33128557481274973,anti-toxic
GILRCVNVF,0.33128459408214495,anti-toxic
GFYVRFCVG,0.33127790897748144,anti-toxic
GCYGFNFLC,0.3312624654740428,anti-toxic
GVGRNFSFG,0.33124600978308044,anti-toxic
GVRGNFSHG,0.33123851386969255,anti-toxic
GIIVIGDHG,0.33123851386969255,anti-toxic
GIFRLVVYC,0.33123851386969255,anti-toxic
GGSNCDNRY,0.33122478102073244,anti-toxic
GFDNLLVDG,0.331206841515925,anti-toxic
GYNCYDVCG,0.33120146382216015,anti-toxic
GVRDFGGFI,0.33120146382216015,anti-toxic
GFCVYHCLG,0.33119802662923487,anti-toxic
GLDYSLFFG,0.33119802662923487,anti-toxic
GHYDFSNDG,0.3311868411943878,anti-toxic
GHYDDGFVV,0.33118241289408024,anti-toxic
GVSRCDGYI,0.3311563037154787,anti-toxic
GLFLYDDCC,0.33115011733861616,anti-toxic
GRSIGRHNR,0.33112723986702225,anti-toxic
GLCRHLGVY,0.33112037304084047,anti-toxic
GYRYRSSFY,0.3311054253414681,anti-toxic
GNGCNIGNS,0.3311054253414681,anti-toxic
GFCHFNCHY,0.3310897182045597,anti-toxic
GHFLFVDNH,0.33106726123440966,anti-toxic
GRSFCDDHV,0.33103304247750776,anti-toxic
GGLNDDLFF,0.33102861242247195,anti-toxic
GGRVLGGIS,0.3309932190414244,anti-toxic
GNDHCDYFV,0.3309932190414244,anti-toxic
GCLVGDVGR,0.3309932190414244,anti-toxic
GYVRRRFFD,0.3309932190414244,anti-toxic
GRLSRNDVN,0.3309932190414244,anti-toxic
GRHIGDSGF,0.3309932190414244,anti-toxic
GFSVCYCYR,0.3309932190414244,anti-toxic
GYICGYGYV,0.3309932190414244,anti-toxic
GHYFGLNVG,0.3309932190414244,anti-toxic
GDLFIDVHG,0.3309932190414244,anti-toxic
GVCGDSGNN,0.3309932190414244,anti-toxic
GCVSLCDSC,0.3309932190414244,anti-toxic
GYYFGYYGR,0.3309932190414244,anti-toxic
GCVLIDFDC,0.3309468175795604,anti-toxic
GNDRHLRCR,0.33088476742844897,anti-toxic
GVNFVDHIN,0.330878765362569,anti-toxic
GCSGSFGLN,0.3308771595853881,anti-toxic
GYSCGVGFH,0.3308603869615074,anti-toxic
GFCYGYRDL,0.3308408082723911,anti-toxic
GFCFIFSLY,0.33082868239164304,anti-toxic
GLFGLDLSG,0.3308105120627502,anti-toxic
GNHSCGVVR,0.33079280626357016,anti-toxic
GNNHRVGVV,0.33078524849661295,anti-toxic
GFVYFGCVG,0.330769802159433,anti-toxic
GVDSIFGLD,0.33076767009742813,anti-toxic
GFYCHCCCG,0.3307369224970116,anti-toxic
GSVSFYRSS,0.33071999192835244,anti-toxic
GFNGLGDCD,0.33071999192835244,anti-toxic
GFHIGSIIC,0.33070066633120154,anti-toxic
GGCCDFFIC,0.33070066633120154,anti-toxic
GFDHLFGSV,0.33070066633120154,anti-toxic
GVFSGGGFL,0.33070066633120154,anti-toxic
GCIYLDCVG,0.33068994075961433,anti-toxic
GIDVSGIYD,0.3306831194338879,anti-toxic
GLCLDHYFD,0.33067839881603767,anti-toxic
GDVVCYSVG,0.33065933896970157,anti-toxic
GGCHYDNSN,0.33065246227078204,anti-toxic
GLVCFFYFV,0.33065246227078204,anti-toxic
GVYSGCGHC,0.33065246227078204,anti-toxic
GNFRVCGVR,0.3306378225552221,anti-toxic
GNVFVNVSY,0.33063474235420925,anti-toxic
GFVFFYGNG,0.3306265710822027,anti-toxic
GVCCISNSS,0.3306251728482929,anti-toxic
GSRRFLGGN,0.3306251728482929,anti-toxic
GVFGGCHFY,0.33062186845710284,anti-toxic
GCLHLLFDN,0.33062186845710284,anti-toxic
GIRFGVVVD,0.33062186845710284,anti-toxic
GYVNSCCYG,0.3306104120691707,anti-toxic
GFSCFFHGN,0.330580718315238,anti-toxic
GCNCFVGVH,0.3305640742615418,anti-toxic
GYVFCLDRY,0.3305565226930123,anti-toxic
GFRGGGVHD,0.3305502873539708,anti-toxic
GLLFLLGFL,0.33052786193083594,anti-toxic
GFHYYFLFR,0.3305234575224985,anti-toxic
GILRRVCLR,0.3305073630467963,anti-toxic
GVFSLRGVR,0.3305049733667253,anti-toxic
GGFLDHVCG,0.3304849750022568,anti-toxic
GCHYDDFIR,0.3304849750022568,anti-toxic
GYFGISSCG,0.3304849750022568,anti-toxic
GVVFYSDVG,0.3304701422871509,anti-toxic
GICSRCGCF,0.3304517046546783,anti-toxic
GVYHGYVSD,0.3304396249806103,anti-toxic
GGHNCSDFV,0.33042514246349675,anti-toxic
GVFISVVDY,0.3304237457824432,anti-toxic
GGHRSDVFV,0.3304006660676527,anti-toxic
GDFVSGCFG,0.3303927426486273,anti-toxic
GCFGVRLGD,0.33037937514855475,anti-toxic
GYHIGFLDN,0.3303767611921379,anti-toxic
GYLSRNNCG,0.3303752993518319,anti-toxic
GRLVRYHGF,0.3303701278557715,anti-toxic
GYGVSGLFG,0.33036059768862563,anti-toxic
GVVDGFVLS,0.33035408061568977,anti-toxic
GINIFGHCD,0.33035408061568977,anti-toxic
GFVFRGGLR,0.3303193717659687,anti-toxic
GLDCNSIYD,0.3303193717659687,anti-toxic
GFSVINVDR,0.3303193717659687,anti-toxic
GYCFNCFHR,0.3303193717659687,anti-toxic
GFNSSGGVR,0.3303193717659687,anti-toxic
GNCVNFVDI,0.3303193717659687,anti-toxic
GDGGDGNVY,0.330308211830161,anti-toxic
GCVYCDVCS,0.3302723981590976,anti-toxic
GRHRGLYGY,0.3302414304673626,anti-toxic
GCFSCLGCD,0.33023726674976744,anti-toxic
GCYVGLIYY,0.33022282540763515,anti-toxic
GVYNGLGDN,0.3301882244051946,anti-toxic
GCVLHGCCD,0.3301882244051946,anti-toxic
GLCGSLNYI,0.3301882244051946,anti-toxic
GHCSGVGLR,0.3301749531716559,anti-toxic
GIFRLCIFD,0.33016677829364227,anti-toxic
GFDYRGCCD,0.33015562093819956,anti-toxic
GHCLCNFFG,0.3301383083679115,anti-toxic
GCYCFGGIR,0.33011199895841653,anti-toxic
GRFFRHSFN,0.3301014436112395,anti-toxic
GCLNYGVSD,0.3301014436112395,anti-toxic
GYHLYCVHR,0.3300939866958299,anti-toxic
GIYHCGCVY,0.3300874950804004,anti-toxic
GFCCRDRVR,0.3300874950804004,anti-toxic
GFCLVFDGV,0.33008179272180366,anti-toxic
GFCRGCSCD,0.33006820382079016,anti-toxic
GFSVIDCHS,0.33006820382079016,anti-toxic
GCCCCSVYD,0.33006125627626715,anti-toxic
GVCVIHGFR,0.3300506370503599,anti-toxic
GCCSSFVFN,0.3300323901497269,anti-toxic
GGLSCIGNS,0.330022999186575,anti-toxic
GGSCDVCDS,0.3300151780300704,anti-toxic
GFRYHDRGH,0.32999369159929776,anti-toxic
GRGGGSGDF,0.32999369159929776,anti-toxic
GVINILGSD,0.32999369159929776,anti-toxic
GFSYCFDNH,0.3299429295769265,anti-toxic
GDCNRHDYD,0.3299061234002103,anti-toxic
GIICCVSDD,0.3299061234002103,anti-toxic
GFYFYNVDF,0.32989127090172543,anti-toxic
GVNFGFVYR,0.32987821334063294,anti-toxic
GDHVLCGGD,0.32987821334063294,anti-toxic
GFSNVLSVR,0.32987821334063294,anti-toxic
GDNFVCDDR,0.32987035102821993,anti-toxic
GGIYCVSVD,0.3298682152710103,anti-toxic
GFRDCYYDG,0.3298682152710103,anti-toxic
GFSNHIRSL,0.32985632184268726,anti-toxic
GFCVRSDFD,0.32985632184268726,anti-toxic
GFSIVFFFS,0.32985632184268726,anti-toxic
GLYCRCGNG,0.3298335535141857,anti-toxic
GINDCVVIF,0.3298241887745728,anti-toxic
GRCSCFYDN,0.3298241887745728,anti-toxic
GFGVCGFYD,0.32981586967407533,anti-toxic
GRRFCVHDR,0.3298017382340057,anti-toxic
GFIDGVFIV,0.3297971442509844,anti-toxic
GFFYGGLVD,0.32978726344000026,anti-toxic
GYCRGRCCL,0.3297724326243652,anti-toxic
GVGCFFGFH,0.3297724326243652,anti-toxic
GSYVCSFFR,0.3297724326243652,anti-toxic
GVFVVCDDH,0.3297623410840804,anti-toxic
GFGSILDSF,0.32975414692587596,anti-toxic
GCGYVLCFS,0.3297473610215812,anti-toxic
GILNRNDGL,0.329736774799155,anti-toxic
GGFDYGGLN,0.3297325665396804,anti-toxic
GSHCIGFHY,0.3297325665396804,anti-toxic
GLFGRGSFC,0.3297055718002929,anti-toxic
GRLNLNGYV,0.3296994292135819,anti-toxic
GGCYRDRIG,0.3296981053125453,anti-toxic
GLFHLLDFS,0.3296751771135112,anti-toxic
GRFDRNFYG,0.3296751771135112,anti-toxic
GDLRFDSFG,0.3296751771135112,anti-toxic
GDRSFNFVS,0.3296751771135112,anti-toxic
GFVCGVVVD,0.3296751771135112,anti-toxic
GCVVNDVVG,0.3296751771135112,anti-toxic
GGGVIRGID,0.3296751771135112,anti-toxic
GNLCSGCVS,0.3296751771135112,anti-toxic
GRGFHNGCF,0.3296751771135112,anti-toxic
GRYGFGGYH,0.32963179321837466,anti-toxic
GCNDFSIIY,0.3296222208298335,anti-toxic
GFFCGVVVD,0.32960722835613204,anti-toxic
GDVCFDSYV,0.3295747273658902,anti-toxic
GLNHCYVFL,0.3295683396020491,anti-toxic
GRIFNDYDH,0.3295610842501457,anti-toxic
GLCGCCGYH,0.3295610842501457,anti-toxic
GLNVRYVSG,0.32952367022835244,anti-toxic
GHCYISGVH,0.32951087389320166,anti-toxic
GYDHCFGHL,0.32947451104505415,anti-toxic
GGCCSLNGY,0.3294697883738576,anti-toxic
GLGVIDGVV,0.3294666990799519,anti-toxic
GDFCGNSYR,0.3294577036578386,anti-toxic
GRRHIFNCD,0.3294253672234464,anti-toxic
GFIGGVGVN,0.3294253672234464,anti-toxic
GFVCSDNVN,0.3294253672234464,anti-toxic
GIVCLVGYV,0.3294253672234464,anti-toxic
GICFDDDDC,0.32938887853241045,anti-toxic
GDFICSVDH,0.32933750036841825,anti-toxic
GLFLVDDLH,0.32933560450274174,anti-toxic
GVHRVRHCI,0.32931963515185825,anti-toxic
GSGSILDCF,0.32931963515185825,anti-toxic
GFCDCDLGD,0.32930540741735187,anti-toxic
GIYNRFGFY,0.3293020896723325,anti-toxic
GGRYHDFFC,0.3292612347642354,anti-toxic
GCINFDNSV,0.3292612347642354,anti-toxic
GDIVRVNGG,0.3292471742387172,anti-toxic
GCLLYCCYS,0.3292408515721586,anti-toxic
GFFDGLSGD,0.32922419630257777,anti-toxic
GVFYRYVIN,0.32922419630257777,anti-toxic
GIYVRGDDS,0.32920621272188394,anti-toxic
GFCGRYRLR,0.3291986111906729,anti-toxic
GVNVNDRGG,0.3291885726010878,anti-toxic
GFNGNDSLR,0.32918553908755355,anti-toxic
GFVNCDCGS,0.3291655699184489,anti-toxic
GVIDDDSDD,0.32915303883933833,anti-toxic
GFCCYDIGH,0.32914949039673264,anti-toxic
GLYFGDDGR,0.32914313844651083,anti-toxic
GLRSVVNVC,0.3291376173445404,anti-toxic
GHRSVRVFR,0.329095697805854,anti-toxic
GVDYCVCDN,0.32909424582826785,anti-toxic
GDRCYIGFI,0.3290842292340933,anti-toxic
GLHCSFCFS,0.3290712045516928,anti-toxic
GVYVGLFFI,0.32905871926422475,anti-toxic
GVIFVFHNY,0.32905871926422475,anti-toxic
GRFFRSRVC,0.32905871926422475,anti-toxic
GSCGRFVHY,0.32905871926422475,anti-toxic
GDCFFGVCG,0.32904826328122405,anti-toxic
GGGNDSDSD,0.329020270812878,anti-toxic
GVFSCLHGR,0.32900989744618636,anti-toxic
GCRGSCGLR,0.32899185844015255,anti-toxic
GVIGGVSYD,0.32893303716758626,anti-toxic
GLFVNFVHD,0.328930058477651,anti-toxic
GFIRVFCDS,0.32891658393914547,anti-toxic
GFRLRGVGD,0.32890872980257047,anti-toxic
GFDIFSHGG,0.32890446798151524,anti-toxic
GVGLRGSYD,0.3288951739857327,anti-toxic
GFHILHGDR,0.3288789244026614,anti-toxic
GGVFVNNCS,0.3288789244026614,anti-toxic
GYVNFSGYL,0.32887276572599383,anti-toxic
GSFDSVDYS,0.32883433564678005,anti-toxic
GDICCYFDN,0.32883433564678005,anti-toxic
GCFVFYHVD,0.3288217421079903,anti-toxic
GGVYDDFVG,0.32880257388263073,anti-toxic
GGVLGFIVS,0.32880257388263073,anti-toxic
GRFRFLCHD,0.32880257388263073,anti-toxic
GYYGFINVY,0.32880257388263073,anti-toxic
GYHSFFRSS,0.32880257388263073,anti-toxic
GVFHCHGLG,0.3287951110728821,anti-toxic
GFRCRLCGG,0.3287872003545347,anti-toxic
GIFSFVDFR,0.3287657059964562,anti-toxic
GCSFGFSFR,0.3287288467681573,anti-toxic
GDDYDSCVD,0.3287014222618396,anti-toxic
GLYVRSCLD,0.3287014222618396,anti-toxic
GNHYRDNRC,0.3287014222618396,anti-toxic
GFSHSRGGH,0.3286707831223931,anti-toxic
GGFSFDVCG,0.32866228429201155,anti-toxic
GFLNYCGCR,0.3286472607001428,anti-toxic
GFCCCIFDS,0.32864275680876526,anti-toxic
GCRLNVGFR,0.32861351729606975,anti-toxic
GNCSDDDCR,0.3285737449180115,anti-toxic
GRFGGSSVS,0.3285737449180115,anti-toxic
GIYCHGHHH,0.3285737449180115,anti-toxic
GFSVFRDHD,0.3285185999135691,anti-toxic
GFHSCHGII,0.328512780183026,anti-toxic
GFLICCGIR,0.32850131421705925,anti-toxic
GFYVCVGLD,0.3284928631816937,anti-toxic
GRVHRGSVH,0.3284682440109208,anti-toxic
GSVDIYCVN,0.3284682440109208,anti-toxic
GICVVSHDS,0.3284682440109208,anti-toxic
GSGVVVGVH,0.3284682440109208,anti-toxic
GFVFCCGCS,0.3284370346054312,anti-toxic
GVRDISGFH,0.3284370346054312,anti-toxic
GNFVCGGFH,0.3284119663793916,anti-toxic
GLIGSFVGG,0.3283680838439862,anti-toxic
GFFNVLHRY,0.3283680838439862,anti-toxic
GFGVFGDFY,0.3283654110405108,anti-toxic
GFSCYVGFY,0.32835312287521595,anti-toxic
GFCYYCSVN,0.3283329076178333,anti-toxic
GVLNCFYDR,0.32831696932831456,anti-toxic
GGHSVCCDN,0.32831696932831456,anti-toxic
GCGCGDVRR,0.3283040805306432,anti-toxic
GNNVSFLGG,0.3283040805306432,anti-toxic
GVFCRYGYG,0.3283040805306432,anti-toxic
GVCVFLSGD,0.3283040805306432,anti-toxic
GFGVGLSCG,0.3283040805306432,anti-toxic
GLSFLIGHC,0.32829746669086807,anti-toxic
GVFHSHCCG,0.3282769108048435,anti-toxic
GCSYIRDCR,0.3282497951744066,anti-toxic
GCYGFSDCD,0.3282445106132734,anti-toxic
GYCHGFSGG,0.32823896403274727,anti-toxic
GCILGYGHG,0.3282354119429591,anti-toxic
GYCGNGGVR,0.32823432475399805,anti-toxic
GFSVHDDDC,0.3282137248698776,anti-toxic
GCCDCFGFC,0.32820402996707143,anti-toxic
GILDNFFDN,0.32819664019850164,anti-toxic
GGCRGDRVY,0.32819048751831614,anti-toxic
GYGYLDGRN,0.32818224170759597,anti-toxic
GDRRYNCVH,0.3281615487007116,anti-toxic
GFVFHNGCN,0.328148321726175,anti-toxic
GIRCIFSDS,0.32814427724392364,anti-toxic
GYICRCGVV,0.32812993156674003,anti-toxic
GCGFFDDHG,0.3281257554641785,anti-toxic
GCIVRCGCS,0.32812172972729703,anti-toxic
GYNFSLVCG,0.3280882283980172,anti-toxic
GRCYGNVIH,0.3280882283980172,anti-toxic
GCLGFVGFY,0.3280719446957261,anti-toxic
GIIDRFGRR,0.32803663722643084,anti-toxic
GCYSLLNFG,0.32802321100951765,anti-toxic
GCRLYLGCS,0.3280134853495747,anti-toxic
GGCGRCGIN,0.3280134853495747,anti-toxic
GLCDVCGDG,0.3280134853495747,anti-toxic
GCCDFLHLF,0.3280134853495747,anti-toxic
GDRFYFSNS,0.3280134853495747,anti-toxic
GIFHRCGGY,0.3280134853495747,anti-toxic
GYCIGVHGY,0.3280134853495747,anti-toxic
GCDIRLLVD,0.3280134853495747,anti-toxic
GVDVSFSFR,0.3279638857056305,anti-toxic
GCLGSSVVY,0.3279526384868617,anti-toxic
GYFDNSDGH,0.32794180184988186,anti-toxic
GHHCCCSFY,0.32793075077164136,anti-toxic
GGGYSSDFS,0.3279262688653167,anti-toxic
GGDDVCSGD,0.3279262688653167,anti-toxic
GGSGHVGVV,0.3279262688653167,anti-toxic
GVSVDRGCS,0.32790214206428253,anti-toxic
GCVDGSVVF,0.3278942241346402,anti-toxic
GCLHLNDSN,0.3278468144023307,anti-toxic
GSCVGGSVF,0.3278330180783707,anti-toxic
GISGRRFGD,0.3278231722519178,anti-toxic
GIHSGGSSG,0.3278231722519178,anti-toxic
GYRSSCNGH,0.3278231722519178,anti-toxic
GFVDYIFDV,0.32780689160180987,anti-toxic
GLLYGVRDI,0.3277795004250518,anti-toxic
GFFSYNGCN,0.327774290634316,anti-toxic
GNFDFDVCS,0.32777382341010536,anti-toxic
GCCFGSCVY,0.3277642489112259,anti-toxic
GCVRFNVYV,0.3277642489112259,anti-toxic
GCGFHNHRY,0.3277642489112259,anti-toxic
GCHVGDGHN,0.3277642489112259,anti-toxic
GNYHRGFGN,0.3277490147845966,anti-toxic
GYVDFCDVF,0.3277477968047024,anti-toxic
GCYRNFFYR,0.3277290191823968,anti-toxic
GFHYCDNHG,0.32771859857409413,anti-toxic
GLLGFGFVH,0.32771859857409413,anti-toxic
GNCVVCGVH,0.32771859857409413,anti-toxic
GCCNVLSFY,0.3277119715134013,anti-toxic
GIDCLDYGS,0.3277073854765256,anti-toxic
GVRGRDSFH,0.3276994240014999,anti-toxic
GCCHHINGG,0.3276666173477674,anti-toxic
GRNFFCNFI,0.3276524757843953,anti-toxic
GCVYFDVDR,0.3276524757843953,anti-toxic
GVCCRVGLD,0.3276524757843953,anti-toxic
GSDVRVHDL,0.32764374879061625,anti-toxic
GVDFNVHDV,0.3276395770338366,anti-toxic
GFGFCFCVY,0.32760689013494615,anti-toxic
GDSVNNRDR,0.32758902418344915,anti-toxic
GDVRRHSFR,0.3275784783198472,anti-toxic
GNSDYYSFD,0.3275600432030305,anti-toxic
GFFFCYRYD,0.32754812823898616,anti-toxic
GCDFYDGCV,0.3275280851117026,anti-toxic
GFRCCDDGI,0.32751957595720327,anti-toxic
GLSDGCFID,0.3275118819075108,anti-toxic
GLCRCNDDG,0.3275118819075108,anti-toxic
GLIVINGGD,0.3274908252053538,anti-toxic
GHCYLCNFG,0.3274325498593269,anti-toxic
GFHGGINGG,0.3274052962205781,anti-toxic
GGGDGDIDF,0.32735893438633035,anti-toxic
GCGYYDRVY,0.32735893438633035,anti-toxic
GRVVHGLCN,0.32735893438633035,anti-toxic
GVGFGSCVC,0.32735893438633035,anti-toxic
GCHVCGRFR,0.32735893438633035,anti-toxic
GGCIFSGHI,0.32735893438633035,anti-toxic
GYINVINFR,0.32735893438633035,anti-toxic
GVNSGGDGH,0.32735893438633035,anti-toxic
GLSYGRVDN,0.32735893438633035,anti-toxic
GIHRVVLSG,0.32735893438633035,anti-toxic
GFHHCLCFG,0.32735893438633035,anti-toxic
GFCYFCCVF,0.32735893438633035,anti-toxic
GLYDFCGVI,0.32735893438633035,anti-toxic
GFFLRFRVG,0.32735893438633035,anti-toxic
GIRFSGRGN,0.3272939251081754,anti-toxic
GFCVNGVFG,0.327288162043323,anti-toxic
GHGCRCSGG,0.3272773077566561,anti-toxic
GCRRGGGYV,0.32727052838461984,anti-toxic
GDFFRHGIG,0.32726252091453845,anti-toxic
GFDNHFDSR,0.32724927790754976,anti-toxic
GCIVRDCYF,0.32724537850075636,anti-toxic
GVRCFCSVD,0.327231817604535,anti-toxic
GFNVNSCVG,0.3272145785658544,anti-toxic
GRFIGFGHV,0.3272002300242853,anti-toxic
GSCRHVDVY,0.32719193016127557,anti-toxic
GNSVDGGIR,0.32717242182950057,anti-toxic
GHCVFFGRR,0.327160852521139,anti-toxic
GDYCCIGFH,0.3271577323989914,anti-toxic
GHIFCNIGS,0.3271505097137581,anti-toxic
GLRYGCSFN,0.3271380130681778,anti-toxic
GFSCRGVVY,0.32713279822818636,anti-toxic
GHHISSSDH,0.3271155639782226,anti-toxic
GGCCIDGGH,0.32708993810526027,anti-toxic
GNCCRGVDH,0.3270880364784493,anti-toxic
GGRCYFFGR,0.3270880364784493,anti-toxic
GVYNSDDIG,0.3270717975283314,anti-toxic
GIDLDLVDV,0.32705542296024936,anti-toxic
GGIFYLFGS,0.3270547000608217,anti-toxic
GDNRCCGFC,0.3270434280288992,anti-toxic
GGCDFCSCG,0.32701947131580344,anti-toxic
GLNLLLGGR,0.32700283179204714,anti-toxic
GNDYRNVHH,0.3269955587004514,anti-toxic
GLVSNLDFF,0.3269927810201483,anti-toxic
GFCLSDHCD,0.326988533952873,anti-toxic
GGCLCNFVD,0.32697747236628233,anti-toxic
GFYVRGDCS,0.32696572975838095,anti-toxic
GHCHGDSVN,0.32694203730689236,anti-toxic
GRLFYFGHC,0.32693993340650357,anti-toxic
GCDYFHFCD,0.3269257228971391,anti-toxic
GGLHVYLHD,0.3269257228971391,anti-toxic
GIFLNLYDR,0.32691051464395865,anti-toxic
GGVDSGGGD,0.32691051464395865,anti-toxic
GYGHNHSID,0.3268577289274667,anti-toxic
GCFGDDVCR,0.32683725927026674,anti-toxic
GCDFCFCSG,0.32682479369292106,anti-toxic
GDYCNFHCS,0.3268164052940362,anti-toxic
GCRFNYFDY,0.32679085780840267,anti-toxic
GCVVVDCVG,0.32679085780840267,anti-toxic
GFDLHGVYS,0.32678056902997255,anti-toxic
GCLDVVCCD,0.32677350026231206,anti-toxic
GVGLCYDDV,0.32677350026231206,anti-toxic
GFCIYSCSS,0.32673539589888306,anti-toxic
GRGISRRGN,0.32673539589888306,anti-toxic
GVFGCDGCG,0.32673539589888306,anti-toxic
GCLRFVDDC,0.32670937875166783,anti-toxic
GFNIYLDNH,0.3266919859851178,anti-toxic
GNGVHDNFL,0.3266886528348409,anti-toxic
GCFCVCDGY,0.3266679326782575,anti-toxic
GYFVSGVHS,0.3266679326782575,anti-toxic
GSDGLGFVR,0.32665264949834627,anti-toxic
GCLYRCGVH,0.3266469230038163,anti-toxic
GDGCSCGLD,0.32664207950791313,anti-toxic
GVNNRGGHG,0.32664207950791313,anti-toxic
GDCNGSFVH,0.32661996112329394,anti-toxic
GIIHCNGLR,0.32661996112329394,anti-toxic
GCLDFVVHR,0.3265982971740753,anti-toxic
GYVGNDRVS,0.3265973003759382,anti-toxic
GNYGNCGIL,0.32658410013636935,anti-toxic
GSGLCCGSD,0.32658410013636935,anti-toxic
GDLFCYLSG,0.3265399398351565,anti-toxic
GGDCRFRGH,0.3265340633275228,anti-toxic
GGLGCDVLG,0.3265340633275228,anti-toxic
GFLIFGDCV,0.32653078907231736,anti-toxic
GINCYLRGN,0.3265304967689965,anti-toxic
GFYYFYFVN,0.3264904416322532,anti-toxic
GRSCCLGVG,0.32645207566904977,anti-toxic
GCNFGIGGH,0.32645207566904977,anti-toxic
GRNSGLVYR,0.32643457543807597,anti-toxic
GLHGNSVVY,0.32642896726031256,anti-toxic
GCCHCVDDR,0.3264117268529383,anti-toxic
GCHCVSGCN,0.3263974673522753,anti-toxic
GFCFRYFVN,0.3263843129693509,anti-toxic
GVCVRGHYN,0.32635199101406226,anti-toxic
GYVFRCDHG,0.32633586092875144,anti-toxic
GYNFFLFVD,0.32633586092875144,anti-toxic
GFIIDVVGV,0.32631301394627815,anti-toxic
GGDRCDGDH,0.32631190051485864,anti-toxic
GDGGGNFCD,0.32630366234615193,anti-toxic
GRCVVGGFC,0.32630199913138497,anti-toxic
GCCNFDSDY,0.32628679087820456,anti-toxic
GVCCSIGHV,0.32626581908005464,anti-toxic
GFCGHGGYL,0.32626581908005464,anti-toxic
GFGCCNLGR,0.32625418312731896,anti-toxic
GYNDFYHGN,0.32624318601952346,anti-toxic
GYHVYCGHN,0.3262402908162674,anti-toxic
GRRCRSFGY,0.3262402908162674,anti-toxic
GGIVSVDVD,0.32623277655088717,anti-toxic
GCCLDHGDH,0.32621354168223005,anti-toxic
GNHICVVFD,0.32621354168223005,anti-toxic
GNCYDVYCD,0.32621354168223005,anti-toxic
GIFNCRVDN,0.32621354168223005,anti-toxic
GYCVHGYIR,0.32621354168223005,anti-toxic
GSGGCCGFL,0.32621062055316596,anti-toxic
GRYFRDNVC,0.32619616399453777,anti-toxic
GICCGGDGG,0.32618548195152064,anti-toxic
GINCDICVD,0.32618548195152064,anti-toxic
GYIGRLLLY,0.32618548195152064,anti-toxic
GFYFVFCFS,0.3261782508809671,anti-toxic
GVFFCDCCD,0.32616599899956805,anti-toxic
GVGSFNVYG,0.32614071624701235,anti-toxic
GFYGCLHYY,0.32614071624701235,anti-toxic
GGYGCDLFR,0.32614071624701235,anti-toxic
GCCRHCFYD,0.32611096087843483,anti-toxic
GCYCHGCFD,0.3260197147653185,anti-toxic
GRCSIVGCD,0.3260038803013642,anti-toxic
GFHFCGVDH,0.32599717154833213,anti-toxic
GHYGCSNGG,0.3259832776076578,anti-toxic
GFFCVCCDC,0.3259832776076578,anti-toxic
GYGCHGGYH,0.32593734725153617,anti-toxic
GIVFCCRVF,0.32592134789689886,anti-toxic
GRCDNNLFY,0.32592134789689886,anti-toxic
GCLGRFHVH,0.3258535793890133,anti-toxic
GLCVDLRFN,0.3258535793890133,anti-toxic
GCYNFFGYC,0.3258535793890133,anti-toxic
GDDRGGGCS,0.3258535793890133,anti-toxic
GRDFNVGFF,0.3258535793890133,anti-toxic
GFGDFCGGN,0.3258535793890133,anti-toxic
GFDCGSFID,0.3258535793890133,anti-toxic
GSFVDCCDG,0.3258535793890133,anti-toxic
GCFSDGFSD,0.3258364916086447,anti-toxic
GSCCGRGSS,0.3257901926149238,anti-toxic
GCFYICHYR,0.3257861789881792,anti-toxic
GFVIRCCCD,0.32577910550013955,anti-toxic
GCRNYYGYY,0.32577910550013955,anti-toxic
GCVYCNDFV,0.325777508820445,anti-toxic
GLCGRYVLS,0.3257703732422116,anti-toxic
GNIICNCDD,0.32575261589166143,anti-toxic
GFYGLFGHN,0.32574488348507885,anti-toxic
GRVNDGCLG,0.325725222810008,anti-toxic
GVYCGDDLR,0.3257124601410119,anti-toxic
GCSLVDLIY,0.32571042673199135,anti-toxic
GLVSDGVDV,0.32569687923147594,anti-toxic
GCFLFDDHV,0.32569687923147594,anti-toxic
GLCISGCGD,0.32569366911922104,anti-toxic
GICVYLDNS,0.3256524705723132,anti-toxic
GFGVLYRSD,0.3256403868650211,anti-toxic
GLCGDVDCY,0.32560822156933733,anti-toxic
GRFFYDGVR,0.32559560820120653,anti-toxic
GFHCGIRNG,0.3255729367415071,anti-toxic
GNIRRIDSR,0.32555834179647175,anti-toxic
GCFCCNFYN,0.3255561319557018,anti-toxic
GCNVIDFGH,0.3255511937515204,anti-toxic
GNCIGLCVS,0.3255421455413876,anti-toxic
GVCCSVNYG,0.3254724521316411,anti-toxic
GVCVDGGCD,0.3254724521316411,anti-toxic
GHLFRDGGH,0.3254724521316411,anti-toxic
GVHSIDFGN,0.32546550458711804,anti-toxic
GGHLCFCDG,0.32545459499539947,anti-toxic
GSCFNVDLV,0.32544641919400985,anti-toxic
GFFSVCVGV,0.3254349822656153,anti-toxic
GYGLCYDCD,0.3254244346091306,anti-toxic
GFRDDRGVH,0.3254207996004309,anti-toxic
GVNCYDCCG,0.3254192505817968,anti-toxic
GISVGRGVR,0.32541158394907427,anti-toxic
GCCCLNDFR,0.3254100661294713,anti-toxic
GGFDDHFVC,0.32540757731448494,anti-toxic
GFRFNYVFH,0.3253893415234259,anti-toxic
GCNSNLNDN,0.3253893415234259,anti-toxic
GNYVGHVFR,0.3253893415234259,anti-toxic
GFDCSFLHS,0.3253893415234259,anti-toxic
GVVGVCDGD,0.3253893415234259,anti-toxic
GFINFFCGG,0.3253529516887317,anti-toxic
GFFDSDDCC,0.32533738931546835,anti-toxic
GSRGCGDVG,0.3253103717110612,anti-toxic
GCGVFISSY,0.32527940283026346,anti-toxic
GIYCNYSCS,0.32525987528848194,anti-toxic
GIFIDVHCD,0.32523843129480257,anti-toxic
GRCISHRVH,0.325199028425769,anti-toxic
GDILSYCLG,0.325199028425769,anti-toxic
GFGNGNHHS,0.32516367538070057,anti-toxic
GCFSGHGLR,0.3251487795812135,anti-toxic
GDGVVRGYV,0.3251368761778348,anti-toxic
GCILRRYYD,0.32512428537732646,anti-toxic
GNHSCSSLG,0.3251169711903195,anti-toxic
GDFICYVVN,0.3251121912383958,anti-toxic
GCCGCILYG,0.3251121912383958,anti-toxic
GCVCRGGFC,0.3251028540821062,anti-toxic
GDNCNLGFH,0.32508937985714187,anti-toxic
GRGFVNSVY,0.32508937985714187,anti-toxic
GFRDDFDSF,0.3250834559767407,anti-toxic
GLFVFGCDD,0.3250302720677477,anti-toxic
GCRNRYSDY,0.3250302720677477,anti-toxic
GYIFDDCGS,0.3250302720677477,anti-toxic
GCNGVYSFD,0.3250302720677477,anti-toxic
GFFFFIYDN,0.3250187414624846,anti-toxic
GDYSILDNG,0.32500987930452446,anti-toxic
GSCVSSRLG,0.3249924273626597,anti-toxic
GVFHDCNFH,0.3249910279994154,anti-toxic
GFCVCLNGN,0.32498212678950944,anti-toxic
GRLICGSVY,0.32498212678950944,anti-toxic
GICHVHGHG,0.3249745425597983,anti-toxic
GDCINDHLD,0.32496800316207025,anti-toxic
GSCIGGVVI,0.32494215306939256,anti-toxic
GSYCGFGCD,0.32494215306939256,anti-toxic
GLFYGIVGD,0.32494215306939256,anti-toxic
GFLYIVGVR,0.32492648559768667,anti-toxic
GGVYGFVNS,0.32491907132923126,anti-toxic
GCRRYGVVR,0.3249163587603659,anti-toxic
GVHYCCDDR,0.3249084332447005,anti-toxic
GCLVGRDCG,0.3248796061575104,anti-toxic
GCYSIDCGD,0.3248796061575104,anti-toxic
GLYDCLCGD,0.3248626046706166,anti-toxic
GLCGCNFFS,0.32484710273483286,anti-toxic
GSVCCNVFF,0.32484710273483286,anti-toxic
GFFNRVDDV,0.3248449990892171,anti-toxic
GSGDGVFDR,0.32484049951419136,anti-toxic
GHCVSFNCG,0.32483291033660594,anti-toxic
GDDGDDHGG,0.3248183119574082,anti-toxic
GYDSLGCVG,0.3247863970580027,anti-toxic
GFYYVFGGH,0.32475548908996127,anti-toxic
GDYHGYHLR,0.32474426976442283,anti-toxic
GFGYRFNCG,0.32474426976442283,anti-toxic
GFCIFFVFR,0.32472924773153017,anti-toxic
GSGCNGGLR,0.32472026405549026,anti-toxic
GGVVLCDVY,0.324708095137614,anti-toxic
GVCCINFFD,0.324708095137614,anti-toxic
GFHYCFLFS,0.32469391386177465,anti-toxic
GRCSNYHLR,0.32468756225217893,anti-toxic
GLFIDFFGN,0.32468163715948267,anti-toxic
GFYLSDGLH,0.3246571219391917,anti-toxic
GRVVLDHSG,0.32464552720004525,anti-toxic
GCRGFSCYD,0.32463876885733217,anti-toxic
GFFNCIDCY,0.32462710446514986,anti-toxic
GFHFCFDGC,0.3246038102333061,anti-toxic
GGFDVHGFI,0.3245989964792739,anti-toxic
GLVCIHCVD,0.3245485000566947,anti-toxic
GFVDHGVYV,0.3245110915135041,anti-toxic
GRGVVGCVC,0.3245110915135041,anti-toxic
GLVDIGHFG,0.3245110915135041,anti-toxic
GSHRGVFLC,0.3245110915135041,anti-toxic
GCICNVGLR,0.3245110915135041,anti-toxic
GCFGHNSGS,0.3245110915135041,anti-toxic
GRRVRCVSH,0.3245110915135041,anti-toxic
GNNDDLHSD,0.3245110915135041,anti-toxic
GNFNFDGNN,0.3245110915135041,anti-toxic
GDCCIFNSC,0.3245110915135041,anti-toxic
GYRRRFVSV,0.3245110915135041,anti-toxic
GNRVLSCVN,0.3244057441553397,anti-toxic
GRGCIYCCH,0.3244011852793598,anti-toxic
GCFRIFVCD,0.3243896207321055,anti-toxic
GFRDCVSSG,0.32438478804252424,anti-toxic
GCLFGIHCR,0.3243708381675723,anti-toxic
GNCFNVGLR,0.3243534242466051,anti-toxic
GCNDYCCLG,0.3243483734591827,anti-toxic
GFFHFFGDY,0.32433107307283193,anti-toxic
GGVSFGFDH,0.32431733978961097,anti-toxic
GYLDCGCFD,0.32431733978961097,anti-toxic
GGCLLIVDV,0.3243116336849091,anti-toxic
GRHVSYHCN,0.32430474643341034,anti-toxic
GLCLSDIYY,0.3243013380769692,anti-toxic
GGIISFNNR,0.32429230335678455,anti-toxic
GHLLCGVCD,0.3242891163070855,anti-toxic
GRYDSFDRR,0.32425983638245603,anti-toxic
GCNGRDFVS,0.32424676132767927,anti-toxic
GFSLFVDHG,0.32421605448999463,anti-toxic
GIGGLVHDF,0.32419786071600715,anti-toxic
GFFFDLSGD,0.32419786071600715,anti-toxic
GGSDFNCVH,0.32419786071600715,anti-toxic
GFCGFDRCG,0.3241772756001411,anti-toxic
GIFRHVDVY,0.3241635725048806,anti-toxic
GFRFRGRLL,0.32416083383298055,anti-toxic
GCGDCFNFG,0.3241537945111189,anti-toxic
GHRFLGVLN,0.3241537945111189,anti-toxic
GCCFRGDDY,0.32414345034882275,anti-toxic
GGYRLCDGH,0.32414077003985875,anti-toxic
GDFLIGSFG,0.3240952997326746,anti-toxic
GFNFYGGSD,0.3240952997326746,anti-toxic
GGGCGCGIR,0.32407129959551273,anti-toxic
GCFGRGIYD,0.32405822965609515,anti-toxic
GNCGFDGFI,0.32405822965609515,anti-toxic
GSYFSLVCS,0.32405822965609515,anti-toxic
GSNNVIDIF,0.324040238625545,anti-toxic
GGCVNNHVR,0.3240139025846708,anti-toxic
GFFVVDGVF,0.3240139025846708,anti-toxic
GFFVSRCLV,0.3239757965495578,anti-toxic
GFNVLVDFR,0.32395995631022056,anti-toxic
GFCIRDSGN,0.3239532308306286,anti-toxic
GCCYRYCLY,0.3239477310999591,anti-toxic
GFGFVYRRG,0.3239477310999591,anti-toxic
GLICFLGFV,0.32394315000702384,anti-toxic
GNYRHNVDR,0.32393307804795096,anti-toxic
GCNLVIVGH,0.32393307804795096,anti-toxic
GCVSFGVID,0.3239051695709144,anti-toxic
GYCVFRLCG,0.32389287862348537,anti-toxic
GICLGVIYD,0.32389287862348537,anti-toxic
GRFRNVDGG,0.32386673756458545,anti-toxic
GFFIYSRHH,0.3238528201000144,anti-toxic
GGFRYLFCG,0.32383828815368776,anti-toxic
GYCLVSCYD,0.3238208742327206,anti-toxic
GFSRFNGDS,0.3238072105135512,anti-toxic
GCLSCGDVD,0.3238072105135512,anti-toxic
GCYNLLSFR,0.3238072105135512,anti-toxic
GFVGFYIDY,0.32376590519151394,anti-toxic
GYHSCCGFH,0.32375481011750507,anti-toxic
GYCRLYDDL,0.3237485022360839,anti-toxic
GSVGCLHGG,0.32372557109694955,anti-toxic
GFCGSDVFF,0.3237221821559629,anti-toxic
GCCGRCGYF,0.32369398029992497,anti-toxic
GGCCNGVLG,0.32369398029992497,anti-toxic
GVFRCFCDN,0.32369398029992497,anti-toxic
GFCRFIDCS,0.32369398029992497,anti-toxic
GHFVLDDVI,0.32369398029992497,anti-toxic
GVCGRFHDI,0.32369398029992497,anti-toxic
GCGGDVVFS,0.3236714692473397,anti-toxic
GISVCFSCL,0.32365461528907513,anti-toxic
GCYLLNGFF,0.3236242329616928,anti-toxic
GFYIFCRFD,0.3236225091433573,anti-toxic
GRSNSVDGH,0.3236225091433573,anti-toxic
GRRYLNFCV,0.3236225091433573,anti-toxic
GVGFGDYGN,0.3236225091433573,anti-toxic
GFGFGVDFD,0.323610166633167,anti-toxic
GFLLGGCCG,0.32360420366251935,anti-toxic
GLHDGRRVD,0.32359582356272254,anti-toxic
GGCLRNDVG,0.32359582356272254,anti-toxic
GFRCLGYFR,0.32359582356272254,anti-toxic
GRGGRGDDS,0.32358571793319124,anti-toxic
GGIILDHDV,0.3235785899966441,anti-toxic
GIRLDGHYH,0.32357329265654633,anti-toxic
GDCVCCGDN,0.32356329335920164,anti-toxic
GARFVNCHL,0.32353733666183243,anti-toxic
GGYYICGVR,0.32353733666183243,anti-toxic
GDYGRCSCD,0.3234985135730923,anti-toxic
GIGFGHVVF,0.3234985135730923,anti-toxic
GGYCDSDSH,0.3234985135730923,anti-toxic
GHHGNCNDS,0.3234985135730923,anti-toxic
GFHRRNSYC,0.3234708647122264,anti-toxic
GDYGFCGIR,0.3234708647122264,anti-toxic
GRFVNDRCG,0.3234708647122264,anti-toxic
GIYFRHGFC,0.323461912125015,anti-toxic
GVRCFSGFY,0.32345017269126325,anti-toxic
GFFVHNYFN,0.32343410526560046,anti-toxic
GVLFYGHIR,0.3234175436791322,anti-toxic
GFRYVYCSD,0.32340203941899615,anti-toxic
GCGCDGVVR,0.3233883250007709,anti-toxic
GVSVDSRSG,0.3233780502188573,anti-toxic
GFDLCRSDH,0.32337382217123245,anti-toxic
GLDGDRLCF,0.32336311270028467,anti-toxic
GIFVSNSHG,0.3233063903751334,anti-toxic
GGFLSDFCN,0.3233063903751334,anti-toxic
GICFSLGCD,0.3233063903751334,anti-toxic
GVIYGHFYD,0.3233063903751334,anti-toxic
GVDVNNNFV,0.3233063903751334,anti-toxic
GYGVGYVFR,0.3232821002953204,anti-toxic
GGCFRVCYD,0.3232755445011971,anti-toxic
GHFYFDCGY,0.32327181141242534,anti-toxic
GRNFSCFVD,0.323267050325113,anti-toxic
GSRDFSGHC,0.3232607688107338,anti-toxic
GFDFVYNRN,0.32323518872206747,anti-toxic
GCDICRGCD,0.3232304581287816,anti-toxic
GIHGLLRVS,0.3232261956593847,anti-toxic
GFCIYCDCD,0.32321533376888656,anti-toxic
GRCDCNVFH,0.32320745097798537,anti-toxic
GNFFVVCDH,0.32320297461517267,anti-toxic
GFYYGGNGG,0.32320106856501296,anti-toxic
GYVRGDDIG,0.32319104647927505,anti-toxic
GIYDCSFGC,0.3231839874039641,anti-toxic
GVFYYGVVR,0.3231443099545535,anti-toxic
GYLGFDFFH,0.32313746522792974,anti-toxic
GFCLHCFVL,0.3230941425178976,anti-toxic
GGVHNFCGG,0.3230826672680538,anti-toxic
GRYDNGLFS,0.3230606792048432,anti-toxic
GFLSGGGYV,0.32305916055726486,anti-toxic
GCGRSCGVH,0.3230242893701491,anti-toxic
GRRVVFDCY,0.3230242893701491,anti-toxic
GYVVCDGLR,0.3230242893701491,anti-toxic
GLSDCSDFF,0.3230242893701491,anti-toxic
GGRSGLCGG,0.32300724986129337,anti-toxic
GFNVDSSFC,0.3229989977833904,anti-toxic
GCVIDLIDS,0.3229933853295822,anti-toxic
GRFCNVCDD,0.3229909167584676,anti-toxic
GILGDLFDD,0.3229794571208393,anti-toxic
GGYVGDGVN,0.32293183711181095,anti-toxic
GCDVRCNDG,0.32293183711181095,anti-toxic
GFDVDVNGG,0.3229081045244719,anti-toxic
GDRFHCDCC,0.3228931420093749,anti-toxic
GLCCFLSGD,0.32288284640143505,anti-toxic
GRYRVSGDY,0.3228811609761754,anti-toxic
GVDFDGSCD,0.3228811609761754,anti-toxic
GCFSFGCVH,0.3228584331596539,anti-toxic
GFRHSLRGC,0.3228455305769674,anti-toxic
GCGYGCHGY,0.32284238591957215,anti-toxic
GNRFYIDLC,0.3228271247588255,anti-toxic
GLGYYSFVH,0.3228271247588255,anti-toxic
GFYVYCNDY,0.3227933787327855,anti-toxic
GCFCIHCVC,0.32279111111923026,anti-toxic
GYCCHYFDR,0.32278551969274943,anti-toxic
GCCDSIFDH,0.32278124583484336,anti-toxic
GVCYGRGVY,0.3227492453572175,anti-toxic
GIRLGISVG,0.3227492453572175,anti-toxic
GVYSSGSGG,0.3227234091049773,anti-toxic
GVGNYFVCG,0.3226890562528451,anti-toxic
GDFSGFFDI,0.3226786226264491,anti-toxic
GVYFNFGFV,0.3226719206028241,anti-toxic
GRFVRLSYH,0.3226590866519107,anti-toxic
GDYDCVDGG,0.3226521823669722,anti-toxic
GVCYDDVGG,0.3226411446766585,anti-toxic
GLNVCRYYD,0.32261891325732084,anti-toxic
GFSYIVGFL,0.3226093212369211,anti-toxic
GLIRFIDCD,0.322602101706173,anti-toxic
GCDDGINGY,0.322602101706173,anti-toxic
GFGHYGVYG,0.3225906453182408,anti-toxic
GFLVCSSGI,0.3225880486552498,anti-toxic
GNCCGSGSR,0.32258517047746565,anti-toxic
GFDCILDDC,0.3225707367777007,anti-toxic
GCNGSSGVI,0.3225696735200909,anti-toxic
GLLNYYCCN,0.3225696735200909,anti-toxic
GCIRCDRCG,0.32255543599056336,anti-toxic
GLCHCDFFH,0.32255094383892774,anti-toxic
GGVNVGGGF,0.32254743565009947,anti-toxic
GGLCGSVYG,0.3225459547582731,anti-toxic
GHNFRDIVH,0.3225423103545396,anti-toxic
GCCCGYIIF,0.32250843887369646,anti-toxic
GFFLRDSFC,0.32250510881590544,anti-toxic
GGSGCGGSS,0.32250510881590544,anti-toxic
GSSFDGSYR,0.32248099674961367,anti-toxic
GDCYDDFVR,0.32248099674961367,anti-toxic
GFSVISGVI,0.32248099674961367,anti-toxic
GFYNCLFDY,0.32248099674961367,anti-toxic
GRFDNVYGV,0.3224729714244866,anti-toxic
GVGCVGCVG,0.3224452544070203,anti-toxic
GFILCNNGN,0.32244321558544,anti-toxic
GCCCFCRYG,0.32240898439926435,anti-toxic
GNCRRNCYY,0.3224061282415989,anti-toxic
GFYGCYVDG,0.3224033568184304,anti-toxic
GFGVGGCDN,0.32240066641410947,anti-toxic
GFYNCCDYY,0.32239304727950685,anti-toxic
GDFVGDDGV,0.32239304727950685,anti-toxic
GVRYDGGYH,0.32237653386739046,anti-toxic
GRVYNCSLG,0.3223580691341745,anti-toxic
GGHYGGVFS,0.3223453781959467,anti-toxic
GCYVGLNGG,0.32230959403394377,anti-toxic
GLHDIGSSG,0.32228411964364534,anti-toxic
GLFLCFSLD,0.3222624673053454,anti-toxic
GVCSSVSVG,0.3222484625691096,anti-toxic
GSHCFINCY,0.3222192947339193,anti-toxic
GFLRRLDLY,0.3222192947339193,anti-toxic
GLYGCRGIR,0.3222192947339193,anti-toxic
GCFDRFVSN,0.3222192947339193,anti-toxic
GVSCGLCYS,0.3222192947339193,anti-toxic
GVRSRYCVY,0.3222192947339193,anti-toxic
GYVGCNDFS,0.3222192947339193,anti-toxic
GNISYIYDV,0.3222192947339193,anti-toxic
GCNSRYVCG,0.3222192947339193,anti-toxic
GVGCNFSCD,0.3222192947339193,anti-toxic
GGIFSFVRS,0.3222192947339193,anti-toxic
GYHYLDIGG,0.32219175632473446,anti-toxic
GRFGHLRFD,0.3221568108143952,anti-toxic
GFRIFGCLH,0.32215279224823645,anti-toxic
GRCYGYNDH,0.3221456917370643,anti-toxic
GYRCGHRDG,0.322116393541185,anti-toxic
GGIFIRGVR,0.3221150974009091,anti-toxic
GFIINSVID,0.3221110053724548,anti-toxic
GDLHFLSFC,0.322082314924582,anti-toxic
GFIFGSGCV,0.3220776230699967,anti-toxic
GFFLRFFCD,0.3220725984035587,anti-toxic
GCHFHCCDG,0.322048346303488,anti-toxic
GFFCCDYFN,0.3220329422393615,anti-toxic
GFIVSSFNR,0.32202415005218016,anti-toxic
GSHRRRYRL,0.32201448714610886,anti-toxic
GLRRHIRCF,0.3219739999056511,anti-toxic
GFYCGGSVY,0.3219639024996242,anti-toxic
GNYIGLNLY,0.3219639024996242,anti-toxic
GFYYNSNDF,0.3219557665207949,anti-toxic
GFVGFNVHY,0.32194346463134565,anti-toxic
GLFNIIVDC,0.3219279196931987,anti-toxic
GCFYCGGDC,0.3219279196931987,anti-toxic
GRHVVCCYD,0.3219279196931987,anti-toxic
GIYFINGSD,0.3219279196931987,anti-toxic
GVCFSIGVV,0.3219279196931987,anti-toxic
GYGCGGVLS,0.3219279196931987,anti-toxic
GLVLSFGYC,0.3218851168781851,anti-toxic
GFRCVYFDV,0.32188013463710136,anti-toxic
GCRVFGSGG,0.32188013463710136,anti-toxic
GFLRCDCGD,0.3218649761046223,anti-toxic
GCVDSFCLY,0.321863461463785,anti-toxic
GCVIRDCYR,0.32185449464367255,anti-toxic
GYCGYDCGG,0.3218498396015546,anti-toxic
GFRIYSGIC,0.32184140088201174,anti-toxic
GFYYSIIGS,0.3218325676541324,anti-toxic
GCCLVCFIN,0.3218136015872733,anti-toxic
GFFVFDFGS,0.3218136015872733,anti-toxic
GFFFRVVDL,0.3218136015872733,anti-toxic
GFDNCGHLD,0.3218136015872733,anti-toxic
GYDIHYGVR,0.32179436501464365,anti-toxic
GSISVDVIY,0.32178521725460063,anti-toxic
GSFFVFHHS,0.3217763630464656,anti-toxic
GFSIVRGVC,0.32175948052272535,anti-toxic
GVRVRFCCD,0.3217525623065118,anti-toxic
GFRFVNGFC,0.3217411164862282,anti-toxic
GHLCDGCCL,0.32173808196235515,anti-toxic
GFFVRYVVR,0.32173808196235515,anti-toxic
GYFGSIRGR,0.3217315973419573,anti-toxic
GFYGFGCVN,0.32172267434600904,anti-toxic
GRCNSLVGY,0.3217145945238322,anti-toxic
GCHVRCGGH,0.3217145945238322,anti-toxic
GFRIFSGGH,0.3217145945238322,anti-toxic
GRCGSRGLL,0.3217145945238322,anti-toxic
GLRYCFVNR,0.3217145945238322,anti-toxic
GVYGLHGCD,0.3217145945238322,anti-toxic
GGCGCLHFD,0.3217062474422359,anti-toxic
GFVHHDNDS,0.3216818014946398,anti-toxic
GFNIHYCGG,0.32166990252668415,anti-toxic
GFCGFLCGN,0.32166990252668415,anti-toxic
GCIDFLCFY,0.32166990252668415,anti-toxic
GFDCFSDVF,0.321644450861901,anti-toxic
GFDLHCGGN,0.321644450861901,anti-toxic
GCLCILRVD,0.32162801556579484,anti-toxic
GVYIIGFGG,0.32161652644575867,anti-toxic
GCYVVSDCG,0.32161652644575867,anti-toxic
GVCSNFVVR,0.32161652644575867,anti-toxic
GVSVCLCDS,0.3216015215402723,anti-toxic
GCLRRLCVG,0.32157254184908607,anti-toxic
GFCDLIDFG,0.32156784036094566,anti-toxic
GNSSFCGLR,0.3215516628085829,anti-toxic
GSYSCDDDF,0.3215516628085829,anti-toxic
GFFGFDFYH,0.3215516628085829,anti-toxic
GCDSVNYCD,0.3215516628085829,anti-toxic
GVDIGRGVH,0.32153420221307527,anti-toxic
GLDRNFCSG,0.32151938405559294,anti-toxic
GHIVYICDN,0.3215055813737789,anti-toxic
GRFRDGDHG,0.3214930496116651,anti-toxic
GRFFCFFVD,0.3214872067050827,anti-toxic
GHCSRIHSG,0.3214780317344603,anti-toxic
GCYVFDYRG,0.3214711559065258,anti-toxic
GFVIFDVVY,0.3214526670292841,anti-toxic
GRCDIHYYD,0.32143572306099927,anti-toxic
GCIVSLGYC,0.3214231543058245,anti-toxic
GCHSISHCR,0.3214231543058245,anti-toxic
GDCGFVGFC,0.3214231543058245,anti-toxic
GSYRIVDCF,0.3214184832923759,anti-toxic
GCGHYLCGN,0.32140897488202175,anti-toxic
GVFFCDGSD,0.32140064325323925,anti-toxic
GVCGIIHVD,0.32138614635404145,anti-toxic
GDRVSVHGY,0.3213829064505616,anti-toxic
GVYGYDCGD,0.32136857069714286,anti-toxic
GFFVFDRYC,0.3213438564589062,anti-toxic
GVCVIHGVG,0.32133837256189424,anti-toxic
GDIFHFCGG,0.32133837256189424,anti-toxic
GNFGGCCVY,0.32133837256189424,anti-toxic
GCDVRLDDC,0.32133837256189424,anti-toxic
GIFFSSFFH,0.3213192022212567,anti-toxic
GYLNCVGVY,0.32129109913980786,anti-toxic
GNFVRGSYH,0.32127105313034643,anti-toxic
GGIRVNYVI,0.32125814975147093,anti-toxic
GVGCDIYIV,0.3212333817522682,anti-toxic
GCGLGHRSG,0.3212333817522682,anti-toxic
GLCSFVGVH,0.32118871733284243,anti-toxic
GVYHFCSCG,0.3211613295775856,anti-toxic
GYNDYIVVN,0.3211574495059163,anti-toxic
GCYVNDRCS,0.3211442499957925,anti-toxic
GRRRSSCFR,0.32113660303723746,anti-toxic
GGNGCFDYR,0.3211294711208589,anti-toxic
GLSHRGFRR,0.3211294711208589,anti-toxic
GCYYFNLFS,0.3211294711208589,anti-toxic
GVGVSHVHS,0.3211212044348672,anti-toxic
GVFNGGGIS,0.3211212044348672,anti-toxic
GFCIRSNFY,0.32111150873844657,anti-toxic
GCCLGGGYH,0.32110282878589574,anti-toxic
GRCGGHRSG,0.32109194999868057,anti-toxic
GYFCRGFDH,0.3210828933478714,anti-toxic
GDDIIFCGG,0.3210828933478714,anti-toxic
GCDDDHNGG,0.32107791567511007,anti-toxic
GCFGVVGFC,0.3210725974470356,anti-toxic
GVDRRCSGG,0.3210688451024868,anti-toxic
GLYRFVVGN,0.3210688451024868,anti-toxic
GLDYVCHGD,0.32104710918586843,anti-toxic
GGFCGFNDH,0.32104710918586843,anti-toxic
GFYCDSFYS,0.32104710918586843,anti-toxic
GGHCVGGDG,0.32104710918586843,anti-toxic
GFRCGISGD,0.32103393537360636,anti-toxic
GVGYIRGIG,0.32103107379598333,anti-toxic
GSHGFCDVF,0.32102662408023486,anti-toxic
GCYLRYDGC,0.32100107659460125,anti-toxic
GCCVYDNSV,0.32098899792841856,anti-toxic
GCVCFDHVF,0.32098899792841856,anti-toxic
GRYGYVDSY,0.32097355854266196,anti-toxic
GFFGNLCGS,0.32092482438092046,anti-toxic
GVFFFNHGH,0.32092482438092046,anti-toxic
GCVLVDCDG,0.32092482438092046,anti-toxic
GCIVINSHR,0.32092482438092046,anti-toxic
GCIRYYFDH,0.32086424064895314,anti-toxic
GLSCFSHGR,0.32086424064895314,anti-toxic
GICLCFGCD,0.32086424064895314,anti-toxic
GCVRLLCGN,0.3208383890175337,anti-toxic
GIVGSFSFN,0.3208383890175337,anti-toxic
GVFGICGVR,0.3208175899714387,anti-toxic
GFSINLFCD,0.3208149459535404,anti-toxic
GYVHGCYHF,0.320808643838802,anti-toxic
GFNIRNHRH,0.3207977075991251,anti-toxic
GVFISSFLR,0.3207906931763015,anti-toxic
GFDYDDVCG,0.3207740538597384,anti-toxic
GRIRFGSCG,0.3207740538597384,anti-toxic
GGDCNGGLD,0.3207740538597384,anti-toxic
GCRDDLVFG,0.3207740538597384,anti-toxic
GFHYHNYCD,0.3207740538597384,anti-toxic
GNHHSNDLG,0.32076408371586795,anti-toxic
GLNLGLVVG,0.32076408371586795,anti-toxic
GYGFNSGHC,0.32073958467587144,anti-toxic
GRLGGLCCG,0.3207307089341169,anti-toxic
GRIFDFGCN,0.32072772664417326,anti-toxic
GCVDSIGYC,0.3207243036469681,anti-toxic
GFYFRCIDS,0.3207101353252344,anti-toxic
GIFGDSCCG,0.3207101353252344,anti-toxic
GFCVFCGGD,0.32070343112897,anti-toxic
GGCFDGHVG,0.3206846836604512,anti-toxic
GFCVGDFVG,0.3206846836604512,anti-toxic
GRCYGVIDS,0.3206754448266073,anti-toxic
GVCCCGVVN,0.3206695522393775,anti-toxic
GRLNVGDCG,0.32066546666529755,anti-toxic
GSRVRNGCR,0.3206523857032056,anti-toxic
GLRCLSGYL,0.3206523857032056,anti-toxic
GFYDCNDCD,0.3206523857032056,anti-toxic
GRSFIVGSR,0.3206429064989642,anti-toxic
GSCIRGCVG,0.3206429064989642,anti-toxic
GNSYFFCFS,0.3206429064989642,anti-toxic
GCDHFDFRR,0.32061502988069934,anti-toxic
GYCIFDIHR,0.3206029033227831,anti-toxic
GFGGNFHDV,0.3205835320396601,anti-toxic
GDYLIDICY,0.3205667745885399,anti-toxic
GFYGCYVFR,0.3205612823076664,anti-toxic
GNGFCFFLH,0.32055213536645627,anti-toxic
GGGCSNYFG,0.32055213536645627,anti-toxic
GGFDGGCVF,0.32054336236087244,anti-toxic
GVYGFDVHG,0.3205392366158976,anti-toxic
GSFVHCDCR,0.32052778536325943,anti-toxic
GFFVYLVFY,0.32052778536325943,anti-toxic
GGCDIDFVY,0.3205083490598301,anti-toxic
GLLSGGNCG,0.32050003107467523,anti-toxic
GSNLCDSGS,0.3204585475023072,anti-toxic
GCYYYSVYV,0.3204542661870216,anti-toxic
GYSGDHYVC,0.3204502719950726,anti-toxic
GGGYCYHLD,0.32044303670811625,anti-toxic
GVCGNCCVD,0.3204213631637509,anti-toxic
GGGCGVDVG,0.32038894345024643,anti-toxic
GCGCSGSVG,0.3203351508593678,anti-toxic
GCFFRNGIF,0.3203351508593678,anti-toxic
GLIFYYVVY,0.3203351508593678,anti-toxic
GLHYRDGYH,0.3203351508593678,anti-toxic
GCGYRLIVF,0.3203351508593678,anti-toxic
GFRYFNDGR,0.32030794198288093,anti-toxic
GIFVIDGLR,0.32024280672083083,anti-toxic
GGNVRVGLH,0.3202402542170361,anti-toxic
GCYHVHGHD,0.32022138675081857,anti-toxic
GFVFISDSC,0.3201882957935844,anti-toxic
GIVYGFRDR,0.32017555222393296,anti-toxic
GIFFLFVYS,0.32016500610424226,anti-toxic
GGNDIVFID,0.3201561341701459,anti-toxic
GNYVVVGHY,0.3201561341701459,anti-toxic
GNINRCNVD,0.32014628611105395,anti-toxic
GNYVCNNGH,0.32012662039109396,anti-toxic
GCFFIVRYG,0.3201229375730036,anti-toxic
GFYHSFCGN,0.3201184730824286,anti-toxic
GGNVFCRDR,0.3201089558115966,anti-toxic
GLISSVYVC,0.32009300171347743,anti-toxic
GRHCRIGGR,0.32009300171347743,anti-toxic
GFCVCGCVD,0.32007852112791335,anti-toxic
GGSDGDSRR,0.32005323297741156,anti-toxic
GYVYSLSGN,0.32005323297741156,anti-toxic
GSYFVCNGG,0.32005323297741156,anti-toxic
GGHDDICDD,0.32005323297741156,anti-toxic
GGNSRCGIF,0.3200280118918966,anti-toxic
GFVFRDVSH,0.3200280118918966,anti-toxic
GDYYRNVYH,0.32001362985123216,anti-toxic
GILSSLVGD,0.32000592163340236,anti-toxic
GFLRCSVDN,0.31999783473996124,anti-toxic
GYSFDFFYF,0.31999783473996124,anti-toxic
GDIVVGGCS,0.31999783473996124,anti-toxic
GVDGCSVDN,0.3199804075421939,anti-toxic
GDCGILDVG,0.3199610815150501,anti-toxic
GDDCVSLFG,0.3199610815150501,anti-toxic
GFCDFYSDY,0.3199610815150501,anti-toxic
GFVGGLYHR,0.31995274836754567,anti-toxic
GNCVLYNNG,0.31993491630712345,anti-toxic
GFSFRYCCG,0.3199253617348864,anti-toxic
GHGRGCSLF,0.319915339824355,anti-toxic
GSYLSLYDN,0.319915339824355,anti-toxic
GFYYVRGFC,0.319915339824355,anti-toxic
GFINLGFVR,0.319915339824355,anti-toxic
GFYFYDRCV,0.31989022956550006,anti-toxic
GSCVCDCFN,0.31988506974345376,anti-toxic
GNRCINVFH,0.31988210003390566,anti-toxic
GLRSRFDSR,0.31985454406840724,anti-toxic
GLFHLIRVD,0.31983959298856457,anti-toxic
GRVNCHFLR,0.3198335594866869,anti-toxic
GGDCGYIGI,0.319826481618029,anti-toxic
GSISCFCVY,0.3197987272219484,anti-toxic
GDCVGGYLR,0.3197794316768202,anti-toxic
GLYYHSFDR,0.3197794316768202,anti-toxic
GVGCDHNSG,0.3197122086317354,anti-toxic
GVDSFISDR,0.3197122086317354,anti-toxic
GLDIYGGYH,0.31967762691559626,anti-toxic
GLLFVRSGG,0.31967210572003935,anti-toxic
GHYNIGNLR,0.3196454659726362,anti-toxic
GDLGSRVCD,0.31962648415563966,anti-toxic
GYLCGLDYC,0.31955094248105903,anti-toxic
GHVIFSHVR,0.31954258683442766,anti-toxic
GLGFGCVLD,0.31951340135799433,anti-toxic
GGVGYDCGG,0.3194530784907672,anti-toxic
GHDGRVGSS,0.3194530784907672,anti-toxic
GGCNHSLFD,0.3194530784907672,anti-toxic
GFNCGFFCD,0.31944982901185087,anti-toxic
GLYCNNRFF,0.31944215298085094,anti-toxic
GGSGFGCYD,0.3194263945497492,anti-toxic
GSHFLCGHC,0.3194263945497492,anti-toxic
GVFDYLCGY,0.31941794992309436,anti-toxic
GFCGHVGDY,0.3193787405768146,anti-toxic
GVDFFDGDL,0.31937559571447627,anti-toxic
GLVNHFCGG,0.31937145186109306,anti-toxic
GDDSDCDDF,0.31935737675351283,anti-toxic
GFHVCSDFC,0.31935737675351283,anti-toxic
GSRCDGCGD,0.3193336064964311,anti-toxic
GFYNVDNYV,0.31931878137629094,anti-toxic
GGGFCFCDG,0.31931878137629094,anti-toxic
GVCGHGNFD,0.3192913126382973,anti-toxic
GFLVGSHRR,0.3192913126382973,anti-toxic
GYCYIFHHG,0.31928486139486995,anti-toxic
GRFRYDVGY,0.3192548157701803,anti-toxic
GVYLGFRYR,0.3192197155938173,anti-toxic
GYIHSGFVI,0.319195020302386,anti-toxic
GFCYNYCVN,0.31916256970315904,anti-toxic
GVHSSYGNR,0.31913507772790156,anti-toxic
GDSLCLGLR,0.3191282177567774,anti-toxic
GFRCFNCLG,0.3191282177567774,anti-toxic
GVNFRVHVH,0.31912160341335544,anti-toxic
GVFGCCGLR,0.3191152217372686,anti-toxic
GIFGCFVVF,0.3191152217372686,anti-toxic
GYYYGCGLN,0.3190864084203405,anti-toxic
GCGDDYNRY,0.3190791569450328,anti-toxic
GNSFFGYFY,0.31907449835762386,anti-toxic
GVRRVLIVD,0.31907449835762386,anti-toxic
GNGYVIGCR,0.31905309979725377,anti-toxic
GCDVDIGCN,0.31904924794441264,anti-toxic
GHCLINGCD,0.3190388622677262,anti-toxic
GGNHGCCGG,0.319025938567569,anti-toxic
GGIHGGHLY,0.3190033666758821,anti-toxic
GFFSCFCVH,0.3190033666758821,anti-toxic
GRSGDDHLS,0.3190033666758821,anti-toxic
GFFDIGVLR,0.318978602913543,anti-toxic
GSDRCFRCG,0.318975855596643,anti-toxic
GCHVDNVGN,0.3189680107527215,anti-toxic
GLYGGLRDV,0.3189415849726833,anti-toxic
GIFHFRNFY,0.31893072638904457,anti-toxic
GHDGFGFVS,0.31893072638904457,anti-toxic
GRYFCFNVH,0.31892576684946755,anti-toxic
GCVNRIGDY,0.3189175250030418,anti-toxic
GDCFVGGCD,0.31891246798149525,anti-toxic
GLVHDSNFV,0.31890471943368554,anti-toxic
GCHFLYDGI,0.31889906127913104,anti-toxic
GCDGDSDIF,0.31889135138499175,anti-toxic
GIDDYGGVI,0.3188627727989976,anti-toxic
GCLYIGVHV,0.318823336928584,anti-toxic
GYRCDLFFG,0.31877976789548185,anti-toxic
GVVGHRCLD,0.31875876262441283,anti-toxic
GVHFGLSFN,0.31875876262441283,anti-toxic
GLYHDRCVD,0.31875876262441283,anti-toxic
GNCRVNGVN,0.31875876262441283,anti-toxic
GCDVYVRGG,0.31875876262441283,anti-toxic
GVGDCCGLR,0.31875876262441283,anti-toxic
GFDCRVVFF,0.3187212409619502,anti-toxic
GVFCSLGLR,0.31871363877566283,anti-toxic
GYFFLSDVN,0.31869864850127666,anti-toxic
GCCVNDFFG,0.31869737390681774,anti-toxic
GVLNDNVLS,0.3186969369453414,anti-toxic
GIGCYGGVF,0.3186960440912828,anti-toxic
GYCIIFFDG,0.3186740139692696,anti-toxic
GFYVIRDCG,0.318664850961834,anti-toxic
GLGFFSCYS,0.31864370248811824,anti-toxic
GFSIFYGYV,0.318615170465094,anti-toxic
GRIFCSGND,0.3185993592524991,anti-toxic
GYHCHVGVF,0.31857963518037896,anti-toxic
GYRGRFGYV,0.31857963518037896,anti-toxic
GHYNFCGVV,0.3185543406475139,anti-toxic
GVSCFCDSC,0.31854685996985355,anti-toxic
GYFYNCRFR,0.31853881099555165,anti-toxic
GYNYGLVHC,0.31853881099555165,anti-toxic
GFRCVDFCV,0.31853881099555165,anti-toxic
GNNNIHCGG,0.3185330964816874,anti-toxic
GVVRCFLSR,0.3185207278243166,anti-toxic
GCNFYLVVS,0.3185150019337875,anti-toxic
GNNDVRRYG,0.31849142221467613,anti-toxic
GCYCYYRYS,0.3184872437147227,anti-toxic
GCIGRRFVD,0.3184807251745173,anti-toxic
GVCLYGNVF,0.3184738859451898,anti-toxic
GCSGVVIYG,0.3184667017647822,anti-toxic
GDSIFDGYF,0.31844764749333443,anti-toxic
GFCCHIRVD,0.318442797181663,anti-toxic
GRCGIDFIV,0.31842065868993397,anti-toxic
GGDGCCGVS,0.3184040917334039,anti-toxic
GFCLGCCDG,0.3184040917334039,anti-toxic
GFFDGIGLF,0.3184040917334039,anti-toxic
GCYNCRGVR,0.3184040917334039,anti-toxic
GVDVGFDFG,0.3184040917334039,anti-toxic
GVCGYVHYS,0.3184040917334039,anti-toxic
GGVGCVGGN,0.3183912281319071,anti-toxic
GDYYSLCCD,0.3183858175762447,anti-toxic
GFCGSIRDY,0.31838095095908625,anti-toxic
GDYHCLFGY,0.3183348538724517,anti-toxic
GGHHSIVFG,0.3183271948305598,anti-toxic
GGCGIGGYV,0.31832425085039506,anti-toxic
GSFGHYFVD,0.3182890011054869,anti-toxic
GVLVGFSFD,0.3182890011054869,anti-toxic
GSVHSVSGY,0.3182890011054869,anti-toxic
GCYDCFDCH,0.3182890011054869,anti-toxic
GICDGCCVV,0.31827697495160856,anti-toxic
GFFVRVHGS,0.31826431686756373,anti-toxic
GFCYSCFDY,0.31825639763849184,anti-toxic
GSDRDHHCR,0.31824752715407273,anti-toxic
GRYHGSCFR,0.31821893100499554,anti-toxic
GHCLYLVNR,0.31821893100499554,anti-toxic
GFRDYVSFN,0.31821893100499554,anti-toxic
GRRCGDRFF,0.31821893100499554,anti-toxic
GFFYLINYH,0.31820983335575237,anti-toxic
GRHCCFDFR,0.3181980208009951,anti-toxic
GFRFLGDGS,0.3181980208009951,anti-toxic
GYFSGLVIH,0.31818568867026287,anti-toxic
GCCCSVGYV,0.31818206494442874,anti-toxic
GCHNFSCYS,0.3181775545200345,anti-toxic
GRYLCGSFR,0.3181754254219986,anti-toxic
GHHLCFNLY,0.31817374158466993,anti-toxic
GYHDVDNCS,0.31815093259950655,anti-toxic
GVYVSCRVD,0.31812824060692596,anti-toxic
GFVDSYLDG,0.318119196366389,anti-toxic
GLDVSVGGR,0.31811236438858403,anti-toxic
GCCGSGCDG,0.31806333496276157,anti-toxic
GIDFYFGVH,0.31806333496276157,anti-toxic
GFFYGCHVN,0.31806333496276157,anti-toxic
GLIDSFSGS,0.31806333496276157,anti-toxic
GVGVSNCDS,0.3180282418770568,anti-toxic
GVRRRVSCG,0.31798941878831655,anti-toxic
GHVDRSYGR,0.31796841758026084,anti-toxic
GFCLVFVVR,0.3179611600459502,anti-toxic
GVFFSNCCH,0.31795002033873976,anti-toxic
GCYHIYCFS,0.3179307462021826,anti-toxic
GCRFGGSCG,0.3179193142411952,anti-toxic
GNHCNLIHN,0.31791865770193745,anti-toxic
GRIRVRGFH,0.3179170890356344,anti-toxic
GSISHCHYR,0.3178979209512767,anti-toxic
GGCVRFCVY,0.3178947096521969,anti-toxic
GGINRLCCD,0.3178932420370194,anti-toxic
GCNSCNCFG,0.31787973974468037,anti-toxic
GYICRDLFY,0.31787828694137693,anti-toxic
GGCVVVGLR,0.317874552311711,anti-toxic
GFCVRVDCL,0.31784349467363127,anti-toxic
GDCGNVYDG,0.31784349467363127,anti-toxic
GFDYCSGCY,0.3178206832923774,anti-toxic
GCVVGDCDG,0.3178164130484609,anti-toxic
GVHNSCSDH,0.31781017582886417,anti-toxic
GCCVDSRYS,0.317781721758101,anti-toxic
GHYFSYNCG,0.317781721758101,anti-toxic
GVHGRVVCY,0.317781721758101,anti-toxic
GGNVCDSYF,0.3177505335426801,anti-toxic
GISNFVVFR,0.3177356891668339,anti-toxic
GVYYHFHIN,0.3177356891668339,anti-toxic
GNNCYGHFL,0.31771680802943103,anti-toxic
GNVCFGCVF,0.317700060594526,anti-toxic
GVVFFLIDI,0.3176716669831986,anti-toxic
GFFYRNFNS,0.3176716669831986,anti-toxic
GFFFFSSLD,0.3176716669831986,anti-toxic
GICGFDFID,0.3176716669831986,anti-toxic
GNGIHIGNS,0.3176716669831986,anti-toxic
GVCVDDSYF,0.3176485076987295,anti-toxic
GLHSCVYVC,0.3176292574834429,anti-toxic
GHFVYLDID,0.3176160488129358,anti-toxic
GVCGSLVFG,0.3175908905518483,anti-toxic
GRCLDGGYY,0.31755905334794987,anti-toxic
GFRFHRRDG,0.31753367159510654,anti-toxic
GSCYGLRCG,0.31751614523331706,anti-toxic
GIFNYCDDV,0.31751257961181384,anti-toxic
GSYSGGCGD,0.3174825115851373,anti-toxic
GYNDFDVDG,0.3174768467144095,anti-toxic
GDDGLLISG,0.3174700540173647,anti-toxic
GYCRDDHRR,0.3174631889496392,anti-toxic
GFDIRFVGR,0.317460422399132,anti-toxic
GFLLGGCFS,0.3174568842000118,anti-toxic
GFCGVCDVD,0.3174204118521506,anti-toxic
GVDHSDFYH,0.3174204118521506,anti-toxic
GCCLSGYDD,0.3174204118521506,anti-toxic
GYLGVYCCY,0.3174204118521506,anti-toxic
GGGYGVYDS,0.3174204118521506,anti-toxic
GRFCYFCCD,0.3174204118521506,anti-toxic
GYSNCGVFS,0.3174204118521506,anti-toxic
GLVSSLFVS,0.3174204118521506,anti-toxic
GFHSNIDYF,0.3174204118521506,anti-toxic
GGFLGCVFD,0.3174204118521506,anti-toxic
GCHFGCCDS,0.31736755546774853,anti-toxic
GSLFNGSFY,0.3173220216202156,anti-toxic
GSCGSGFVN,0.3173207001120952,anti-toxic
GVCHGFCGG,0.31730869622918,anti-toxic
GIHCHLRGD,0.3172671945346668,anti-toxic
GIHNVSDYY,0.3172671945346668,anti-toxic
GVSYSDDGF,0.3172570818457489,anti-toxic
GFVRSGRRL,0.31725340762709575,anti-toxic
GCLLRDLFD,0.3172455399021723,anti-toxic
GCFGCDSGY,0.3172381812861127,anti-toxic
GYVNLVVDI,0.31723224266294026,anti-toxic
GCYYRCGVH,0.31723224266294026,anti-toxic
GFFYCFSVN,0.31721675675725647,anti-toxic
GIRHRCDYH,0.31721675675725647,anti-toxic
GNIFGSGVC,0.31720493455579113,anti-toxic
GCCFGYHCR,0.31719165520640685,anti-toxic
GYSISVDGC,0.3171766316145381,anti-toxic
GRLNGHRFG,0.3171766316145381,anti-toxic
GICVRGHYV,0.3171541485310603,anti-toxic
GVRRGHVSC,0.317116815557436,anti-toxic
GFYCLSVCD,0.317116815557436,anti-toxic
GVCCCGFVY,0.317116815557436,anti-toxic
GSFCFLSVG,0.317116815557436,anti-toxic
GVCIFHDCS,0.317116815557436,anti-toxic
GICHLLNRR,0.3171011480857302,anti-toxic
GVYIRGNDH,0.3170811382035895,anti-toxic
GCILFSDVY,0.31707436045383863,anti-toxic
GFGFRGGFL,0.3170644035676823,anti-toxic
GHRCGSFDH,0.31705744109813194,anti-toxic
GFCLLLYNC,0.3170552091339121,anti-toxic
GCGVYCHDV,0.31704834544952376,anti-toxic
GVRGCGLVH,0.31704266591035424,anti-toxic
GVCILGDVG,0.31704266591035424,anti-toxic
GRCRSRSFI,0.3170412188288548,anti-toxic
GICVVFGLS,0.31701810104811157,anti-toxic
GGCDDLLYC,0.31701810104811157,anti-toxic
GDFSCRSDY,0.31701810104811157,anti-toxic
GFICRYCGY,0.31701810104811157,anti-toxic
GIDNNVGGR,0.3169825045986097,anti-toxic
GCRGCFVHS,0.31697461579380853,anti-toxic
GVCGIRFDH,0.316969196765429,anti-toxic
GRYIVDGHH,0.3169399975532686,anti-toxic
GRCGHGLFD,0.3169399975532686,anti-toxic
GDCYHFLCD,0.3169399975532686,anti-toxic
GCCFDFCFY,0.3169067577628193,anti-toxic
GCFCDHRGR,0.3168963987965366,anti-toxic
GVVCSFNGG,0.3168883511645881,anti-toxic
GGDIVVRGG,0.3168883511645881,anti-toxic
GSCGGGFVR,0.31687365658987693,anti-toxic
GFCIYRDSN,0.31687228036972354,anti-toxic
GCISLLDFF,0.3168242628472131,anti-toxic
GVSFCVHFD,0.3168242628472131,anti-toxic
GCDDGSNCD,0.31678605792245534,anti-toxic
GFYYHSFDH,0.3167833360713356,anti-toxic
GVYHFLLGD,0.3167801966423249,anti-toxic
GYCNFCSFY,0.3167606905010697,anti-toxic
GYDCDNYLR,0.3167527799268142,anti-toxic
GFDNVSDCD,0.31674701236551683,anti-toxic
GSSLRYCVH,0.31674262087274513,anti-toxic
GSIVRSGCV,0.31674262087274513,anti-toxic
GSGVYLRVS,0.3167101999491436,anti-toxic
GVVIRDHVI,0.3167101999491436,anti-toxic
GCDCDINDD,0.31670035925392076,anti-toxic
GGFVRDVFV,0.31669762791938677,anti-toxic
GYGDGDYGG,0.3166927978902827,anti-toxic
GFHFGHGYY,0.3166745216183038,anti-toxic
GDGCGYNDH,0.3166736491880294,anti-toxic
GFFVFSNCN,0.3166736491880294,anti-toxic
GCFFCIGLD,0.3166710995651095,anti-toxic
GVVCSSCYD,0.3166618186777848,anti-toxic
GNDGGFNYD,0.31663506899455723,anti-toxic
GYDGSVFVI,0.31663506899455723,anti-toxic
GFDLCDGHR,0.31663506899455723,anti-toxic
GVYDRSGHF,0.31660262748547346,anti-toxic
GVYSIDGYC,0.31659777289063096,anti-toxic
GRCCGCSYD,0.3165896097929767,anti-toxic
GGYCSCGFF,0.3165818433701382,anti-toxic
GHCVCDIFD,0.3165708764762373,anti-toxic
GCFSRGNVN,0.31656739025327907,anti-toxic
GYSVSDDGF,0.31655421737337924,anti-toxic
GFHNCCDYR,0.3165421618422288,anti-toxic
GFRGFVIDY,0.31653467729695267,anti-toxic
GFYDICGGD,0.316533770570153,anti-toxic
GHGRRGGLR,0.3165114381690595,anti-toxic
GNIVFCDFR,0.3164985382691015,anti-toxic
GNRRCGSFR,0.3164869467278065,anti-toxic
GHYGFLNCD,0.3164869467278065,anti-toxic
GGNDSCVRG,0.3164869467278065,anti-toxic
GDFCCGRFS,0.3164869467278065,anti-toxic
GNNVGLRSL,0.3164750599727723,anti-toxic
GLYNRDGLN,0.3164669658448279,anti-toxic
GIISDFYGR,0.3164610989428981,anti-toxic
GRFCFCYDY,0.3164582946095772,anti-toxic
GCCLFDYDD,0.316450354531475,anti-toxic
GFYYFFFHS,0.31644305687502355,anti-toxic
GVGFRIFFD,0.31642432315424407,anti-toxic
GCYCRCSGG,0.31641393519797006,anti-toxic
GFSGFIVGS,0.3164107764284591,anti-toxic
GRFVIFDRY,0.3164048572309355,anti-toxic
GLGCGVDVG,0.31639500202058946,anti-toxic
GFGVLSGGR,0.31638975107319545,anti-toxic
GCDYICCDS,0.3163854404793829,anti-toxic
GFVCCNSGD,0.3163776875051358,anti-toxic
GHDVNFFFN,0.31635269285853435,anti-toxic
GFHCYCCVG,0.316346753748087,anti-toxic
GFYFYVFGD,0.31633314611286456,anti-toxic
GYIYRCVCD,0.31633314611286456,anti-toxic
GCSFFCHHF,0.31632275221473416,anti-toxic
GGCDSLCFS,0.3163223215530985,anti-toxic
GFLLFFCFD,0.3163210707211481,anti-toxic
GGGHLSNFR,0.3163112155555297,anti-toxic
GFYNNLSGS,0.3162699622207181,anti-toxic
GCDCDSNFR,0.3162699622207181,anti-toxic
GVYCDRFVD,0.3162699622207181,anti-toxic
GIVHCCSGS,0.3162699622207181,anti-toxic
GCNVFGYFS,0.3162699622207181,anti-toxic
GVRRGHSCV,0.3162699622207181,anti-toxic
GRYYCSRCG,0.3162699622207181,anti-toxic
GVDYHFHFI,0.3162699622207181,anti-toxic
GSIRCNSHV,0.3162699622207181,anti-toxic
GVRNVDYGS,0.3162699622207181,anti-toxic
GNDGNCGRR,0.3162699622207181,anti-toxic
GNYGGGHDR,0.3162347791077893,anti-toxic
GGNVFDFID,0.31622552175182245,anti-toxic
GVYSHLSFG,0.3162191942643912,anti-toxic
GGYLGCVCG,0.31621530304477236,anti-toxic
GVYHCDLGG,0.31621076580790874,anti-toxic
GFGGGLHVF,0.3162090812390661,anti-toxic
GLNIDDDDL,0.31618133973660206,anti-toxic
GFDNDCHGS,0.3161671422347815,anti-toxic
GCLCIFDDF,0.3161374139267231,anti-toxic
GIFINDNVV,0.31611866645820436,anti-toxic
GSYFYCVVN,0.31610715266608286,anti-toxic
GRIVRLDRG,0.31610166364007936,anti-toxic
GCCYHGCVS,0.31609374209985713,anti-toxic
GVYVRYYGS,0.31609374209985713,anti-toxic
GFFFVSDHG,0.3160688999569865,anti-toxic
GVNDFLRSD,0.3160589860291008,anti-toxic
GRHVSCRCN,0.3160589860291008,anti-toxic
GFHYGNCCN,0.3160589860291008,anti-toxic
GFCGFDVVG,0.3160589860291008,anti-toxic
GVFCYNCVS,0.3160589860291008,anti-toxic
GCCVGGCLD,0.3160518151343884,anti-toxic
GFGVSYFLH,0.316044139623428,anti-toxic
GLGNINFFG,0.31601946069568837,anti-toxic
GFLRNHSVG,0.316007151633634,anti-toxic
GLLRFGGCN,0.316007151633634,anti-toxic
GYCFVDRFL,0.31600418350920834,anti-toxic
GYVFRCHGY,0.31598995287387877,anti-toxic
GCYDCDVVH,0.3159813682993885,anti-toxic
GIYVYLIYG,0.3159703454569177,anti-toxic
GVRINSSHR,0.3159703454569177,anti-toxic
GYCSGCHVY,0.3159703454569177,anti-toxic
GGCLGCGIN,0.3159556735938768,anti-toxic
GSCCYDVIY,0.3159556735938768,anti-toxic
GGHGNDCIV,0.3159512139628109,anti-toxic
GSVSLFIDY,0.31594778529058437,anti-toxic
GYGGDFLFS,0.31593518133545384,anti-toxic
GFCCIYVCN,0.31592155106532627,anti-toxic
GRNIGSDID,0.31591547416941124,anti-toxic
GLYYYVVHG,0.3158875842153915,anti-toxic
GFCDDGHCD,0.3158693584824124,anti-toxic
GGNFRFRIH,0.3158537719810056,anti-toxic
GCGSVGDGH,0.3158249123284114,anti-toxic
GIIGGNSVH,0.3158201133087598,anti-toxic
GSRLFRRSC,0.31580892769557123,anti-toxic
GCSGYISGN,0.31580892769557123,anti-toxic
GFHRVFCVY,0.31579877362952286,anti-toxic
GYDHLFVGG,0.31575325248468755,anti-toxic
GYGCIDVGH,0.31575325248468755,anti-toxic
GHYVCVSGG,0.31571636815990395,anti-toxic
GNDNFYNCS,0.31570801111979396,anti-toxic
GFFCYCHFS,0.3157003381401928,anti-toxic
GGGCGGGVH,0.31569799521864145,anti-toxic
GRVRNFSGN,0.31569799521864145,anti-toxic
GYRYYGDFR,0.31569220278484256,anti-toxic
GYDCILSYS,0.3156540871727135,anti-toxic
GLYYFCCVN,0.31563894942259774,anti-toxic
GHFNIFYGH,0.3156322315893792,anti-toxic
GVHVNRHYD,0.31562950423426966,anti-toxic
GCVVNCGVR,0.31560788194545464,anti-toxic
GGGVHGSCD,0.3155952266549068,anti-toxic
GFLLRNNVV,0.3155887158349062,anti-toxic
GLCVGCVFS,0.3155887158349062,anti-toxic
GYDCCFCFG,0.3155816454561174,anti-toxic
GFLYCNNYI,0.3155799266726108,anti-toxic
GNYFRFFVR,0.3155716098821339,anti-toxic
GICSGGCVF,0.3155423787335655,anti-toxic
GYFYIYGHG,0.31552979249421426,anti-toxic
GSIDCCRFG,0.315507819032604,anti-toxic
GFDLGSNCG,0.31548105286317685,anti-toxic
GFISRFVND,0.31548105286317685,anti-toxic
GIHIYGDVN,0.31548105286317685,anti-toxic
GCYHCNFDG,0.31546981248525086,anti-toxic
GVHHFHSGG,0.3154574812882625,anti-toxic
GCCCYLNGD,0.3154477340184098,anti-toxic
GCYCGLDNG,0.3154278163646237,anti-toxic
GRLVFIDNR,0.315419446439653,anti-toxic
GGCVFHSDN,0.315419446439653,anti-toxic
GCDVGLVVY,0.3154155866789744,anti-toxic
GFRRRNVYI,0.3153881457108484,anti-toxic
GLLDCGVYS,0.3153881457108484,anti-toxic
GFDYYVSCY,0.3153865200865138,anti-toxic
GRYHFINHH,0.31535585015538425,anti-toxic
GVRRHCRYG,0.31534869308710184,anti-toxic
GYIGHNVLD,0.31533995526567815,anti-toxic
GYVHRGVCS,0.31532904797550926,anti-toxic
GDHRRYCDD,0.31527043477859146,anti-toxic
GCDFGDCDG,0.31527043477859146,anti-toxic
GNNVDLVGL,0.31527043477859146,anti-toxic
GICNSGVGD,0.31527043477859146,anti-toxic
GHYGVSGVC,0.31527043477859146,anti-toxic
GLRYGVHGN,0.31523460337871934,anti-toxic
GCVVGDFFF,0.3152187361317947,anti-toxic
GCLFVDFCS,0.3151989518581925,anti-toxic
GGFNFGFVG,0.3151776467252733,anti-toxic
GRFCCNNYG,0.31516741153486244,anti-toxic
GDVDFVSDR,0.31516741153486244,anti-toxic
GDSCCHFVI,0.3151640589580088,anti-toxic
GSYCIGCVY,0.3151546383555875,anti-toxic
GHDDCDVVF,0.31514420472919147,anti-toxic
GNFVFSRRR,0.31512818306362705,anti-toxic
GVNCYVVDY,0.31512447796931875,anti-toxic
GIFHRFNIF,0.3151164569425863,anti-toxic
GLVFNVYDN,0.31509163337721724,anti-toxic
GLLYNYSFC,0.31509111714998894,anti-toxic
GIFGLRGLD,0.3150860601284424,anti-toxic
GLNISSFGS,0.3150860601284424,anti-toxic
GIHGYVSCD,0.3150860601284424,anti-toxic
GFSVFRGLH,0.3150702529442552,anti-toxic
GYVRYRVGS,0.3150690195052743,anti-toxic
GLHVGGRLH,0.3150658683678834,anti-toxic
GFVLHLVVR,0.3150581177458107,anti-toxic
GLCVLDNYY,0.3150581177458107,anti-toxic
GSGGNDGHV,0.3150540179399766,anti-toxic
GSFGLNFDR,0.3150407101067959,anti-toxic
GFLGGNFVH,0.31502295590194485,anti-toxic
GRDRDGVFV,0.31501736784337875,anti-toxic
GCFDCYDYH,0.3150156418807562,anti-toxic
GCGDGDIYG,0.31501364029771156,anti-toxic
GYGRVFVYF,0.31500849599990105,anti-toxic
GVCVGGGFI,0.314998979511122,anti-toxic
GDYICHGVG,0.3149887454663626,anti-toxic
GYHCFDFGR,0.3149657736072737,anti-toxic
GCCFDGYVV,0.3149657736072737,anti-toxic
GLDVCSDVG,0.3149657736072737,anti-toxic
GGLGNFFID,0.3149471645755026,anti-toxic
GVICHYHGY,0.3149387223455064,anti-toxic
GVGYVISGG,0.3149286051805401,anti-toxic
GINCGDDGV,0.31491411493207266,anti-toxic
GSCYHLDYL,0.31490639914796964,anti-toxic
GCYHCDDDF,0.31489597378682394,anti-toxic
GRDDRCFVS,0.31488110756121096,anti-toxic
GGYDCGNID,0.31488110756121096,anti-toxic
GCGNGGVFR,0.31486709647989725,anti-toxic
GHCFGFVCG,0.31486709647989725,anti-toxic
GRYLRSSIS,0.3148581950875502,anti-toxic
GRGGRHSVH,0.3148182801496145,anti-toxic
GVHRGIRRD,0.3148182801496145,anti-toxic
GLYVYDCVS,0.3148182801496145,anti-toxic
GYCRYRIFD,0.3148182801496145,anti-toxic
GCCNHSVVG,0.31479527665471235,anti-toxic
GYNFSCVGD,0.3147925754068114,anti-toxic
GDIRSDFVC,0.31477859499566874,anti-toxic
GCFGGCDGY,0.31475602017073884,anti-toxic
GDGCSGIVY,0.31475602017073884,anti-toxic
GLSNCGYIR,0.31474569813525594,anti-toxic
GGFVNGGSG,0.314741452396623,anti-toxic
GGCCFLLFD,0.31473127334136936,anti-toxic
GHLVRYVGS,0.314723759401009,anti-toxic
GVLGCVILR,0.3147179850530824,anti-toxic
GFRNCLGYI,0.31470969295517376,anti-toxic
GGDFGFFVS,0.31470969295517376,anti-toxic
GSYFCCDGF,0.31470969295517376,anti-toxic
GVNLGHFVR,0.3146881804486356,anti-toxic
GCCLCYDVY,0.3146738763305274,anti-toxic
GFGYCDYCS,0.3146738763305274,anti-toxic
GLNGYDRFF,0.3146453577973784,anti-toxic
GSCYNLHLR,0.3146453577973784,anti-toxic
GGCCYCCCG,0.3146403374872098,anti-toxic
GGNRCRGRR,0.3146293684565116,anti-toxic
GLSGRGSLL,0.3146028028532551,anti-toxic
GSSGGSIGN,0.3146028028532551,anti-toxic
GSHCYLDIR,0.3146028028532551,anti-toxic
GVVVYDCVF,0.3146028028532551,anti-toxic
GLCSVSNFG,0.31456051311351635,anti-toxic
GHICGGRCG,0.3145550755624874,anti-toxic
GFNVRNCYN,0.3145452002957194,anti-toxic
GVLFCGSCD,0.314543946683617,anti-toxic
GSGNCSLGR,0.3145324660676283,anti-toxic
GCDSLVGYV,0.3145125035532305,anti-toxic
GLYGHIVRD,0.31449757036378856,anti-toxic
GNSSSFDHD,0.3144914310147416,anti-toxic
GSCFLYRGY,0.3144691532193635,anti-toxic
GCVYSSVYG,0.3144575295681061,anti-toxic
GGLIGVSFG,0.31442566796506055,anti-toxic
GDFCCVHDD,0.31439395722196267,anti-toxic
GCYHCDNYR,0.31439395722196267,anti-toxic
GRCGSDIYR,0.31439395722196267,anti-toxic
GCCGDNYFN,0.31439395722196267,anti-toxic
GFYDYVFYG,0.31439395722196267,anti-toxic
GYRNGNNCG,0.31439395722196267,anti-toxic
GFFYVNVCN,0.31439395722196267,anti-toxic
GVVYNSDCD,0.3143656542807097,anti-toxic
GSFIDGYSD,0.31432933487500864,anti-toxic
GGDYDGFYN,0.31427170683919814,anti-toxic
GDLGFLIVD,0.3142536313679184,anti-toxic
GNIDGNRRR,0.3142414929473046,anti-toxic
GFDCGDLCF,0.3142314522689335,anti-toxic
GVYNDSYYR,0.3142314522689335,anti-toxic
GFCVNNNGN,0.3142314522689335,anti-toxic
GFSNNGSVY,0.31421363980940625,anti-toxic
GVGGHGCVS,0.31421363980940625,anti-toxic
GDVCGNHFI,0.3142095982253056,anti-toxic
GFHSHHFCY,0.314191441721952,anti-toxic
GYVGSVVDV,0.314191441721952,anti-toxic
GLYSRGNIC,0.31416301093526366,anti-toxic
GDRFVGRCF,0.3141252937541289,anti-toxic
GINDGHGCD,0.3141252937541289,anti-toxic
GDIVDFIVS,0.3141121438750337,anti-toxic
GHVIVCNGG,0.3141065162941998,anti-toxic
GFFSDDDDR,0.31410140451173973,anti-toxic
GCNHYVHNS,0.3140924685032231,anti-toxic
GSDGGDIDR,0.31407285222995684,anti-toxic
GRCIIIDGS,0.3140505056564922,anti-toxic
GFCVGNDCD,0.31404858281260445,anti-toxic
GFFVYRRGG,0.3140351387920217,anti-toxic
GYCDFSCVN,0.31401047421081807,anti-toxic
GNISCFVVG,0.3140057337456754,anti-toxic
GLSRSGLFG,0.31400544267519076,anti-toxic
GGFFCYGFY,0.3139949728283488,anti-toxic
GLLFFDNCC,0.3139949728283488,anti-toxic
GYCGCCGFH,0.31396526630746424,anti-toxic
GFIISRDVG,0.3139371709407406,anti-toxic
GIDGSRVGL,0.3139180180160799,anti-toxic
GCIHSLSGR,0.3139180180160799,anti-toxic
GHCCLHGSS,0.31389892185330215,anti-toxic
GVRYCFGVF,0.3138939059497881,anti-toxic
GLCYYDVVL,0.31389026047536334,anti-toxic
GGDSDSGIH,0.31387988220043184,anti-toxic
GRVHCGGFL,0.31386722036915343,anti-toxic
GCYCRGHYH,0.31386722036915343,anti-toxic
GCNGRCGYC,0.313847789283407,anti-toxic
GYCCVCGGN,0.31383917211568124,anti-toxic
GFFYVYCVY,0.31380428370041014,anti-toxic
GHHVICVDH,0.31379534309286267,anti-toxic
GFRNRGRGD,0.3137774993726762,anti-toxic
GVFSCLGYV,0.31375970547121523,anti-toxic
GFCYFGVCG,0.3137557580154139,anti-toxic
GFRRCGDGG,0.31375324727260545,anti-toxic
GNYVRIVSN,0.31373145826519233,anti-toxic
GVRGSDDVC,0.31372426629218675,anti-toxic
GSFNDGVLS,0.3137055841472631,anti-toxic
GDRGDGVVF,0.31369253933290736,anti-toxic
GIVLVNCGD,0.31369253933290736,anti-toxic
GCCHYCGVY,0.3136714759926068,anti-toxic
GYDVVSSDG,0.3136191229720017,anti-toxic
GFVNDHCDN,0.3136191229720017,anti-toxic
GLYGNGVCS,0.3136191229720017,anti-toxic
GFVFIDCCD,0.3136191229720017,anti-toxic
GCCGRIHDR,0.3136191229720017,anti-toxic
GIIGSNCVG,0.3136191229720017,anti-toxic
GCGYNVYCD,0.3136191229720017,anti-toxic
GFDVFNCGG,0.313561000048748,anti-toxic
GSGVVDRSS,0.31355858990591956,anti-toxic
GLHSIGGGD,0.3135499898165066,anti-toxic
GLCRYVSGG,0.3135499898165066,anti-toxic
GCDCGGGIG,0.3135402821835664,anti-toxic
GIHRFIDCH,0.3135071658783739,anti-toxic
GRCYFGFDD,0.3134986362235792,anti-toxic
GYCVHFSGN,0.31347481511823894,anti-toxic
GRIFVDIFC,0.31347481511823894,anti-toxic
GCCGLLFGR,0.3134698979738883,anti-toxic
GHDCSLSCR,0.3134624228144643,anti-toxic
GFCVLYDFY,0.31345898488688967,anti-toxic
GCCFSSRVG,0.3134392536458011,anti-toxic
GHLSLNRCR,0.31342992911934586,anti-toxic
GHHFFSHSV,0.3134139767792863,anti-toxic
GDCHHNDSD,0.3134139767792863,anti-toxic
GLRRVVHHV,0.31340389484407977,anti-toxic
GHRDDLGHV,0.31338043405041044,anti-toxic
GHYYFVFGN,0.31335918312769917,anti-toxic
GDDGLIVGD,0.31333984388430747,anti-toxic
GGFCNSSGG,0.31333377836127463,anti-toxic
GCLVLHDFY,0.31333377836127463,anti-toxic
GGVGGCHGG,0.31331389080628996,anti-toxic
GCFRHFVFN,0.31331389080628996,anti-toxic
GCFFDYVFG,0.3132932428584175,anti-toxic
GLYVIFRYD,0.3132644520809928,anti-toxic
GFDDSGVNV,0.3132644520809928,anti-toxic
GGNLVRDGG,0.3132644520809928,anti-toxic
GFLYIYFFR,0.3132644520809928,anti-toxic
GSISVFGHC,0.3132644520809928,anti-toxic
GFYSIFVVH,0.3132644520809928,anti-toxic
GDLHCCCYG,0.31324568030247185,anti-toxic
GIGVYGSVN,0.31323886847626664,anti-toxic
GDRGCYFVV,0.31323171343698325,anti-toxic
GDCVYRVVD,0.31322627402445175,anti-toxic
GVSFGGCCG,0.31322627402445175,anti-toxic
GYICFRGFS,0.31321540973642004,anti-toxic
GYFNGDIGF,0.3131959027190159,anti-toxic
GLYSDRGCS,0.3131959027190159,anti-toxic
GNDYGVVFY,0.31318833351416875,anti-toxic
GYDDNIHFH,0.31317116575652215,anti-toxic
GRINDVCDS,0.31315062833983465,anti-toxic
GCFVGVVSV,0.31315062833983465,anti-toxic
GRCYLGVGD,0.31315062833983465,anti-toxic
GFHRFNCYS,0.31314740734725555,anti-toxic
GFYVLDHDF,0.3131007170830485,anti-toxic
GFNYFNSLY,0.3130945070653618,anti-toxic
GFHDCCDFG,0.3130945070653618,anti-toxic
GVSDDFSHS,0.3130945070653618,anti-toxic
GGDHILVVN,0.3130681043124592,anti-toxic
GCGDGNVDR,0.31303890313699656,anti-toxic
GSSGNLGIR,0.31303890313699656,anti-toxic
GGNLCIYYN,0.31303890313699656,anti-toxic
GCGGVLGGR,0.31301129294709545,anti-toxic
GNCHDRGSD,0.31301129294709545,anti-toxic
GINSSNRGR,0.31300378491718894,anti-toxic
GNYNSFVDC,0.31300211774386905,anti-toxic
GCDLDCRSY,0.3129926612955384,anti-toxic
GGIGDFRNG,0.31298879705307564,anti-toxic
GDYLSVDVD,0.31296111368568785,anti-toxic
GCCVCVGGS,0.31292921896368886,anti-toxic
GLLCFLYGS,0.31292921896368886,anti-toxic
GLFSNSRDG,0.31292921896368886,anti-toxic
GFGHFLCGY,0.31292921896368886,anti-toxic
GGFVHSSGG,0.31292921896368886,anti-toxic
GIRFFVSYG,0.3128996519907461,anti-toxic
GFCGVHVYS,0.3128886022246457,anti-toxic
GDSCFRVYV,0.3128751248636124,anti-toxic
GFDCDINFR,0.31286743726049016,anti-toxic
GCVRYVGYV,0.31286436501271303,anti-toxic
GCYVCFGYV,0.3128271401097924,anti-toxic
GVCCSDFDS,0.3128002142154053,anti-toxic
GSFRNLLCF,0.3127860528236407,anti-toxic
GVFCGDCCG,0.3127683989352254,anti-toxic
GDVRIDLVD,0.3127683989352254,anti-toxic
GFCSFGGSD,0.3127683989352254,anti-toxic
GFYCVIRSG,0.31275201015498594,anti-toxic
GGVHLCRDN,0.3127157539891759,anti-toxic
GDCSVNCDN,0.3127007992025177,anti-toxic
GFFCVFRSD,0.31269672726546893,anti-toxic
GGLGGGHGV,0.31268960820897457,anti-toxic
GSCRVNNDH,0.31264283947299315,anti-toxic
GILFCDSVS,0.3126324973306226,anti-toxic
GCFVFDSGV,0.31262659580190505,anti-toxic
GRSRGSFYS,0.31261186821379633,anti-toxic
GVYLDSLID,0.31261186821379633,anti-toxic
GGSCVDYCS,0.31257338569355475,anti-toxic
GSYDLDIVV,0.3125679090577384,anti-toxic
GVFGYVGIN,0.31254363119866607,anti-toxic
GIYFHVCVD,0.31254102275290085,anti-toxic
GCCDVGGID,0.31254102275290085,anti-toxic
GLYICIGCS,0.31254102275290085,anti-toxic
GRVLRLLVY,0.31253515806930593,anti-toxic
GVVYRIDVR,0.31253233646369316,anti-toxic
GFRCRCGGG,0.31250981334741124,anti-toxic
GCHGRVLGR,0.31250981334741124,anti-toxic
GRYCVGNFD,0.31250981334741124,anti-toxic
GVYHFFCSV,0.31249427202507774,anti-toxic
GNIYGNCGS,0.3124896178310319,anti-toxic
GLGVSCSVN,0.3124860612906412,anti-toxic
GHVFIRVDS,0.3124809843466438,anti-toxic
GCCIGVVDV,0.31247619358541917,anti-toxic
GFYYHSGLV,0.31247314700588896,anti-toxic
GYYGNDFGH,0.31247314700588896,anti-toxic
GCYCGCGFH,0.31246949325065154,anti-toxic
GRLISCGYC,0.312459457444763,anti-toxic
GRRLFRVGF,0.31240685566176696,anti-toxic
GGNFYSFFR,0.31234558778980936,anti-toxic
GRDISYHYG,0.31234088632287554,anti-toxic
GYYYDVFFR,0.3123273099491073,anti-toxic
GDFGHVDDH,0.3123110060736703,anti-toxic
GGRHGIHSG,0.3123110060736703,anti-toxic
GCFYCDCVG,0.3123110060736703,anti-toxic
GGFNRFSFH,0.31228663830921427,anti-toxic
GSFHYGVHR,0.3122785390993417,anti-toxic
GGDSDHGFY,0.31224625848027365,anti-toxic
GFNYCDVFI,0.31223821725561607,anti-toxic
GGYGGLSLG,0.31222789546545504,anti-toxic
GFHGVVGFL,0.31221416261649493,anti-toxic
GGVFVVDVV,0.31221416261649493,anti-toxic
GCIVGNHFV,0.31215051884598266,anti-toxic
GCRLRNSDH,0.3121460005694424,anti-toxic
GVFGDFVNR,0.31209000231239836,anti-toxic
GDNFVLNGS,0.3120862353543064,anti-toxic
GYVRGGRCG,0.3120813421434618,anti-toxic
GGLDLFVDY,0.31206837729055287,anti-toxic
GFIDLGSCG,0.31206181253808457,anti-toxic
GVDFYCVFS,0.3120532900250217,anti-toxic
GFVFVCGLS,0.3120253799654443,anti-toxic
GCSGLVRFG,0.3120040066795864,anti-toxic
GHRYGGNFG,0.31195621928659717,anti-toxic
GVGIFVDNF,0.3119333586743059,anti-toxic
GHFVIDYCS,0.31192747468265286,anti-toxic
GDNRHGGLR,0.3119219642054835,anti-toxic
GVCCNLGGD,0.31192033836814836,anti-toxic
GNVLSGDGY,0.31190027713240204,anti-toxic
GCSCCDGYY,0.3118879232521895,anti-toxic
GLCLGYYDS,0.31186084331566305,anti-toxic
GVVGSIGHV,0.31186084331566305,anti-toxic
GHCNGDDHD,0.3118428649461986,anti-toxic
GLCHNLIYF,0.3118428649461986,anti-toxic
GVHCCDIFG,0.3118204757474875,anti-toxic
GYSLNVGVV,0.3118204757474875,anti-toxic
GCCVYDCYY,0.311804540148163,anti-toxic
GLYNRVGVL,0.31180011426224175,anti-toxic
GDFVVDVIS,0.31179323677380144,anti-toxic
GFGFRSVYG,0.3117918255194266,anti-toxic
GCGLGSCCF,0.3117851063870318,anti-toxic
GFRLVCGFV,0.31175386105575426,anti-toxic
GRGVHRGHV,0.31175386105575426,anti-toxic
GFCCVDNFC,0.31175386105575426,anti-toxic
GNHVYYSLG,0.31175386105575426,anti-toxic
GFRCRGVDR,0.31172086120908343,anti-toxic
GYLGCCVDD,0.3117099063487785,anti-toxic
GDCSLYRFR,0.31170592832772115,anti-toxic
GFCVCCGGD,0.31167299437981016,anti-toxic
GFDVGFCCG,0.3116489716742752,anti-toxic
GFLGGVRFD,0.311641558038647,anti-toxic
GLFCCFDGL,0.31163301669698085,anti-toxic
GLCCYSFVD,0.31158795053591387,anti-toxic
GRDSLCVVF,0.3115801779972893,anti-toxic
GCLGYIGFC,0.3115801779972893,anti-toxic
GINSGDLGG,0.3115801779972893,anti-toxic
GYLLCFDCY,0.3115801779972893,anti-toxic
GIFGCDNIY,0.31156798710388933,anti-toxic
GCNVHNFVG,0.3115461143491364,anti-toxic
GYVGRVDYH,0.3115461143491364,anti-toxic
GVCFFVGIS,0.3115315828890476,anti-toxic
GLFILGHVR,0.31152842918881707,anti-toxic
GLFFHNVSG,0.31152518471072366,anti-toxic
GFCGVFFNS,0.3114954293421462,anti-toxic
GCVSSVNSV,0.3114954293421462,anti-toxic
GFLYYDSIY,0.31148343341683693,anti-toxic
GHINYDGHC,0.31146748156505855,anti-toxic
GVYDSDNFC,0.31145699868743404,anti-toxic
GGGDDDSGH,0.31144523059252044,anti-toxic
GVCFFVSYG,0.31144523059252044,anti-toxic
GDVGSGDCG,0.31143275606374843,anti-toxic
GDRHSFGLH,0.31141203145770296,anti-toxic
GFYRFYGCN,0.31141203145770296,anti-toxic
GYIYFSDCY,0.31140063250281047,anti-toxic
GIDSYDGIV,0.3113941739543327,anti-toxic
GLYIGGDFN,0.31137904330851296,anti-toxic
GRGRYRNCS,0.3113462641399573,anti-toxic
GYCVDYGCN,0.3113218157152476,anti-toxic
GCDHFGGLH,0.3113183325399925,anti-toxic
GGHGIVGYC,0.31130963490855174,anti-toxic
GVSSSGYSD,0.31130495765719174,anti-toxic
GFIVFNNFF,0.3112991573324437,anti-toxic
GDVVRIHGD,0.31128939751423756,anti-toxic
GLLCDVRSG,0.3112862911395302,anti-toxic
GDYGYHSDN,0.3112813248510071,anti-toxic
GGYDVYHFI,0.3112736744054572,anti-toxic
GDFVYDCYH,0.3112491608456672,anti-toxic
GGHSYDYYH,0.3112491608456672,anti-toxic
GFSIFIDIY,0.3112491608456672,anti-toxic
GCFLDRGVN,0.3112491608456672,anti-toxic
GRFFCGSGG,0.3112491608456672,anti-toxic
GFYCCIVFD,0.3112491608456672,anti-toxic
GIRSGSSGG,0.3112491608456672,anti-toxic
GSGGCNNGH,0.31119600037287876,anti-toxic
GNIDFGCIY,0.311189394179103,anti-toxic
GFNLVIGFY,0.3111868114834321,anti-toxic
GIVVICGDD,0.31118091310734763,anti-toxic
GIDDHSCGD,0.3111784029159921,anti-toxic
GFILRIGVF,0.31115386858375926,anti-toxic
GYDFCSSDS,0.3111393657542208,anti-toxic
GVFGDHSNS,0.31113032256830697,anti-toxic
GICFFDYDG,0.31113032256830697,anti-toxic
GFYDYVGGV,0.31113032256830697,anti-toxic
GICGCGGCG,0.311103289828458,anti-toxic
GYSGRGFRR,0.3110913216718771,anti-toxic
GVDDGLCDG,0.3110913216718771,anti-toxic
GCSYGDGDY,0.3110913216718771,anti-toxic
GSNCDVNDH,0.3110840988992832,anti-toxic
GDHDVGSGG,0.3110772141020955,anti-toxic
GFCLCDYDN,0.31107193395812177,anti-toxic
GFCYLGRDR,0.31106747047699496,anti-toxic
GCNIVRGIG,0.3110603371549087,anti-toxic
GILGCSDFR,0.31103978661868653,anti-toxic
GFYVFFIDN,0.3110142165705821,anti-toxic
GFCYDSCDD,0.3110142165705821,anti-toxic
GSDFDGVFL,0.3110142165705821,anti-toxic
GCLVYCRCG,0.3110142165705821,anti-toxic
GGGLRHSLR,0.3110142165705821,anti-toxic
GFNFFRCSG,0.31100329792765047,anti-toxic
GVGDVDVVG,0.3109913149710881,anti-toxic
GCHVRSCYV,0.3109582294197309,anti-toxic
GSYRDHFIR,0.3109382843242302,anti-toxic
GFCGRCGFF,0.3109232362660903,anti-toxic
GYNLYSCSG,0.31091680108206493,anti-toxic
GIYSVIGHL,0.3109007496902754,anti-toxic
GFSVCSHGR,0.3108265271766313,anti-toxic
GVHGSCGYC,0.31080610750231036,anti-toxic
GNHRLDGIC,0.31078983295313745,anti-toxic
GCIVGDYCR,0.31078983295313745,anti-toxic
GRIGGCSVN,0.31078983295313745,anti-toxic
GLFCRGVLR,0.31078983295313745,anti-toxic
GVRVRCVDY,0.31077298971468187,anti-toxic
GHGCFGGYC,0.31064576445558034,anti-toxic
GCFIVNIVD,0.31064576445558034,anti-toxic
GRCDLDVIF,0.3106295698613563,anti-toxic
GDYCFDVYH,0.3106174596697064,anti-toxic
GIFGYDNCF,0.3106174596697064,anti-toxic
GCYCFLNCG,0.3106124819969452,anti-toxic
GCCYNVRFG,0.3106124819969452,anti-toxic
GRFFHGHFL,0.31059868220977727,anti-toxic
GIGDFYSYG,0.31057531357021156,anti-toxic
GYYLGGVCN,0.31057531357021156,anti-toxic
GSCYGVRVD,0.31057531357021156,anti-toxic
GCCDGHCFG,0.31057531357021156,anti-toxic
GFYDCFHHG,0.31057531357021156,anti-toxic
GICRDDFIY,0.3105675493689098,anti-toxic
GLYYFDVYI,0.3105454353766802,anti-toxic
GDVRNNYYS,0.31050588754785874,anti-toxic
GIFVDCYDC,0.31050588754785874,anti-toxic
GFLGIHGFL,0.3104715518968227,anti-toxic
GIFGDHHYF,0.3104715518968227,anti-toxic
GGCCISDFR,0.31046016191054104,anti-toxic
GFFDSYVHN,0.3104544772169738,anti-toxic
GGCFISGCV,0.31045106968954633,anti-toxic
GFGIVSRCG,0.31044364363077814,anti-toxic
GGVHCCGGN,0.3104066882596469,anti-toxic
GIVFHSSGD,0.31040362173879843,anti-toxic
GLYHYGFRD,0.31037002191812463,anti-toxic
GNCCLVDLF,0.31037002191812463,anti-toxic
GICCCGDGH,0.31037002191812463,anti-toxic
GGSFSLFHH,0.31037002191812463,anti-toxic
GCGVNIDDC,0.31033364122851975,anti-toxic
GFHGSHLGC,0.3103129792330878,anti-toxic
GVYHDRDSG,0.3103035397929426,anti-toxic
GGRFFNYFC,0.31029411953109115,anti-toxic
GFYFHVCGS,0.3102566291023621,anti-toxic
GSGVRNLIY,0.31023799745080494,anti-toxic
GSCCCCFDS,0.31023799745080494,anti-toxic
GYDVGYLYD,0.31023234187515547,anti-toxic
GNCFVFSGD,0.310212039201976,anti-toxic
GVICGNRDR,0.3101733751038509,anti-toxic
GSVNNYVSG,0.3101733751038509,anti-toxic
GGHCFVILV,0.3101733751038509,anti-toxic
GRLDYCSYS,0.3101733751038509,anti-toxic
GFRVVHRGY,0.3101620652044531,anti-toxic
GGIYFVGIH,0.3101535039280838,anti-toxic
GFYIFLIFY,0.31015203542461395,anti-toxic
GCVDGFHFD,0.310135035268743,anti-toxic
GCGCGCGVR,0.3101096535158996,anti-toxic
GCCYHYHSD,0.31009161016302705,anti-toxic
GCFYYCGFC,0.3100781246413783,anti-toxic
GCNVRDGYF,0.3100781246413783,anti-toxic
GHIHNYHGF,0.3100468139833565,anti-toxic
GSLFDDGGC,0.3100379078449144,anti-toxic
GINYGFHVF,0.31002606032651603,anti-toxic
GFRNSIDFH,0.31002494122860363,anti-toxic
GCLGNFDCN,0.31002192105457294,anti-toxic
GFGVLGCDS,0.3099848383169076,anti-toxic
GLFFLCGFY,0.3099848383169076,anti-toxic
GCSGLFCLG,0.3099848383169076,anti-toxic
GVCGGDDGC,0.3099848383169076,anti-toxic
GSHRRFNHR,0.3099848383169076,anti-toxic
GRVRSSVCG,0.30995652061195167,anti-toxic
GNHVSNFVY,0.30995577782762623,anti-toxic
GCVLCNHYN,0.3099237088239637,anti-toxic
GINFGNCCF,0.3099115829432157,anti-toxic
GCVCYRDGG,0.3099115829432157,anti-toxic
GVHCFIVDC,0.30988055341259974,anti-toxic
GHLHYHGLF,0.3098395164209881,anti-toxic
GVCDYDRCG,0.3098271023322066,anti-toxic
GICCHGRYD,0.30981435961720993,anti-toxic
GLFGGNNYH,0.3098039199714864,anti-toxic
GGIYDCRDD,0.30979211833065073,anti-toxic
GIDGYDFVY,0.30978783469279775,anti-toxic
GCVFHDHVR,0.3097744752796615,anti-toxic
GFLRRSVGV,0.3097686100416402,anti-toxic
GRLRFGGHG,0.3097686100416402,anti-toxic
GIIGRDHCY,0.3097686100416402,anti-toxic
GVVVGLDSY,0.3097598269228772,anti-toxic
GDCDHNGHN,0.3097452275621932,anti-toxic
GGYLDIDFG,0.3097452275621932,anti-toxic
GFYCFSVHD,0.3097286022590272,anti-toxic
GCIVHLRYG,0.3097286022590272,anti-toxic
GFYVSCHGY,0.3097286022590272,anti-toxic
GFNRSGCGG,0.3097207492349461,anti-toxic
GVHGRFDVH,0.30971106799557396,anti-toxic
GNCSGLGIR,0.30970653360895173,anti-toxic
GCFVGCSYN,0.3097037828988953,anti-toxic
GCFVFDCDH,0.30964913266452726,anti-toxic
GVYGNIDVY,0.3096301674258988,anti-toxic
GGCIVNCFF,0.3096301674258988,anti-toxic
GFFYHFRYI,0.3096301674258988,anti-toxic
GDFLFIHSG,0.3096301674258988,anti-toxic
GYYIGGCLD,0.3096107472013325,anti-toxic
GFCYGNNGG,0.3095993127861285,anti-toxic
GRGHCSHRL,0.30958779929924657,anti-toxic
GGCFCDVGG,0.30957376920727486,anti-toxic
GICCVGFLR,0.3095585160269519,anti-toxic
GDYGHDDGV,0.30954584658651085,anti-toxic
GSFCDGCVD,0.30954584658651085,anti-toxic
GFNIDCGHY,0.30954584658651085,anti-toxic
GLFFVNGDC,0.30954584658651085,anti-toxic
GHFRYYSVS,0.309531137786454,anti-toxic
GFCLGVVFD,0.3095181058895001,anti-toxic
GCYVYDVLS,0.30949604312529494,anti-toxic
GIRIRLFCD,0.30948662272721855,anti-toxic
GCCIRSNCG,0.30946316320084394,anti-toxic
GGCHGFCLG,0.30946316320084394,anti-toxic
GCVDFVNYD,0.30946316320084394,anti-toxic
GNFVFRNGH,0.30946316320084394,anti-toxic
GCFVSCCYS,0.30945058498110806,anti-toxic
GIYGDHFVH,0.3094305376904126,anti-toxic
GCFSILFGN,0.30940892723675184,anti-toxic
GGISRDFLR,0.30940461848190254,anti-toxic
GSIRGCDCD,0.3093731558469119,anti-toxic
GLFFYYGFF,0.3093660381905089,anti-toxic
GFFCDCHFF,0.3093660381905089,anti-toxic
GFICCFHYY,0.3093660381905089,anti-toxic
GFSSYCCVN,0.3093585150737906,anti-toxic
GRIFFVCDH,0.3093520607361769,anti-toxic
GCCIVVDDL,0.3093477912898759,anti-toxic
GRFSCCVFS,0.30930252162997107,anti-toxic
GLCYSLNYS,0.30930252162997107,anti-toxic
GCLSGVSVR,0.30930252162997107,anti-toxic
GYCSIGHFH,0.30930252162997107,anti-toxic
GLHIRSRVR,0.30930252162997107,anti-toxic
GCLGIFHYD,0.30930252162997107,anti-toxic
GFYVYGGDV,0.30930252162997107,anti-toxic
GYGLCNCDN,0.30925774207825807,anti-toxic
GSFHYCFYG,0.30923996570881096,anti-toxic
GFVNVGDFF,0.30922447427925276,anti-toxic
GRLHGVGVR,0.30922447427925276,anti-toxic
GIIYFLCVF,0.3092134447181824,anti-toxic
GVNIRGGVY,0.30919878474140833,anti-toxic
GGCIRCVGG,0.30919878474140833,anti-toxic
GGFGCGGFV,0.30918600028189386,anti-toxic
GCSCYDFYS,0.30917556999657025,anti-toxic
GGIFYISGD,0.30914788588616066,anti-toxic
GYYGLFDSV,0.30914788588616066,anti-toxic
GFYDCCGGF,0.30914788588616066,anti-toxic
GIRDIIHGL,0.30913106026649667,anti-toxic
GVVLHRVRV,0.3091014621039782,anti-toxic
GSVGGSLFR,0.30909761741201425,anti-toxic
GFILYNNGS,0.30909761741201425,anti-toxic
GRCRCLVVH,0.3090876383336047,anti-toxic
GHVYCYCVD,0.30907271591939517,anti-toxic
GDHGYLFSD,0.3090659512605232,anti-toxic
GNFGFNVLF,0.309045371459241,anti-toxic
GLFYSCCGD,0.3090356505884942,anti-toxic
GSFGRCRGS,0.3090282784819612,anti-toxic
GYVGYDSHV,0.3090233712828526,anti-toxic
GFRCRYYGH,0.3090143474507001,anti-toxic
GCCLCDYGH,0.3089989253352566,anti-toxic
GCNVGDHSY,0.3089989253352566,anti-toxic
GFCYFCSGS,0.3089989253352566,anti-toxic
GFSFCFGLH,0.3089989253352566,anti-toxic
GVCHLLRCR,0.3089989253352566,anti-toxic
GHIDRLSHG,0.3089989253352566,anti-toxic
GDHVDYVVY,0.3089794759753525,anti-toxic
GLNGSGCVS,0.30896253550056235,anti-toxic
GVYSSSNVD,0.30895529737983246,anti-toxic
GFDCDNNGR,0.30895047930007846,anti-toxic
GRILGNDYR,0.30895047930007846,anti-toxic
GSVNVGGYI,0.3089466290522259,anti-toxic
GFCFFLDVY,0.30894307829835027,anti-toxic
GYFRSFSGS,0.308940860694231,anti-toxic
GFNCHSCCD,0.30892989656901354,anti-toxic
GSFGSVDYH,0.3089264765100149,anti-toxic
GVYLDCGHD,0.3089121445413014,anti-toxic
GCGDDNYVC,0.3088836361171908,anti-toxic
GYIINYDLI,0.3088553331759377,anti-toxic
GCSVYGHGN,0.3088553331759377,anti-toxic
GCVRRFGHD,0.3088377471994659,anti-toxic
GCIYGFCCG,0.3088319027596011,anti-toxic
GRLFYDVCI,0.3088272335038434,anti-toxic
GGSYVVGNR,0.30882523410472085,anti-toxic
GCYVYDNGC,0.30880861223759964,anti-toxic
GLHGYFDFD,0.30880861223759964,anti-toxic
GCNCIVDVG,0.30879079086062267,anti-toxic
GRHVGIGDY,0.3087900797039642,anti-toxic
GIYYYLFYC,0.3087854603607435,anti-toxic
GYCIIYCVN,0.30877777366472114,anti-toxic
GVDDRGSLG,0.3087716352701952,anti-toxic
GVVCGIRYH,0.3087716352701952,anti-toxic
GCYYCCHCD,0.3087716352701952,anti-toxic
GIFNCLVDG,0.3087509898089433,anti-toxic
GGSFYSSDD,0.3087489716697075,anti-toxic
GIIGSNGVR,0.30871682433027214,anti-toxic
GLNDFYYCG,0.30871682433027214,anti-toxic
GYYVHGNVY,0.30871682433027214,anti-toxic
GLFVRNIDD,0.30871682433027214,anti-toxic
GILSVHGIS,0.3086627840786124,anti-toxic
GYYHVFVYH,0.3086627840786124,anti-toxic
GCSNGSHCD,0.3086493925341732,anti-toxic
GDVRGNSHY,0.3086493925341732,anti-toxic
GGFFGGDCG,0.30863271904079753,anti-toxic
GVFVFDRDR,0.30862717741450263,anti-toxic
GIVGFDVFH,0.30862717741450263,anti-toxic
GGFSYRVDS,0.30861913127353285,anti-toxic
GIFRGNVDY,0.30861913127353285,anti-toxic
GIFGRDVCF,0.3086094983734914,anti-toxic
GNSHRYDDL,0.30860309001460234,anti-toxic
GVNSRCVCD,0.3086019468049619,anti-toxic
GVGHVIGVY,0.30859190142364257,anti-toxic
GGGLCYCLC,0.3085831335544271,anti-toxic
GLIGSDCCC,0.3085831335544271,anti-toxic
GGNLVNGVD,0.3085831335544271,anti-toxic
GCRHNGVCG,0.3085831335544271,anti-toxic
GVRRVDLHR,0.3085569515208455,anti-toxic
GHRVCRVRV,0.3085569515208455,anti-toxic
GFVYVNSVH,0.3085504343501122,anti-toxic
GDNGGFRLD,0.30853959744272674,anti-toxic
GCCCRCGCF,0.30853959744272674,anti-toxic
GCYYVIGLR,0.30853959744272674,anti-toxic
GVCFLDFYH,0.3085238903058183,anti-toxic
GFDGFGGYC,0.3085180170565311,anti-toxic
GVCFVDYVL,0.3085180170565311,anti-toxic
GRFFCGGFY,0.3085180170565311,anti-toxic
GYYVVSCGG,0.30850512825885984,anti-toxic
GFCYSNCVS,0.30849045242944545,anti-toxic
GVCSVSRFG,0.3084540137431881,anti-toxic
GCFVSDVCY,0.3084540137431881,anti-toxic
GCLRNVGGH,0.3084540137431881,anti-toxic
GFYCVFFYD,0.3084540137431881,anti-toxic
GSFGDSYVI,0.3084385059029242,anti-toxic
GFYYSLFFH,0.30842591770682676,anti-toxic
GVYYGLDGC,0.30841792928619394,anti-toxic
GIRCVDVDY,0.30841792928619394,anti-toxic
GVNGGDVIS,0.3084119492865807,anti-toxic
GFCYNDFVR,0.3084119492865807,anti-toxic
GCYFSCNIF,0.30839803353147055,anti-toxic
GCFCVVGYV,0.3083821939180032,anti-toxic
GCCDCVGHR,0.3083747146896683,anti-toxic
GLNHCGSSG,0.3083703588297246,anti-toxic
GIFRGDIVN,0.3083703588297246,anti-toxic
GYIHVDCGD,0.3083292344054806,anti-toxic
GFIRCFDFG,0.3083156284755025,anti-toxic
GGRSIGDYR,0.30829869222874573,anti-toxic
GGILGLYGY,0.3082933289462478,anti-toxic
GHIFDSDVF,0.3082885682242717,anti-toxic
GFHDCCGFF,0.30827511334093266,anti-toxic
GDYVRDIYH,0.30825913603039445,anti-toxic
GFVGRYSIR,0.3082483526691628,anti-toxic
GRYRYGFID,0.30824264393925754,anti-toxic
GCLIRSFVG,0.3082323909483053,anti-toxic
GFVLYRHGG,0.30822841154213676,anti-toxic
GYVFSCLVS,0.3082085802911046,anti-toxic
GFYYSCNFH,0.3082085802911046,anti-toxic
GYICCDCFH,0.3082085802911046,anti-toxic
GCDDVFIFH,0.3082085802911046,anti-toxic
GHYGGLDFC,0.3082085802911046,anti-toxic
GLLGCGHVH,0.3082085802911046,anti-toxic
GGYVIHDSD,0.3082085802911046,anti-toxic
GFYHCVGND,0.3082085802911046,anti-toxic
GRSFGNRFH,0.3081748368870315,anti-toxic
GRCDLGGGN,0.30816142818401704,anti-toxic
GFHDSSNGD,0.3081542289385647,anti-toxic
GLSLDDGGV,0.30814973678692903,anti-toxic
GCSDSISDY,0.30814973678692903,anti-toxic
GLRIDLNFG,0.3081380836621205,anti-toxic
GVYRHVVRV,0.3081303360819202,anti-toxic
GIVYCDVCG,0.3081206753253347,anti-toxic
GLNISCNFR,0.30810829291462766,anti-toxic
GSSLSSRGR,0.30805823680796046,anti-toxic
GLVCVSRDR,0.30804432550439614,anti-toxic
GFDFDNFCH,0.3080348972326397,anti-toxic
GFGHRCFSG,0.3080236167099854,anti-toxic
GVCHGCGVY,0.30801076909119046,anti-toxic
GFCNYSGHF,0.30797885561930904,anti-toxic
GYFINDFVG,0.30794723261846474,anti-toxic
GDCDYDLVS,0.3079460669228247,anti-toxic
GNCVRSDYH,0.3079346638632899,anti-toxic
GFGSCYCLC,0.30792370361188165,anti-toxic
GCCVVFCDG,0.30792370361188165,anti-toxic
GCYVLRGHR,0.3079055136480289,anti-toxic
GVCCGHGGD,0.30789103064794743,anti-toxic
GFFCCLYDD,0.3078814091653402,anti-toxic
GDNGCFIID,0.30786942019428665,anti-toxic
GCNVCDVFH,0.30784794545044947,anti-toxic
GFFVCDCGY,0.307833703718926,anti-toxic
GFRGFDGRV,0.307833703718926,anti-toxic
GDGCSDHDH,0.3078119091722993,anti-toxic
GVFIYGHHF,0.30779565467701325,anti-toxic
GLRYRRGLC,0.30778432281341217,anti-toxic
GFCIIYSGD,0.30778432281341217,anti-toxic
GDVFLFDGL,0.3077633783229496,anti-toxic
GGFICSFLH,0.3077633783229496,anti-toxic
GSYYNCVVG,0.3077633783229496,anti-toxic
GIDVVSVYS,0.3077336819584877,anti-toxic
GIFLSGFSG,0.3077336819584877,anti-toxic
GVDFFDCIV,0.30772187662843636,anti-toxic
GFRYCIHYS,0.3077115810204965,anti-toxic
GCFVFGSDD,0.3077115810204965,anti-toxic
GVYNLCRSG,0.3076873225987187,anti-toxic
GVDDCLVVS,0.3076808834073434,anti-toxic
GLDRGVSVS,0.3076605745629943,anti-toxic
GDFNCISIY,0.3076605745629943,anti-toxic
GGGCGFGDR,0.3076605745629943,anti-toxic
GGLHSFSVN,0.3076605745629943,anti-toxic
GGCISGFYG,0.30763536226250804,anti-toxic
GCCNVNRVD,0.3076330797396555,anti-toxic
GVRRGYGHG,0.30762700071721183,anti-toxic
GSDFLSVDD,0.30761747055006594,anti-toxic
GCNLIFVFD,0.30761034097530277,anti-toxic
GCCCYYGVR,0.30760322681672014,anti-toxic
GFDVGDCVV,0.30759376516636944,anti-toxic
GFLFCDNVY,0.30756086282293893,anti-toxic
GCLNGSDFR,0.30756086282293893,anti-toxic
GFIVGFHGG,0.30756086282293893,anti-toxic
GCFRRVVFV,0.3075519466279849,anti-toxic
GFVVHRGLH,0.3075457881259832,anti-toxic
GNDVRCYDN,0.30753911057621364,anti-toxic
GFDCDGHDR,0.30753911057621364,anti-toxic
GVFRYGDDG,0.3074641056693911,anti-toxic
GRCFRDDSN,0.3074641056693911,anti-toxic
GNGRFSVVH,0.30745051676837765,anti-toxic
GSGCDFSGD,0.3074403627023293,anti-toxic
GYGGYGYVR,0.30743248727311173,anti-toxic
GFFIIYGLS,0.30743248727311173,anti-toxic
GVVIGFDFY,0.3074262008487776,anti-toxic
GIHGCIRHG,0.30740741542909694,anti-toxic
GSCCICFDG,0.30740401174729076,anti-toxic
GFIYIFVDD,0.30740401174729076,anti-toxic
GRLHFGCYS,0.30739080967333215,anti-toxic
GFIGCVGDI,0.3073870476913851,anti-toxic
GVDIGCSVH,0.3073701736950002,anti-toxic
GHYVSCVCG,0.30733946957098845,anti-toxic
GFFDGVGLG,0.3073333643987199,anti-toxic
GFHNLLNVG,0.3073242287616695,anti-toxic
GYYSFLGFC,0.30730906140588177,anti-toxic
GSCLIGGFC,0.30727894494098273,anti-toxic
GVRVYDCVY,0.30727894494098273,anti-toxic
GNVFVVGLR,0.30727894494098273,anti-toxic
GDFNDGFCC,0.30726101333702865,anti-toxic
GFFVFNGFC,0.30726101333702865,anti-toxic
GFGHHRIVV,0.30726101333702865,anti-toxic
GFCDCRGLS,0.3072491159989123,anti-toxic
GGNFHVGYH,0.3072491159989123,anti-toxic
GLYHHRGFC,0.3072491159989123,anti-toxic
GICVGHLVY,0.30723430806526597,anti-toxic
GCCNHDCDS,0.3072012466704645,anti-toxic
GRINGCVDR,0.3071903043687996,anti-toxic
GGVCVVGLR,0.3071903043687996,anti-toxic
GFFLHFVDI,0.3071903043687996,anti-toxic
GLVDDGCDN,0.30717094690041363,anti-toxic
GVIHSDRRH,0.30716330430774613,anti-toxic
GFDFDSCFF,0.30715308072277,anti-toxic
GLSCIFDSH,0.3071118764711773,anti-toxic
GIFVDDFVV,0.30710414337617437,anti-toxic
GRRFLFNVR,0.30710414337617437,anti-toxic
GLYFVGGYH,0.30707595616331984,anti-toxic
GCSGVYVVY,0.30705200309116243,anti-toxic
GFCCGDFFD,0.3070203593531686,anti-toxic
GYVRYLCGN,0.3069824644548502,anti-toxic
GHNISGDGS,0.30697932817718243,anti-toxic
GGCGFGCVF,0.30697932817718243,anti-toxic
GCGFRLSSG,0.30697932817718243,anti-toxic
GFFYGGGFL,0.30697932817718243,anti-toxic
GIRDFDCFF,0.3069388552745015,anti-toxic
GNCGFNFVG,0.30689892932807916,anti-toxic
GIRCGFVDV,0.3068857403130333,anti-toxic
GVHVFCSCG,0.3068595393247051,anti-toxic
GCDGHRGVF,0.3068595393247051,anti-toxic
GRYHLSFGN,0.3068595393247051,anti-toxic
GNFGINDHF,0.3068595393247051,anti-toxic
GRRGGILCR,0.3068595393247051,anti-toxic
GFVRRRGHR,0.30685274280075864,anti-toxic
GVSCHVVDG,0.306804176397496,anti-toxic
GNFIIVHGG,0.3067976034315734,anti-toxic
GSSCCVRLD,0.3067823245530725,anti-toxic
GVSCLDFHR,0.3067823245530725,anti-toxic
GRCNDGHID,0.3067823245530725,anti-toxic
GGDHLIYCS,0.30677540633685896,anti-toxic
GVLDFSYCD,0.3067738712147708,anti-toxic
GVSHYVFDY,0.306752008369897,anti-toxic
GIFRYSVDD,0.3067319744884514,anti-toxic
GSYVDIGIG,0.30670712855567167,anti-toxic
GYCFRDGHG,0.30670712855567167,anti-toxic
GSGSRHGLH,0.30669127019282166,anti-toxic
GDSDRFGLN,0.3066296228726524,anti-toxic
GHVVCYGSD,0.3066290566518341,anti-toxic
GINLRVVDV,0.3066098730448178,anti-toxic
GLSDYCFLH,0.3066030535756861,anti-toxic
GVNGDLSCG,0.3065773619482266,anti-toxic
GIHRDSGDY,0.3065624842639422,anti-toxic
GVRHHHGGR,0.30654242030228823,anti-toxic
GFCLGIHGR,0.30652746757519894,anti-toxic
GSNSNFVVY,0.30649289136548336,anti-toxic
GGDGDNILD,0.30649289136548336,anti-toxic
GRSIIGGVR,0.3064770793853398,anti-toxic
GGLCVDVYI,0.3064700811823376,anti-toxic
GGDHGGFVL,0.3064587473753794,anti-toxic
GRSIVRFFD,0.3064587473753794,anti-toxic
GFNDHGGLN,0.3064587473753794,anti-toxic
GRRVGFLFR,0.306444244545841,anti-toxic
GIVVNSVFR,0.30642502755068735,anti-toxic
GSYDYIRCG,0.30642502755068735,anti-toxic
GHYDCNSVR,0.30641547011883863,anti-toxic
GVDDNFGVR,0.306386999926487,anti-toxic
GFDHDDGGV,0.3063807140480824,anti-toxic
GICRLRRII,0.3063807140480824,anti-toxic
GLNFSCVYG,0.30637672161860896,anti-toxic
GICDDLGGH,0.30635882916904816,anti-toxic
GCGICSFVR,0.30634578396285633,anti-toxic
GNCGLNVDG,0.3063263354739296,anti-toxic
GCIYGYGIG,0.3063263354739296,anti-toxic
GRHIGDVGR,0.30631559212566495,anti-toxic
GHVYHVFCD,0.3063102367794139,anti-toxic
GISGRCGYL,0.3062942356563384,anti-toxic
GSRLDGDLG,0.3062580233256326,anti-toxic
GSIFNDDRR,0.3062105081677615,anti-toxic
GVSCVLFDN,0.3062002291300715,anti-toxic
GCSCCVCYH,0.30616963531639224,anti-toxic
GVHNNHIFG,0.30616963531639224,anti-toxic
GFYDCLRCF,0.30616963531639224,anti-toxic
GIYCYNGVN,0.30616963531639224,anti-toxic
GNHGRNCCN,0.30616963531639224,anti-toxic
GCIDNGCLG,0.30616963531639224,anti-toxic
GFRRFVSVL,0.30616963531639224,anti-toxic
GDSGRLGHD,0.30616963531639224,anti-toxic
GIYLDFNSY,0.3061095211932562,anti-toxic
GDDCSLFVI,0.3060716134317055,anti-toxic
GNDDGLSVG,0.3060558495304888,anti-toxic
GFFGHCHDL,0.306050797039032,anti-toxic
GYCRDFCDS,0.306050797039032,anti-toxic
GFCSFCNSN,0.306050797039032,anti-toxic
GHFILGNDG,0.306050797039032,anti-toxic
GSDILSDHD,0.306050797039032,anti-toxic
GDRCLGSVF,0.30601784601611004,anti-toxic
GLCLCHDHG,0.30600763733893155,anti-toxic
GYVDDSGNG,0.30599341519553136,anti-toxic
GCGNLYVFS,0.3059630572347206,anti-toxic
GCVYCYGLR,0.30596209957053827,anti-toxic
GSVRFNCVD,0.3059596113829512,anti-toxic
GIYHCGFVG,0.3059373301587254,anti-toxic
GCSDLLDHF,0.3059373301587254,anti-toxic
GNFFHSDFL,0.3059373301587254,anti-toxic
GFSIGGRSG,0.30592726877768484,anti-toxic
GFDVRGLFD,0.30591524944682574,anti-toxic
GFYCCGRFS,0.30591280829418066,anti-toxic
GVSFCSYYD,0.30590063903532216,anti-toxic
GDHCYCVDG,0.30589336655268456,anti-toxic
GDCCCSYFS,0.30588249845839327,anti-toxic
GCFHVSGGH,0.305870018552592,anti-toxic
GCFCVSGLH,0.3058555395532726,anti-toxic
GVYDRDGIF,0.305850183678669,anti-toxic
GCNRHYRVH,0.305850183678669,anti-toxic
GYDIICRDR,0.3058288785457499,anti-toxic
GYFVIDNFI,0.3058288785457499,anti-toxic
GFYLCSSDS,0.3058288785457499,anti-toxic
GDSFGSSGG,0.3058288785457499,anti-toxic
GHFGYDGLR,0.3057987673010659,anti-toxic
GLSNFFVSY,0.3057937854600451,anti-toxic
GGHCSGFVH,0.3057937854600451,anti-toxic
GGSVLSVCG,0.3057937854600451,anti-toxic
GGRFDSGNG,0.3057868283441385,anti-toxic
GFCVSNFCD,0.30577643068844285,anti-toxic
GYGCILNDH,0.30577643068844285,anti-toxic
GINISGNFR,0.3057592019080418,anti-toxic
GFCYVFRGD,0.3057592019080418,anti-toxic
GGILNNLFH,0.3057592019080418,anti-toxic
GIYHGLFCH,0.3057592019080418,anti-toxic
GFLVYNHHC,0.3057506343365655,anti-toxic
GSCVHNHLH,0.3057455086780651,anti-toxic
GNFRFRSNY,0.3057251168723611,anti-toxic
GGYCFCRGG,0.3057251168723611,anti-toxic
GVGVGGVGD,0.3057251168723611,anti-toxic
GDVSGGGSD,0.3057251168723611,anti-toxic
GFVFVFDCN,0.3057251168723611,anti-toxic
GFLRCNCFR,0.3057159060584371,anti-toxic
GYDDHSSVI,0.3056998737974663,anti-toxic
GFYVYGGVF,0.3056699381098955,anti-toxic
GCFYRCVVH,0.30566251406108647,anti-toxic
GFDHYYFGN,0.3056583998460522,anti-toxic
GLFYYSHFI,0.30565511373195686,anti-toxic
GGFDDFCGG,0.3056501933007264,anti-toxic
GSCHGFVNR,0.3056435004693452,anti-toxic
GLCVIVGVR,0.3056257473531303,anti-toxic
GLL_GDSGR,0.30561827748355946,anti-toxic
GILYDNCCS,0.305609593268734,anti-toxic
GSYCNLCGS,0.3056015587384646,anti-toxic
GGVYNGGLR,0.3056015587384646,anti-toxic
GVSRNRYFS,0.30559937239344304,anti-toxic
GHFVVCDGS,0.30559675153828847,anti-toxic
GCCCDVGYH,0.3055935523509359,anti-toxic
GNVDLCVCD,0.30557762341470185,anti-toxic
GSLGDSFVC,0.305561805291486,anti-toxic
GHFRGSGCC,0.3055460968289449,anti-toxic
GVFRIDCGH,0.30553049689065764,anti-toxic
GSLFCCHVD,0.30551191863976596,anti-toxic
GCHLVYVFD,0.305491964521265,anti-toxic
GGFYGCHVD,0.3054843370902312,anti-toxic
GRFCCGVVF,0.3054843370902312,anti-toxic
GFVSVRGFN,0.30547628935886445,anti-toxic
GHCVFDDGC,0.3054648429151281,anti-toxic
GICIRNFFY,0.3054625937538776,anti-toxic
GFCLRNCGG,0.30545709293850065,anti-toxic
GDSSRLHCG,0.3054540863688103,anti-toxic
GGHHGNGCN,0.30542572632722675,anti-toxic
GVGSVVVYD,0.3054193090928424,anti-toxic
GCLSLNGHC,0.30541684591209495,anti-toxic
GSSIRDRFL,0.30540494801522683,anti-toxic
GVLYRFDGV,0.3053948010664313,anti-toxic
GCVYVYDCY,0.3053948010664313,anti-toxic
GVSHHNVLD,0.3053948010664313,anti-toxic
GFYDYYLVD,0.30538022718156926,anti-toxic
GCCCGGHHY,0.30537297667476343,anti-toxic
GGNGYDDLF,0.3053513694466238,anti-toxic
GGICHNVVN,0.3053228920536164,anti-toxic
GFNCCRDGG,0.3053087936432562,anti-toxic
GCSDNDGVR,0.3053087936432562,anti-toxic
GGGCNSVYS,0.3053075895157276,anti-toxic
GFYSSNYCI,0.30529478753241396,anti-toxic
GFFRCCHGN,0.30529478753241396,anti-toxic
GLIHDNFCG,0.3052855009560619,anti-toxic
GYNNGVVHR,0.3052670486072358,anti-toxic
GRFGGHVFV,0.3052670486072358,anti-toxic
GCRFIYDHR,0.3052670486072358,anti-toxic
GYIRDRVVD,0.3052670486072358,anti-toxic
GCIGSDHDH,0.30526154406676353,anti-toxic
GVRFHDLCY,0.3052587971564798,anti-toxic
GDSGYDYFR,0.3052567393130404,anti-toxic
GFNFCDFHY,0.30525057778209297,anti-toxic
GCLDRRLVG,0.30524940619332797,anti-toxic
GLVRVSDFG,0.30524239029739797,anti-toxic
GGVGCFGLR,0.30523599525196177,anti-toxic
GNNVHLLVD,0.30521263937615706,anti-toxic
GYGVDCDID,0.3051859554351389,anti-toxic
GFCGCDCLY,0.3051859554351389,anti-toxic
GIFVGNCDG,0.3051859554351389,anti-toxic
GLYGCFGHS,0.3051859554351389,anti-toxic
GLDHCDVCR,0.3051859554351389,anti-toxic
GNFVRCVDV,0.3051859554351389,anti-toxic
GFIGGISFS,0.30517274073593653,anti-toxic
GLHGFGDFN,0.30516616485061987,anti-toxic
GRSSRGHFL,0.30516616485061987,anti-toxic
GDSSCGSGG,0.30516616485061987,anti-toxic
GFGIGDLFH,0.30516437504894334,anti-toxic
GSYDDYRIS,0.30513359610275853,anti-toxic
GCGYCFYLH,0.3051079080844206,anti-toxic
GCFLDGSLR,0.3051079080844206,anti-toxic
GFDDISYFS,0.3050802490985082,anti-toxic
GFCYHYSRR,0.30506997346572123,anti-toxic
GCIFCSCYG,0.30503273811765513,anti-toxic
GGCCLFGYH,0.30503273811765513,anti-toxic
GICGSVVSN,0.30503273811765513,anti-toxic
GRRSFRFLG,0.30503273811765513,anti-toxic
GIFVGVYGD,0.3050034404158932,anti-toxic
GSFDDLSVR,0.3049961828815826,anti-toxic
GGSRVIFCS,0.3049961828815826,anti-toxic
GGDFCVGLG,0.3049841457280208,anti-toxic
GIGICDHSG,0.3049841457280208,anti-toxic
GFNGRCCGS,0.3049781545089736,anti-toxic
GCFCCIGLR,0.3049721814180432,anti-toxic
GFDCVNFVR,0.3049602892924136,anti-toxic
GSLFGYIDG,0.3049602892924136,anti-toxic
GDFRCVDVG,0.3049602892924136,anti-toxic
GLYVCCGFY,0.30494846869982695,anti-toxic
GYHCCGRFS,0.30494611310851116,anti-toxic
GNFISCCCD,0.30491012533256534,anti-toxic
GGYGGGLIS,0.3048904164772193,anti-toxic
GCCSRGFVS,0.30486767437882417,anti-toxic
GLLGFSFHR,0.30486562019516605,anti-toxic
GCGVNGFLR,0.30486315807571013,anti-toxic
GRLHRCNGG,0.30486122576965213,anti-toxic
GRGFCYDHR,0.3048229846811203,anti-toxic
GFHIRCSSI,0.3048229846811203,anti-toxic
GDVVSGLIF,0.3048229846811203,anti-toxic
GFDCVVDLV,0.304790144537288,anti-toxic
GICYNVSCD,0.3047739367978558,anti-toxic
GGCFFDDLD,0.3047739367978558,anti-toxic
GNFFGGCLG,0.30477071200246625,anti-toxic
GSHVIFSID,0.3047685652233831,anti-toxic
GLLRCHNGV,0.30475786818322437,anti-toxic
GDCRVSSFS,0.3047340222267652,anti-toxic
GNDIHNNYR,0.3047324433386833,anti-toxic
GHGDIGYIR,0.3047026981599516,anti-toxic
GFCIGYFVV,0.3046949497503866,anti-toxic
GYYCIDFVH,0.30467444626942514,anti-toxic
GLLYYNHVR,0.30466766266168227,anti-toxic
GHRHCSSFF,0.30466662127051675,anti-toxic
GSICHCGYH,0.3046441176188278,anti-toxic
GCCLYSGCV,0.30460178349841427,anti-toxic
GLLNCFSGD,0.30459467626701453,anti-toxic
GGFLNFVRR,0.30457527642863086,anti-toxic
GHFDLVVFR,0.30454088367613596,anti-toxic
GFLIHFGNG,0.30453238950005185,anti-toxic
GDVYVYRDV,0.304529567234335,anti-toxic
GGYSIDGIH,0.30452492869884157,anti-toxic
GRRRYDVIG,0.3045183235098025,anti-toxic
GCHCLVDCY,0.3045183235098025,anti-toxic
GCIVCDVLG,0.3045183235098025,anti-toxic
GHHFLFGGH,0.3044905277734877,anti-toxic
GNLLYLYGR,0.3044813607043925,anti-toxic
GCYYYCFFD,0.304470943345539,anti-toxic
GDFGCCGFL,0.3044631715023752,anti-toxic
GLDSDCCIV,0.3044631715023752,anti-toxic
GIYGSVDFG,0.30444965492211845,anti-toxic
GCCGLDSLV,0.3044229385613206,anti-toxic
GLHNDFHRH,0.3044097363153618,anti-toxic
GDCFSFGIC,0.3044097363153618,anti-toxic
GLGYDFFGR,0.3044097363153618,anti-toxic
GCSNVCVDH,0.3043992482638283,anti-toxic
GCFIHVDHR,0.304383637671569,anti-toxic
GGSFCCGVN,0.3043579390129087,anti-toxic
GFSDNCNDG,0.3043326312140668,anti-toxic
GYVDFGHVR,0.3043077054252171,anti-toxic
GDRSRSCFG,0.3043077054252171,anti-toxic
GRGVGSVIG,0.3043077054252171,anti-toxic
GDDDCGVSV,0.3043077054252171,anti-toxic
GYCFFDHFC,0.3043077054252171,anti-toxic
GLSFGCDCD,0.3042912962104757,anti-toxic
GRYRVLCGH,0.30426859741241236,anti-toxic
GFRGVSSVC,0.30425896579417966,anti-toxic
GRFFIHSGG,0.30425896579417966,anti-toxic
GRDCRFHDV,0.3042430397785963,anti-toxic
GGDDNCNFH,0.30422335183033145,anti-toxic
GFVVYYDCD,0.30421165445017045,anti-toxic
GICVCHSVG,0.30421165445017045,anti-toxic
GNLFSGIGS,0.30421165445017045,anti-toxic
GHSFCCFVD,0.30421165445017045,anti-toxic
GDYIGISGD,0.304188514908811,anti-toxic
GDISCLDYF,0.3041747920402766,anti-toxic
GNCFVYGGY,0.3041657095168398,anti-toxic
GCLRIDVGH,0.3041657095168398,anti-toxic
GGDVRCCDD,0.3041657095168398,anti-toxic
GCHYCGHGN,0.3041657095168398,anti-toxic
GSLLFSSCF,0.3041657095168398,anti-toxic
GRFRRCDLD,0.3041506880035338,anti-toxic
GYYSCLDVF,0.3041506880035338,anti-toxic
GCCLLDNDY,0.3041506880035338,anti-toxic
GRGCGGILH,0.30414323108812413,anti-toxic
GFIRGCFDG,0.30414323108812413,anti-toxic
GVCNFFLFC,0.30412107264112304,anti-toxic
GFCNYSIFD,0.30412107264112304,anti-toxic
GLFVVDHVG,0.30411011128319154,anti-toxic
GDIRGFVLS,0.3040968191866783,anti-toxic
GGCHHGVVR,0.3040776887459865,anti-toxic
GSLRFFRNY,0.30406821274760293,anti-toxic
GLVCGGSVG,0.30405645029416906,anti-toxic
GCYDRVFYG,0.30404943643776006,anti-toxic
GLCYCSRGG,0.3040355058037064,anti-toxic
GCIVHDFGH,0.30402232776561855,anti-toxic
GNFIHIGVY,0.3040080266375165,anti-toxic
GLSLGNCFR,0.30400462703218334,anti-toxic
GCIDDGVYY,0.3039944746277202,anti-toxic
GSIVRICGG,0.30397437631076246,anti-toxic
GDSGVLSSG,0.30393498630738847,anti-toxic
GFRYCDCHD,0.30393221302598006,anti-toxic
GGRHGCHHR,0.3039211726499848,anti-toxic
GCDLGSGHN,0.30391568390146934,anti-toxic
GHCGCDNGS,0.30390612857244287,anti-toxic
GRFGGCCYG,0.30387783853680744,anti-toxic
GLLGSHSLD,0.30387783853680744,anti-toxic
GRCCFGRLN,0.3038337141291593,anti-toxic
GIYVCFDDF,0.303831905265984,anti-toxic
GSCVVGGHR,0.30382889567521243,anti-toxic
GIHGSDHIF,0.3038273933030328,anti-toxic
GHGRNRGVY,0.30382689287065756,anti-toxic
GRGILSDLY,0.3038152194779572,anti-toxic
GFDDSDGLN,0.30381394418359214,anti-toxic
GHCYGGNVG,0.30381394418359214,anti-toxic
GDFLCCFYD,0.3038101252980687,anti-toxic
GYGDSNFVY,0.30380504971875333,anti-toxic
GVVSRSSGD,0.30377003303001004,anti-toxic
GYDNSDGHR,0.30377003303001004,anti-toxic
GILRVHFFR,0.30375990156229504,anti-toxic
GVNCCSRFY,0.30373588903990617,anti-toxic
GCYIYSCSS,0.30373588903990617,anti-toxic
GGIDFCRDD,0.30373588903990617,anti-toxic
GDCLCGGIG,0.30373588903990617,anti-toxic
GFDSLGVVI,0.3037191341747624,anti-toxic
GVLDLGYCS,0.30368623930772126,anti-toxic
GCRCDFVCD,0.30368623930772126,anti-toxic
GRSLRYCFR,0.30365943547366636,anti-toxic
GGLFSVDVG,0.3036300502184405,anti-toxic
GGNFSSCDG,0.3036279763838898,anti-toxic
GVHGHFCCD,0.3036250194953556,anti-toxic
GYCRFFNVY,0.30362280624226073,anti-toxic
GHRLGSRGD,0.30360741855179185,anti-toxic
GFICSVIHS,0.3035997929957247,anti-toxic
GFFGDDVFL,0.30359827329595274,anti-toxic
GCNCFDNCV,0.30358919270954554,anti-toxic
GLCVFSNYN,0.3035505743116322,anti-toxic
GFIFVLVYS,0.3035476518852277,anti-toxic
GVCDRLLFF,0.3035476518852277,anti-toxic
GCVGGDCGH,0.30351879606767596,anti-toxic
GFVRYGGVF,0.30351879606767596,anti-toxic
GYYFFFDCN,0.3035046147918366,anti-toxic
GNFCNDVVH,0.3035046147918366,anti-toxic
GFYGRYYGF,0.3034999235454279,anti-toxic
GFGNIFYVN,0.303490594211638,anti-toxic
GNYRNDVRR,0.3034794916211218,anti-toxic
GYRFGRGVR,0.3034767316110686,anti-toxic
GLFCDNGCR,0.30346302433498035,anti-toxic
GSFDCRDGG,0.30346302433498035,anti-toxic
GICDYVDHD,0.3034360654298596,anti-toxic
GLFFDFFGY,0.3034360654298596,anti-toxic
GCNCFCIDH,0.3034360654298596,anti-toxic
GFCFGIDLF,0.3034360654298596,anti-toxic
GLRGVVVRC,0.3034360654298596,anti-toxic
GGCYGCHGY,0.3034272114022367,anti-toxic
GFLVDDSGH,0.3033839010574585,anti-toxic
GYYICFGFG,0.3033839010574585,anti-toxic
GLFCDSNFF,0.30335865798256384,anti-toxic
GLGCRYGFV,0.30335865798256384,anti-toxic
GRFHVYGGY,0.30335865798256384,anti-toxic
GGYSDIFFR,0.30335865798256384,anti-toxic
GCYFGHDCG,0.3032978571198032,anti-toxic
GNGCDLIYY,0.30329391642173914,anti-toxic
GGVFILGVG,0.30328607596820534,anti-toxic
GFGICCFID,0.30326287709627314,anti-toxic
GLCVNVDFY,0.3032514556579392,anti-toxic
GYFLDNYVC,0.30322895976391934,anti-toxic
GFNIDYYVC,0.30319605742048883,anti-toxic
GCDGILFGH,0.3031924622823735,anti-toxic
GGSHCGHLY,0.30318530769011615,anti-toxic
GICIDLCGS,0.30318530769011615,anti-toxic
GFYCFDIGY,0.30317466413057037,anti-toxic
GYGHSDFVG,0.3031467885560552,anti-toxic
GCCDRVSGH,0.30313993251967375,anti-toxic
GFCGGGVVF,0.30313312075174553,anti-toxic
GCYVSDFVH,0.303122985169825,anti-toxic
GYSDDHRSG,0.30310300428684644,anti-toxic
GYVIFDGLC,0.30309315622775457,anti-toxic
GCFVHGHVN,0.3030847892053405,anti-toxic
GLFYFGLNL,0.3030737381739675,anti-toxic
GYGHGFCGY,0.30307024682221195,anti-toxic
GRYIFCGHG,0.3030546822303957,anti-toxic
GICGYGYIH,0.3030452868993068,anti-toxic
GFYVYYYGD,0.30303597836157975,anti-toxic
GFVHVFGVH,0.30303597836157975,anti-toxic
GFHFCSGND,0.30303597836157975,anti-toxic
GLHVGGCSG,0.30303597836157975,anti-toxic
GVSCGCGLD,0.30302982029619957,anti-toxic
GDCFGDVCY,0.30302982029619957,anti-toxic
GIRHSGRGG,0.3030055615356659,anti-toxic
GVGHCDRFF,0.3029995885268857,anti-toxic
GLRSLDRVG,0.30298188426150324,anti-toxic
GYDVHSGIC,0.30298188426150324,anti-toxic
GLHCGNFGH,0.3029644954411809,anti-toxic
GIRCRGVGG,0.30295591670001965,anti-toxic
GFHCFDGVI,0.30295591670001965,anti-toxic
GFRFCYCCH,0.3029306310034154,anti-toxic
GFRYVNCCD,0.3029306310034154,anti-toxic
GDCNYRRDY,0.3029196048026683,anti-toxic
GRSYFDVIL,0.30291413953853263,anti-toxic
GLFCLIHYH,0.30290600066273654,anti-toxic
GLGDICDSY,0.3028925910074788,anti-toxic
GFYCFDVDG,0.3028820005255746,anti-toxic
GCFCNFNCG,0.3028820005255746,anti-toxic
GINGNDDDV,0.302863754117771,anti-toxic
GNGYICRYD,0.3028357965272436,anti-toxic
GCFVLCGHD,0.3028357965272436,anti-toxic
GICGLCVVR,0.3028062536897842,anti-toxic
GYYVYGNVF,0.30279901840282786,anti-toxic
GHCRFLNGD,0.30279901840282786,anti-toxic
GRVCGHGCD,0.302749976058255,anti-toxic
GLVLGYSLR,0.30274319110810133,anti-toxic
GVINCLVFG,0.3027320010372722,anti-toxic
GCFHIYFVD,0.3027297805418756,anti-toxic
GCIFFYNDY,0.3026971550314442,anti-toxic
GHFVHGSFY,0.30268697776521214,anti-toxic
GCDCLSVCD,0.3026844528339936,anti-toxic
GICYCFCFF,0.30268265401783134,anti-toxic
GFFGSFGNR,0.30267194273095804,anti-toxic
GVYLIIDVY,0.30265656865863744,anti-toxic
GNLNISCFG,0.30264748163760036,anti-toxic
GNFCRLHHH,0.3026355223793996,anti-toxic
GCVSYYCSG,0.30261984911209894,anti-toxic
GYDLHIHSL,0.30260068266321205,anti-toxic
GNVCCCSGG,0.3025894030195025,anti-toxic
GFFRHVRCI,0.3025673228689103,anti-toxic
GICGVGYIR,0.3025122308294152,anti-toxic
GGDSNRGLF,0.30250468122998686,anti-toxic
GLNCCYRGG,0.30250468122998686,anti-toxic
GHCDSFRDH,0.3024947339222549,anti-toxic
GDCGDSDVN,0.30248491991215565,anti-toxic
GYCVDCDSD,0.3024816777350847,anti-toxic
GRDVRDGYL,0.30246568120913553,anti-toxic
GLSHGICFD,0.3024562514020133,anti-toxic
GHLFYCGFC,0.30244694465958766,anti-toxic
GFNVRFDFH,0.30244233668723897,anti-toxic
GYCSYGGSS,0.3024377585883716,anti-toxic
GFFVVHSDS,0.302428690856546,anti-toxic
GIYYCDVVH,0.3024197391919869,anti-toxic
GGDSIYVSG,0.3024109013803668,anti-toxic
GLSVHCNFR,0.30238083495493995,anti-toxic
GRVGGDHIF,0.3023724835394905,anti-toxic
GIFLYLCCD,0.30236014825632823,anti-toxic
GGDHCLCDG,0.3023520499022764,anti-toxic
GFSNFCCYD,0.30232833588926195,anti-toxic
GCDGCLGDD,0.3023054576142238,anti-toxic
GIRRNFSGN,0.3022906481657252,anti-toxic
GRIVGGCDG,0.30228337166207825,anti-toxic
GLFLDHNGG,0.30228337166207825,anti-toxic
GFFFCYVYY,0.3022809647917317,anti-toxic
GCYILCHGR,0.30225508669328743,anti-toxic
GCYDRVGVC,0.30225049618220573,anti-toxic
GYSNIDFYG,0.30224367455885415,anti-toxic
GYDFGIIHV,0.3022346968023519,anti-toxic
GNLFNVHGR,0.302228050166928,anti-toxic
GRGLHNCVN,0.3022243891859791,anti-toxic
GYCFINVHR,0.3022149745216598,anti-toxic
GLVFCCDFY,0.30220854314952394,anti-toxic
GFGNRDFFC,0.3022053535719158,anti-toxic
GFDFGGHRG,0.3022011275608237,anti-toxic
GHYFHYRCD,0.3021938047085499,anti-toxic
GFVVYFGVS,0.30214787139548166,anti-toxic
GNCVFVCDH,0.30214214603334877,anti-toxic
GLCFCLGGR,0.3021364790189507,anti-toxic
GGDHINRGH,0.302125316501584,anti-toxic
GLLFDGNFL,0.3021143769562011,anti-toxic
GHLLHGVYV,0.3020879608203149,anti-toxic
GLCLFGCCD,0.3020802851284791,anti-toxic
GLIGNSDYY,0.302072720010996,anti-toxic
GDSDIIGIG,0.3020603507899868,anti-toxic
GCNGRNGGN,0.3019690111258089,anti-toxic
GFLSGLRGY,0.30194913776770504,anti-toxic
GDGSRNGIH,0.30194913776770504,anti-toxic
GGYVVSYVD,0.30189685120508064,anti-toxic
GLVFLCGHC,0.30188743815751806,anti-toxic
GGHVIGNSS,0.3018627753667189,anti-toxic
GIYGNSCCG,0.30186118152899327,anti-toxic
GIVCCGHFY,0.3018548667227888,anti-toxic
GDHCDSCVI,0.301852523337696,anti-toxic
GVCLGHGFH,0.30182759824244376,anti-toxic
GNNIDCDNY,0.3018076046128258,anti-toxic
GVYGHFHCD,0.30176922049250515,anti-toxic
GRCSGDGCN,0.3017425380418729,anti-toxic
GLDCFVVSV,0.30173904803683504,anti-toxic
GLRLRCRGG,0.3017321695952833,anti-toxic
GHFHINVGG,0.30169762758931756,anti-toxic
GGRGSVVSC,0.30165895230092427,anti-toxic
GFYGLNGDH,0.3016482085539998,anti-toxic
GDLNFCSSS,0.30164383955685076,anti-toxic
GLNGGGSDN,0.3016412476746722,anti-toxic
GLLGGDVHR,0.3016412476746722,anti-toxic
GCVLNDRYY,0.30158358972479526,anti-toxic
GCFDCFDFF,0.3015807813838462,anti-toxic
GLCFHVVCD,0.3015780013920915,anti-toxic
GCSVCLHYY,0.3015725247562753,anti-toxic
GRRGVNCFG,0.3015306233642628,anti-toxic
GFHFGYVCD,0.30153004693615576,anti-toxic
GGLDVFGYF,0.3015017985152748,anti-toxic
GRLRYYRVN,0.30150077563626393,anti-toxic
GCVLVGCGV,0.30148594791783323,anti-toxic
GFHICDNCD,0.3014711277302514,anti-toxic
GDNVIGSFR,0.3014402880722992,anti-toxic
GRFCRVHGR,0.30143045164616133,anti-toxic
GCIHRDIGG,0.3014232002919306,anti-toxic
GCHRNDGDH,0.3013190435827398,anti-toxic
GDDVCCVHR,0.3012993255838709,anti-toxic
GFFHVRNGC,0.3010299956639812,anti-toxic
GDGVRLVVI,0.3010299956639812,anti-toxic
GFCVGFYDH,0.3010299956639812,anti-toxic
GYYVHVGFC,0.3010299956639812,anti-toxic
GIRVNDCLI,0.3010299956639812,anti-toxic
GLYFRVGVC,0.3010299956639812,anti-toxic
GFDHHFLYR,0.3010299956639812,anti-toxic
GICYYCGFC,0.3010299956639812,anti-toxic
GFHYCVDCL,0.3010299956639812,anti-toxic
GVNSVYSGG,0.3010299956639812,anti-toxic
GFLFGSFCS,0.3010299956639812,anti-toxic
GVFLHNVLD,0.3010299956639812,anti-toxic
GSVRGLCVS,0.3010299956639812,anti-toxic
GYSDLCGHN,0.3010299956639812,anti-toxic
GFGGHSIFR,0.3010299956639812,anti-toxic
GNGSCCGVG,0.3010299956639812,anti-toxic
GVCYSGDLC,0.3010299956639812,anti-toxic
GNCSGSFLH,0.3010299956639812,anti-toxic
GGGHGDSVC,0.3010299956639812,anti-toxic
GHDSVGHVG,0.3010299956639812,anti-toxic
GGGNHCSGV,0.3010299956639812,anti-toxic
GCINDCVYS,0.3010299956639812,anti-toxic
GLCIGHNGG,0.3010299956639812,anti-toxic
GNCDDGGLN,0.3010299956639812,anti-toxic
GYNLDYVFL,0.3010299956639812,anti-toxic
GVNLVLVFR,0.3010299956639812,anti-toxic
GFNFFFIDD,0.3010299956639812,anti-toxic
GVDRIFRRG,0.3010299956639812,anti-toxic
GYICSVGLR,0.3010299956639812,anti-toxic
GFFCVIGCD,0.3010299956639812,anti-toxic
GYGDLFSHY,0.3010299956639812,anti-toxic
GHCDGISCD,0.3010299956639812,anti-toxic
GIFFYCSGG,0.3010299956639812,anti-toxic
GFLVRFCYG,0.3010299956639812,anti-toxic
GDHLINCDN,0.3010299956639812,anti-toxic
GVGNSCDGH,0.3010299956639812,anti-toxic
GNLRYLGFC,0.3010299956639812,anti-toxic
GFYCRYIHR,0.3010299956639812,anti-toxic
GHFSYCCLG,0.3010299956639812,anti-toxic
GISVGFGRR,0.3010299956639812,anti-toxic
GHFDICDYR,0.3010299956639812,anti-toxic
GFGLLNIHR,0.3010299956639812,anti-toxic
GDCDDNYGG,0.3010299956639812,anti-toxic
GYLSHGHRS,0.3010299956639812,anti-toxic
GHCGFNVCD,0.3010299956639812,anti-toxic
GSLYYGYVR,0.3010299956639812,anti-toxic
GRSGISSVH,0.3010299956639812,anti-toxic
GFVHVYGRY,0.3010299956639812,anti-toxic
GICCYDNYF,0.3010299956639812,anti-toxic
GICVGYYNR,0.3010299956639812,anti-toxic
GRCLNDVND,0.3010299956639812,anti-toxic
GVFFSGCVF,0.3010299956639812,anti-toxic
GSFFVSGHF,0.3010299956639812,anti-toxic
GLIDYVSGD,0.3010299956639812,anti-toxic
GICGSCFND,0.3010299956639812,anti-toxic
GCYGCNGHD,0.3010299956639812,anti-toxic
GILRVDFCD,0.3010299956639812,anti-toxic
GVLFCDGRR,0.3010299956639812,anti-toxic
GCYFYDSLH,0.3010299956639812,anti-toxic
GYRVSRDLL,0.3010299956639812,anti-toxic
GSCFLCSFV,0.3010299956639812,anti-toxic
GNDDLLDCC,0.3010299956639812,anti-toxic
GYIIHYYVY,0.3010299956639812,anti-toxic
GGIFHIIYD,0.3010299956639812,anti-toxic
GFCSIYYVD,0.3010299956639812,anti-toxic
GCGGFLGIR,0.3010299956639812,anti-toxic
GRYRCCSSG,0.3010299956639812,anti-toxic
GCYHYGFGN,0.3010299956639812,anti-toxic
GRCCCGVLH,0.3010299956639812,anti-toxic
GFVGDCCCG,0.3010299956639812,anti-toxic
GGNGCVFNI,0.3010299956639812,anti-toxic
GRYDGVGNS,0.3010299956639812,anti-toxic
GFYVINVYR,0.3010299956639812,anti-toxic
GIFVSGGFY,0.3010299956639812,anti-toxic
GGHDCDNYH,0.3010299956639812,anti-toxic
GVFVSDVVV,0.3010299956639812,anti-toxic
GVRCRNGVV,0.3010299956639812,anti-toxic
GLRHLDCVS,0.3010299956639812,anti-toxic
GSRVHFVSL,0.3010299956639812,anti-toxic
GSSDCGVGN,0.3010299956639812,anti-toxic
GVSICFDGS,0.3010299956639812,anti-toxic
GLRSGFVVR,0.3010299956639812,anti-toxic
GSCRCDVVS,0.3010299956639812,anti-toxic
GIHGGGDVG,0.3010299956639812,anti-toxic
GINGLCDVF,0.3010299956639812,anti-toxic
GFSIIVSGG,0.3010299956639812,anti-toxic
GFDDRFVVC,0.3010299956639812,anti-toxic
GIYSGFSFH,0.3010299956639812,anti-toxic
GFICNGSDG,0.3010299956639812,anti-toxic
GFFLLIYDC,0.3010299956639812,anti-toxic
GLSLHGRDR,0.3010299956639812,anti-toxic
GHHLNCCVG,0.3010299956639812,anti-toxic
GGGRSLGDN,0.3010299956639812,anti-toxic
GCCIGFVYR,0.3010299956639812,anti-toxic
GCFFYSCVF,0.3010299956639812,anti-toxic
GHHLRCCCG,0.3010299956639812,anti-toxic
GCCVCFGVR,0.3010299956639812,anti-toxic
GLCYRNCSG,0.3010299956639812,anti-toxic
GRHCVLSGY,0.3010299956639812,anti-toxic
GIVFFSGYF,0.3010299956639812,anti-toxic
GFCVRYSGD,0.3010299956639812,anti-toxic
GVSDGGRVD,0.3010299956639812,anti-toxic
GFCGFVVVN,0.3010299956639812,anti-toxic
GCGHGSGCH,0.3010299956639812,anti-toxic
GHRRCFGFH,0.3010299956639812,anti-toxic
GGDLGLNCD,0.30076182987472394,anti-toxic
GIVHVDICV,0.30070769918766577,anti-toxic
GVLYNDFDR,0.30066793271520503,anti-toxic
GVCGIGGCD,0.30059893410809274,anti-toxic
GGDGGLRSD,0.3005937379860079,anti-toxic
GCYDNLVLY,0.3005773697950764,anti-toxic
GVGVYDHYF,0.30056376429134246,anti-toxic
GFGFRCHYG,0.3005439357566099,anti-toxic
GHVVRVGCR,0.3005373189442094,anti-toxic
GIRGHGCCS,0.30053507312391914,anti-toxic
GCDVIDDDR,0.30051634157465,anti-toxic
GFIGFCYDN,0.30051512366306843,anti-toxic
GCDIGGNSG,0.30049809788542686,anti-toxic
GLVFYDHYV,0.30046413958145013,anti-toxic
GLCDSDFFH,0.3004536259949077,anti-toxic
GYVFSDVVG,0.30045209207650736,anti-toxic
GDYCGSSGD,0.3004280628137711,anti-toxic
GFHCVDFGS,0.3004144116035762,anti-toxic
GRDSGFVLR,0.30041090150083455,anti-toxic
GFYHVNGNG,0.3003982944880203,anti-toxic
GLCCGGIVY,0.30039085723824654,anti-toxic
GGRHYSRGN,0.3003444477996036,anti-toxic
GDCGLYVCG,0.3003334526407268,anti-toxic
GSDGLLRVS,0.3003312111497427,anti-toxic
GYRCFCFDD,0.30030556766964894,anti-toxic
GLVCDSDFC,0.30030070165229433,anti-toxic
GCNGSFICD,0.30029327880893864,anti-toxic
GGYGCGHYD,0.3002805658284801,anti-toxic
GCIFRLHLY,0.30025928653198514,anti-toxic
GFCVYFNFY,0.30024818720459995,anti-toxic
GVHVGCCCD,0.3002467772697347,anti-toxic
GCSVCGCFS,0.30023965061982927,anti-toxic
GGFRYSCYR,0.30021057187012556,anti-toxic
GIYSDCDCG,0.30020355491619904,anti-toxic
GDYFVYNFH,0.3002003975475288,anti-toxic
GYYCFCGVY,0.3001842417805217,anti-toxic
GCIVGGDFR,0.30015762614018276,anti-toxic
GGCCLCCGF,0.30013546500395144,anti-toxic
GRIVNYDGI,0.30012047809197623,anti-toxic
GFFNRYDCR,0.30011856934436043,anti-toxic
GCCLCFGNI,0.3000930061270534,anti-toxic
GSDCRLCYY,0.30005514793277094,anti-toxic
GGLVVFDNS,0.3000188322691189,anti-toxic
GFFVCCGCD,0.29999472823237605,anti-toxic
GLGFRHICY,0.2999694469515875,anti-toxic
GVSSGFGSD,0.2999642417993213,anti-toxic
GFCFGLLYN,0.29996074321929794,anti-toxic
GCYILFGCS,0.2999483151996934,anti-toxic
GDYYGRGRR,0.29993962481277986,anti-toxic
GFLCVSSIL,0.29990923508868533,anti-toxic
GCFGDFGCF,0.29988157415237837,anti-toxic
GRYYNSVLG,0.2998795460325487,anti-toxic
GDFFCYNGG,0.29987341846403903,anti-toxic
GCRFDCNYY,0.2998308384863684,anti-toxic
GYLSVGDDN,0.29982194347501306,anti-toxic
GFFLYLCHS,0.29980835074620016,anti-toxic
GCDCCFNGG,0.2998049046346749,anti-toxic
GFDDHNVVS,0.29979444865167426,anti-toxic
GDSGFSHYS,0.29978500346334613,anti-toxic
GIHSVYCGH,0.2997632145560872,anti-toxic
GRYDYSYDR,0.2997431962576651,anti-toxic
GFGSVGGVN,0.2997316554387004,anti-toxic
GYGVCDDCV,0.2997277623587366,anti-toxic
GLSCVFHFH,0.2996875077884719,anti-toxic
GVRVLLGSS,0.2996707004012563,anti-toxic
GCYDFCIVY,0.2996621378973,anti-toxic
GFCGYYSYG,0.2996476247931691,anti-toxic
GGRCRYYNR,0.2996387681574345,anti-toxic
GYDCNDFGD,0.2996357906723759,anti-toxic
GFHCCLGVR,0.2996357906723759,anti-toxic
GFCYNRGNS,0.2996357906723759,anti-toxic
GLGSGDGGR,0.299608408529187,anti-toxic
GFSDLYNGG,0.2995847547898003,anti-toxic
GLCGCDCDN,0.29957992926874843,anti-toxic
GVFVYNRVV,0.2995750714158068,anti-toxic
GHDDVSGDR,0.29955780956982747,anti-toxic
GDDHDGVNR,0.29952984052157294,anti-toxic
GYDGHCSFR,0.2995215034147966,anti-toxic
GSFVVRSRV,0.29951940463874266,anti-toxic
GGNGDDGGV,0.2994649688103535,anti-toxic
GIGVCFCVG,0.29945360742902616,anti-toxic
GVYRFVCGS,0.2994064629997676,anti-toxic
GLGYVDLDG,0.29939423296972206,anti-toxic
GFFSYDVGY,0.299381817283908,anti-toxic
GISFCYIHV,0.29936921168251673,anti-toxic
GHIHGSFRI,0.2993564117744151,anti-toxic
GFCVSGIYD,0.2993564117744151,anti-toxic
GVVFVSGII,0.2993434130320456,anti-toxic
GVCNGDFYR,0.2993434130320456,anti-toxic
GVIHCFCVF,0.2993390351296761,anti-toxic
GLRSGRFRV,0.2993302107860868,anti-toxic
GYVSIDNHR,0.2993235318499641,anti-toxic
GLDVFVDCF,0.29930317636347525,anti-toxic
GFGCSYLYG,0.29930317636347525,anti-toxic
GCYCDFRCR,0.29930317636347525,anti-toxic
GSDDNFCCS,0.29930317636347525,anti-toxic
GYHGFVVVD,0.2992804092285638,anti-toxic
GLCGRCVDI,0.29927526809743066,anti-toxic
GCLGSYGIG,0.29927526809743066,anti-toxic
GVGIHRDVD,0.29927526809743066,anti-toxic
GSYNDFFLH,0.2992681495076946,anti-toxic
GFHRCGGFH,0.299246442923564,anti-toxic
GFHRGVNGH,0.29921057749436664,anti-toxic
GNYFGNGLN,0.2992013846175731,anti-toxic
GDYGFDDFC,0.2991858549656109,anti-toxic
GYFDSFVDG,0.2991620595288619,anti-toxic
GHCYLDFDG,0.29915399066522586,anti-toxic
GHSYSDCHN,0.29915399066522586,anti-toxic
GIFLVNSGN,0.2991125776182594,anti-toxic
GFICSYGDR,0.29910407462794275,anti-toxic
GCVGVGGFV,0.29910407462794275,anti-toxic
GFRFYSRRH,0.2990911777925945,anti-toxic
GFCGSGCGS,0.2990891560779735,anti-toxic
GVGHNHVHS,0.29908335644828504,anti-toxic
GVRSGNRDR,0.2990692948984533,anti-toxic
GHVVFDSDR,0.2990692948984533,anti-toxic
GYDLFRNGG,0.2990514296818933,anti-toxic
GRFDRFCGH,0.29904237442846765,anti-toxic
GFYLHLHHR,0.2990286350627093,anti-toxic
GYYFIYFHF,0.29901470442865563,anti-toxic
GNNVVDLYH,0.2989958257535281,anti-toxic
GLRCYFVGD,0.2989765900329224,anti-toxic
GRHRFDYSS,0.2989668351002078,anti-toxic
GVSCHLRDD,0.2989668351002078,anti-toxic
GLYLDVHYN,0.2989470445156887,anti-toxic
GFCGDFVCG,0.2989470445156887,anti-toxic
GDNIGIGVV,0.29893296367116273,anti-toxic
GFFYSSVDR,0.2989166363505821,anti-toxic
GCCVYGRDG,0.29890630203412566,anti-toxic
GCDYSGCFY,0.2988794271225104,anti-toxic
GNNSFGSVY,0.2988746836378463,anti-toxic
GFVNRGCCN,0.29885307640970665,anti-toxic
GVCGVFHCD,0.29885307640970665,anti-toxic
GSFCVGLID,0.29884210951580564,anti-toxic
GIRHHRLGC,0.298831031564043,anti-toxic
GYFDGDVSG,0.2988235837281631,anti-toxic
GVHGLVYDG,0.2988085356700232,anti-toxic
GFFIYDCGR,0.2988085356700232,anti-toxic
GFGICCCLV,0.2987855747415289,anti-toxic
GCFFLCGVG,0.29877391535975706,anti-toxic
GVRSVFRFD,0.2987137529368003,anti-toxic
GYSFNLCCD,0.2987137529368003,anti-toxic
GCLDYGVGG,0.2987054879813434,anti-toxic
GLVHYCCDR,0.2986971638315097,anti-toxic
GGFHYVCID,0.2986887798490787,anti-toxic
GLCFDVGIG,0.2986887798490787,anti-toxic
GGICVDHVH,0.2986760902705039,anti-toxic
GVYGHFVFD,0.2986632623848742,anti-toxic
GYYIGCRYN,0.298639816367796,anti-toxic
GLYDVNFHN,0.2986371825480909,anti-toxic
GCGDIDCVF,0.2986371825480909,anti-toxic
GCSGRVGVI,0.29862392589810277,anti-toxic
GRGYRFFHL,0.29861947431233293,anti-toxic
GIYSNGNVN,0.29861052154056833,anti-toxic
GVCISLGVG,0.29860150201882046,anti-toxic
GCYCSCSGG,0.2985901326068821,anti-toxic
GSGCYGRIF,0.2985553765361258,anti-toxic
GVCVLFDYD,0.2985553765361258,anti-toxic
GFFFRHVFS,0.29855066743516123,anti-toxic
GVCYYIGYH,0.29854594037751636,anti-toxic
GYICDCGVN,0.29852685051017686,anti-toxic
GGIVSYDDI,0.29852685051017686,anti-toxic
GRFDYIGCV,0.2985074649599392,anti-toxic
GLNNHGCDG,0.29850355176246657,anti-toxic
GFDCCYVNN,0.29847781702490916,anti-toxic
GHHVDFSVL,0.2984677788993808,anti-toxic
GVSGGGGFH,0.2984677788993808,anti-toxic
GFSIDVHGH,0.2984677788993808,anti-toxic
GNGHCVYDS,0.2984601983322377,anti-toxic
GHYFDHSIN,0.2984515526146717,anti-toxic
GRIDDFSVV,0.2984474638801095,anti-toxic
GIGSGCSFG,0.2984474638801095,anti-toxic
GLHGVSNGN,0.2984449018294878,anti-toxic
GLCGIDGNG,0.2984268241423518,anti-toxic
GGGGYDFHS,0.298421612556453,anti-toxic
GDRVLDYCG,0.2984058518378324,anti-toxic
GIFCYFCVF,0.2984058518378324,anti-toxic
GYHIICDDY,0.2984058518378324,anti-toxic
GVDDCSGIC,0.2984058518378324,anti-toxic
GFFSRDDCR,0.29837375202024113,anti-toxic
GCYYGFSIH,0.29837375202024113,anti-toxic
GGSYDLCDG,0.2983628768501019,anti-toxic
GYSHRRGIR,0.29834085715319997,anti-toxic
GDYGYIGYV,0.29834085715319997,anti-toxic
GVDYRLCCG,0.29827954643355226,anti-toxic
GGFFVFVDV,0.2982725611187923,anti-toxic
GLCVDFCVN,0.2982725611187923,anti-toxic
GVSDCFFVC,0.29825494160920907,anti-toxic
GCCYCFDYR,0.29825494160920907,anti-toxic
GFGCGSVGH,0.29825494160920907,anti-toxic
GRYSGYFVH,0.2982370954798111,anti-toxic
GYFGIFGCN,0.2982334986743093,anti-toxic
GCSLGVGCF,0.29822506999193416,anti-toxic
GVFRCDFHD,0.2982190183301528,anti-toxic
GCCHIIVCG,0.2981633550123781,anti-toxic
GFLCCGCFD,0.2981633550123781,anti-toxic
GRFRGYVSV,0.2981633550123781,anti-toxic
GSIRCFCCD,0.298144307426493,anti-toxic
GIVVDNCLR,0.2981404674936736,anti-toxic
GRFCVHHGG,0.298125005020574,anti-toxic
GVRLRNCSS,0.298125005020574,anti-toxic
GCSVGCRCG,0.29811199264676874,anti-toxic
GINGRCVIY,0.29809556232493184,anti-toxic
GGNILFCDS,0.29809556232493184,anti-toxic
GLCFSNVNY,0.2980856150171999,anti-toxic
GDIRYVYGD,0.29807560003992767,anti-toxic
GLSHGDRYC,0.2980132438785955,anti-toxic
GCNRFLRVN,0.2980119537621422,anti-toxic
GRLRFCNGF,0.29800354103379334,anti-toxic
GSDDRYCSS,0.2979982592201988,anti-toxic
GSFICFVYN,0.2979669488374619,anti-toxic
GGGLHIGGR,0.29796557657012096,anti-toxic
GYNYCVDRY,0.2979607639363046,anti-toxic
GILCGSNVY,0.2979607639363046,anti-toxic
GHNVYDCLG,0.29795109317648627,anti-toxic
GRNFFDGVC,0.2979389186868393,anti-toxic
GVYHVNVHV,0.2979389186868393,anti-toxic
GYCHCLCDN,0.2979345122675504,anti-toxic
GIYVVSVDG,0.2979256616321853,anti-toxic
GFRLCGSLG,0.297924854518639,anti-toxic
GICFFYCDD,0.29791676023983826,anti-toxic
GFIDICNFC,0.29791676023983826,anti-toxic
GLYFCDVCR,0.29791676023983826,anti-toxic
GFNYIYVVR,0.2979055614548322,anti-toxic
GRCVYDCDH,0.29789428181112265,anti-toxic
GDGSHCFCD,0.29789428181112265,anti-toxic
GDDVFYCCD,0.2978910440814992,anti-toxic
GNVCSIGGR,0.2978897471167521,anti-toxic
GHLVNGFVR,0.2978867166936395,anti-toxic
GFFIVRGCG,0.2978829204297953,anti-toxic
GVCLYDGIN,0.2978772088093748,anti-toxic
GCYCDDVLF,0.29787147641915146,anti-toxic
GCSRFSGNG,0.29787147641915146,anti-toxic
GCIDICSGG,0.2978651990812808,anti-toxic
GCHSHGVVR,0.2978599488744746,anti-toxic
GFNVCLGDS,0.29784833687779194,anti-toxic
GDHCVSHFH,0.29783742199822666,anti-toxic
GVCVDSHVY,0.2978248557887698,anti-toxic
GIVHYCNSV,0.2978248557887698,anti-toxic
GVCVSFNDR,0.2978248557887698,anti-toxic
GCYCICSGG,0.2978010255337827,anti-toxic
GCFFNCDHG,0.29777683826625934,anti-toxic
GFCSFDFGR,0.29777683826625934,anti-toxic
GCNVRHLYL,0.29773737578406206,anti-toxic
GVVNSVRID,0.2977273601138956,anti-toxic
GFCYDDGSH,0.2977273601138956,anti-toxic
GFINDVHLR,0.2977147545125043,anti-toxic
GNCGRLGVR,0.2977105312342739,anti-toxic
GRFCSNGCR,0.2977020523150537,anti-toxic
GVFLDGRVD,0.2977020523150537,anti-toxic
GRFDHVNDD,0.2976866806007614,anti-toxic
GSCCGCGGD,0.2976866806007614,anti-toxic
GCDGLSRCG,0.29768373654076835,anti-toxic
GFFSYGHHG,0.2976820987103578,anti-toxic
GLVNDSGGC,0.2976763536563934,anti-toxic
GLHVCGVIN,0.2976502550126006,anti-toxic
GFFVHSYVH,0.29762374697206967,anti-toxic
GLFNSCGVF,0.29762374697206967,anti-toxic
GVGDYCCCF,0.29762374697206967,anti-toxic
GLYDGGCCS,0.2976022392597016,anti-toxic
GFVFRFDGC,0.2975877492529639,anti-toxic
GRVRGIYVN,0.2975763434125655,anti-toxic
GFCVRRGHD,0.2975556212786794,anti-toxic
GFCNFDYYG,0.2975416678181598,anti-toxic
GGVNYDHCG,0.2975416678181598,anti-toxic
GFCHVVCDG,0.2975323030785469,anti-toxic
GRHLHNFYN,0.29751342194114405,anti-toxic
GIYGLCGDH,0.29749912676884793,anti-toxic
GGYVGFHIN,0.29749049374211,anti-toxic
GGSFCDCCG,0.2974847148993315,anti-toxic
GIVLYDCHN,0.297455535305683,anti-toxic
GDRGDFRVY,0.297455535305683,anti-toxic
GLDYCGGLR,0.297455535305683,anti-toxic
GCYGDLGNG,0.29743581392058316,anti-toxic
GGGHHSGCR,0.29742587139515597,anti-toxic
GCHIVVRGG,0.29742587139515597,anti-toxic
GCDDFGRLS,0.2974183783270322,anti-toxic
GSDLYYGYV,0.29741587370913464,anti-toxic
GCCLRFCGS,0.29741587370913464,anti-toxic
GGIGDVHVY,0.29741300703158613,anti-toxic
GLGYHCVIH,0.2973957110088871,anti-toxic
GRIDVHVIV,0.2973957110088871,anti-toxic
GYDDVYVGD,0.2973957110088871,anti-toxic
GSCCSHDGN,0.2973957110088871,anti-toxic
GCSFVLGYC,0.2973804407259474,anti-toxic
GYSCFVVDF,0.2973650415775758,anti-toxic
GIFCVCDCG,0.2973650415775758,anti-toxic
GILRVGHHR,0.2973495119256136,anti-toxic
GHRRNNRGS,0.29733385010401747,anti-toxic
GGIYGVVCD,0.29729142610457926,anti-toxic
GVCRLDGVR,0.2972698467906744,anti-toxic
GLFFRDSLH,0.2972698467906744,anti-toxic
GVHDSDRFV,0.2972698467906744,anti-toxic
GLDGFLVFG,0.2972553216487174,anti-toxic
GRNGNYGGN,0.2972370066468421,anti-toxic
GCRYFSFDR,0.29723036966107885,anti-toxic
GCSIVSNFR,0.29722870678383234,anti-toxic
GCLYDCHYF,0.2972035878109283,anti-toxic
GRNICLFDR,0.2971809794930647,anti-toxic
GYCDSSGVC,0.2971809794930647,anti-toxic
GHFYIGGYY,0.2971764257318712,anti-toxic
GDCYYSSGS,0.2971733839001518,anti-toxic
GIDSDGGVY,0.2971609769179571,anti-toxic
GSDCVFVSG,0.2971581024231717,anti-toxic
GFFNRFRGV,0.2971523406007794,anti-toxic
GHHCVLVGG,0.297134951780457,anti-toxic
GCFDHCGYL,0.297134951780457,anti-toxic
GCRGLDNGR,0.2971222070888973,anti-toxic
GYYHNGHLN,0.2971174063009312,anti-toxic
GHFFDRYDY,0.2970925753856433,anti-toxic
GICCHLSYS,0.29708439893006955,anti-toxic
GCFSLFSCS,0.29707824426821305,anti-toxic
GFHRRFRYC,0.2970638084463798,anti-toxic
GHLCRCGLY,0.2970638084463798,anti-toxic
GRDYRLCFR,0.2970638084463798,anti-toxic
GCRYLYGDR,0.2970638084463798,anti-toxic
GFCCDFDFH,0.29703461806581344,anti-toxic
GCYNHCRGG,0.29703461806581344,anti-toxic
GLIGHILRR,0.29702441333859086,anti-toxic
GCVNGRGLR,0.29701986115254003,anti-toxic
GRCSSLVGS,0.29701491792714513,anti-toxic
GYYCYFFCD,0.2969900178622411,anti-toxic
GCHLRYGLF,0.2969900178622411,anti-toxic
GGCGSRHVI,0.2969900178622411,anti-toxic
GDHHILCGN,0.2969900178622411,anti-toxic
GCDSRVFDH,0.2969900178622411,anti-toxic
GFFVVLRSG,0.2969711391871136,anti-toxic
GRYRYFSDV,0.29696480702533146,anti-toxic
GFCGCSDCG,0.2969536143012891,anti-toxic
GRVCLCSDS,0.2969392795618267,anti-toxic
GSCGVGCLG,0.2969289785814796,anti-toxic
GCNVGSVRD,0.296913429469149,anti-toxic
GYIVFNCVG,0.296913429469149,anti-toxic
GDDRCLRRS,0.296913429469149,anti-toxic
GCCNGLIFN,0.296913429469149,anti-toxic
GYYCRHGCR,0.29689601380239034,anti-toxic
GYLNIGSGN,0.29688725059202586,anti-toxic
GFCHCVHLV,0.2968683466069485,anti-toxic
GYSICNRDS,0.29683388107037306,anti-toxic
GIDIGDFGD,0.29683388107037306,anti-toxic
GFCFYRGRR,0.29683388107037306,anti-toxic
GCVGYLFGD,0.29683388107037306,anti-toxic
GNFDHGVCS,0.29682032313758794,anti-toxic
GRNCNIDDC,0.2968094135458694,anti-toxic
GRSLVNCVG,0.29679294272072654,anti-toxic
GLSSIGHVH,0.29679294272072654,anti-toxic
GLYRFDVIR,0.2967791185103228,anti-toxic
GYHCVFVGG,0.2967632085391922,anti-toxic
GDCDFNIVS,0.2967511976847062,anti-toxic
GINSNDCCS,0.29673001517125713,anti-toxic
GISRRFIGS,0.2966942410312602,anti-toxic
GIRHCDVGV,0.29669011461987843,anti-toxic
GFLCGGNCG,0.29667612980691394,anti-toxic
GRLSGDVLR,0.2966651902615311,anti-toxic
GNLIRSVFL,0.2966651902615311,anti-toxic
GCDGSGSCD,0.2966475721814937,anti-toxic
GGDYVFRLR,0.29664314541586745,anti-toxic
GNYSLIRFS,0.29664314541586745,anti-toxic
GCCCNDFGH,0.29663574756588895,anti-toxic
GHHRFSVCG,0.2966208767589262,anti-toxic
GVCLVNSLG,0.29660965743338774,anti-toxic
GYSCHLFSD,0.29660590495915207,anti-toxic
GVFLHGVGD,0.29660402633186117,anti-toxic
GYCDGLSCD,0.29660160860825846,anti-toxic
GVFIGDLVI,0.29659838086490625,anti-toxic
GGYCCLGGR,0.2965756542377312,anti-toxic
GSYVHHVIR,0.2965756542377312,anti-toxic
GYYGSHHVR,0.29656037320882783,anti-toxic
GFCHGYGFH,0.2965573044127827,anti-toxic
GFHIGRRNV,0.29655269330923695,anti-toxic
GDCYYRILG,0.29654498697211074,anti-toxic
GVDLCFFDD,0.2965388027755196,anti-toxic
GVDVGFIYG,0.29652949443730475,anti-toxic
GIVIGDVLH,0.2965228219659099,anti-toxic
GCFLFCNGY,0.2964918720106426,anti-toxic
GDCYCVGGI,0.29648236791326055,anti-toxic
GGLRGDICI,0.29648236791326055,anti-toxic
GNSDFDSCN,0.29648236791326055,anti-toxic
GYFNSFGGH,0.29642728585574446,anti-toxic
GVFRRRYGF,0.2964015914819102,anti-toxic
GVGLCCYDG,0.2963726375513082,anti-toxic
GRDCFSHYV,0.29633487445560136,anti-toxic
GGYILHGCD,0.29633487445560136,anti-toxic
GRVDSYCYG,0.29633487445560136,anti-toxic
GVCYRIRFS,0.29632639934203736,anti-toxic
GIVDCDCFH,0.29631789357616756,anti-toxic
GVDGDLIVS,0.2962835606395195,anti-toxic
GVYRLIVCD,0.2962835606395195,anti-toxic
GDCYCNHYG,0.2962835606395195,anti-toxic
GCFRSYYRR,0.2962835606395195,anti-toxic
GGIYGFVSD,0.2962835606395195,anti-toxic
GDIYCDGCN,0.2962835606395195,anti-toxic
GLRDHIDCY,0.2962835606395195,anti-toxic
GRNVHGCDN,0.2962662058679173,anti-toxic
GLYDVRYVC,0.29624433311316445,anti-toxic
GIDYYVCVI,0.296234645340498,anti-toxic
GLVRLRHSV,0.2962311127822125,anti-toxic
GLDGICFYD,0.29622048381020044,anti-toxic
GCYVHGRDG,0.29622048381020044,anti-toxic
GLRSCGGYV,0.29621910889929726,anti-toxic
GNYFFYGFF,0.29620827861296495,anti-toxic
GFCCYDDGC,0.2961774928695691,anti-toxic
GDSCILFGH,0.2961774928695691,anti-toxic
GVSLSCDGS,0.2961774928695691,anti-toxic
GFRICVCDS,0.2961463114736695,anti-toxic
GVCCYDFVD,0.29613372641967783,anti-toxic
GFCIRCSDH,0.29613372641967783,anti-toxic
GHYFCLGYC,0.29613372641967783,anti-toxic
GFCVDVISL,0.2961318856779385,anti-toxic
GYYCDGFVH,0.296122661169237,anti-toxic
GYVGLLDVH,0.296122661169237,anti-toxic
GSFGLDVVI,0.29611340184995555,anti-toxic
GFRCCSDCG,0.2961041075226721,anti-toxic
GICFRYCDN,0.2961041075226721,anti-toxic
GVNGYVCVC,0.2960665761324311,anti-toxic
GGVYRYYVH,0.2960665761324311,anti-toxic
GCVVCDNFC,0.2960665761324311,anti-toxic
GLCNICYDG,0.2960262085642556,anti-toxic
GHRYGSFFD,0.29602462544590696,anti-toxic
GDGRGFDCY,0.2960144655887102,anti-toxic
GFRICHDFR,0.2960091942889304,anti-toxic
GGDDSFYDY,0.2959800029273396,anti-toxic
GFYCGNYGN,0.2959612492136932,anti-toxic
GSVLGFRSR,0.2959504701347062,anti-toxic
GDHSVNIFH,0.29593058895262475,anti-toxic
GHNGGDVGF,0.29593058895262475,anti-toxic
GVCHFYDCS,0.29591055152794954,anti-toxic
GDYVRGHFH,0.2959004736479298,anti-toxic
GIIVGSHVG,0.29589035601157015,anti-toxic
GDVFRNSCD,0.2958700005250813,anti-toxic
GSDCLGVGS,0.29585976219789095,anti-toxic
GVCIVRGGD,0.2958412304550556,anti-toxic
GCCDRNRYY,0.29583916316870973,anti-toxic
GVSVLCGVF,0.29582880197817346,anti-toxic
GGRLDDFDY,0.29582880197817346,anti-toxic
GGVLSDVLR,0.29580795500915935,anti-toxic
GRCICSCVY,0.2957869402516093,anti-toxic
GVCVSVDCD,0.2957869402516093,anti-toxic
GGYCYGHHY,0.2957586560503639,anti-toxic
GYDNCDFHN,0.2957443992022974,anti-toxic
GYCRGNCGG,0.2957401070974601,anti-toxic
GRFLVFSFD,0.29572718885606664,anti-toxic
GLLLDFCVR,0.2957259552559226,anti-toxic
GRCCLYGSD,0.29572483330308014,anti-toxic
GSDSVHVFR,0.2957197786358403,anti-toxic
GYDFRRGHN,0.29570116215891423,anti-toxic
GGCRRDNVH,0.29568924719487,anti-toxic
GGVDCGNYD,0.29566826729187307,anti-toxic
GCFGCYDCS,0.29566826729187307,anti-toxic
GVHVVCDGD,0.2956572119001202,anti-toxic
GGRSYIDVS,0.29565499534859396,anti-toxic
GDCCGCGGS,0.295634963777275,anti-toxic
GYFVHNRDD,0.295634963777275,anti-toxic
GFRIDYNFC,0.295634963777275,anti-toxic
GYGDDIVGD,0.29562537236213304,anti-toxic
GVYGYSRDS,0.29562152624012444,anti-toxic
GVFNFFNYN,0.29561945298308406,anti-toxic
GNCRFCGLH,0.29561253063168763,anti-toxic
GGFSYGCFG,0.29561253063168763,anti-toxic
GFLLRGHVH,0.2956060868543678,anti-toxic
GDGFCSNFY,0.2956060868543678,anti-toxic
GFFRGDIFL,0.29560124395258297,anti-toxic
GCYCNLCDG,0.2955899101456248,anti-toxic
GFHRFVDVD,0.2955899101456248,anti-toxic
GIFVCDFFG,0.29556709996247904,anti-toxic
GCCYRYGHR,0.2955473955781875,anti-toxic
GVGIDVDFS,0.29553947396572006,anti-toxic
GLNHCCCFR,0.29553252375276345,anti-toxic
GCYVFSFDH,0.29553252375276345,anti-toxic
GGIIFGGFC,0.2955275485320156,anti-toxic
GICGCGFCS,0.2955255559213234,anti-toxic
GNVDYDVGG,0.295503906876605,anti-toxic
GYRYVYHFV,0.29549750706402017,anti-toxic
GFCNGFRFD,0.29549750706402017,anti-toxic
GYSCIVCDG,0.2954833751641148,anti-toxic
GSVHDSNFL,0.2954671357585843,anti-toxic
GICDHGRFY,0.29546204142503896,anti-toxic
GFYGGHHYS,0.29546204142503896,anti-toxic
GCVVNYYID,0.29545608623036607,anti-toxic
GGCYYLFGD,0.2954548936624354,anti-toxic
GLLCFVVDR,0.2954261181459827,anti-toxic
GFCFGFCYG,0.2954261181459827,anti-toxic
GFIRRVGSL,0.2954261181459827,anti-toxic
GNCGCLDGC,0.2954261181459827,anti-toxic
GSFVHGGLH,0.2954261181459827,anti-toxic
GCGFFHYNC,0.2954261181459827,anti-toxic
GLLLRNFYS,0.29541706478022833,anti-toxic
GDCNDSYCV,0.2953774931129695,anti-toxic
GFVFFIDGC,0.29535286277229067,anti-toxic
GRCVGHRVV,0.29535286277229067,anti-toxic
GVRYCGCYG,0.29535286277229067,anti-toxic
GCLRGIGIY,0.2953379812645227,anti-toxic
GRYRINFRR,0.2953315795652146,anti-toxic
GGGFHDRLR,0.29532801683951104,anti-toxic
GRYFVVVDI,0.2953155121395519,anti-toxic
GIFVSLCDD,0.2953155121395519,anti-toxic
GVVCGNCFG,0.29529935384797135,anti-toxic
GGCRVGGLG,0.29527766677488987,anti-toxic
GDCSYLDDL,0.29527766677488987,anti-toxic
GVRGGDGIR,0.29527179987296,anti-toxic
GYVRGDFVH,0.29526238789638903,anti-toxic
GVSIIDVGS,0.29526068523147914,anti-toxic
GFVNGDCID,0.29524228492779686,anti-toxic
GCIVHIGGR,0.2952393167830858,anti-toxic
GLHYGLYHR,0.29522641956474094,anti-toxic
GGCFSHCVG,0.2952199493873502,anti-toxic
GNIGCVNDY,0.295216060351366,anti-toxic
GCRHCDSVH,0.2952056640895214,anti-toxic
GGHCDCSLD,0.29520045200325734,anti-toxic
GFCGHCGYY,0.2951742510149291,anti-toxic
GFYYNYCLG,0.29516672170291003,anti-toxic
GSVVVVGDV,0.29515312003417304,anti-toxic
GDVIHHVVD,0.29513116838189907,anti-toxic
GFDGNFVNR,0.2951211360534609,anti-toxic
GFLGSDLIG,0.2951211360534609,anti-toxic
GCGCYDGVY,0.2951211360534609,anti-toxic
GIGFCDNVG,0.2951211360534609,anti-toxic
GCYFIGCCG,0.2951153879579549,anti-toxic
GLNVFVRHS,0.2951134694400726,anti-toxic
GCGLCFYDG,0.29508066315077996,anti-toxic
GDVSHCVFR,0.2950670486903045,anti-toxic
GHFGLHDLY,0.295061297626193,anti-toxic
GICVYGDNY,0.2950602180664196,anti-toxic
GCHLVFCSG,0.2950396319747937,anti-toxic
GCFVFGHVH,0.2949980308940681,anti-toxic
GICRFSVDN,0.2949896412430087,anti-toxic
GRIGHGCCS,0.29498568509115625,anti-toxic
GYLSGYVDV,0.2949770129159435,anti-toxic
GHNLVYGNY,0.2949621344671196,anti-toxic
GHIHLVVHG,0.29495584795178803,anti-toxic
GCICHFVGG,0.29495584795178803,anti-toxic
GGSHGGDGH,0.29493691000424754,anti-toxic
GGGNYNFHY,0.2949069106051924,anti-toxic
GLGVRRRVV,0.29488862490670326,anti-toxic
GVDCYGDGS,0.29486968695916277,anti-toxic
GRCGGLCGY,0.29486968695916277,anti-toxic
GYCVINYDN,0.29486968695916277,anti-toxic
GVFGCCSVS,0.29486968695916277,anti-toxic
GLYVSRSIL,0.2948599623880878,anti-toxic
GIIRRVSLV,0.294857178297404,anti-toxic
GGCYDSNYH,0.29484042084628376,anti-toxic
GLHVGINCG,0.29484042084628376,anti-toxic
GFYCHCDGH,0.29484042084628376,anti-toxic
GFVVGVVHV,0.29483453422273953,anti-toxic
GFCSRYRLR,0.2948297095594104,anti-toxic
GLFGIFNCN,0.29482568326269637,anti-toxic
GYVYCDCFC,0.29482568326269637,anti-toxic
GGFICGDGS,0.2947810463869797,anti-toxic
GHCVLFDCD,0.2947810463869797,anti-toxic
GGCSFDYGH,0.2947810463869797,anti-toxic
GLFSCGGFY,0.2947810463869797,anti-toxic
GCYCYGCCG,0.2947810463869797,anti-toxic
GSYVFDFGG,0.2947630112763314,anti-toxic
GFDGCDVGH,0.29470301305968266,anti-toxic
GNVVYSIDS,0.2946898176329622,anti-toxic
GGLNVSDDF,0.2946650383283651,anti-toxic
GFLNYFVLF,0.2946588132080407,anti-toxic
GVCGGCVFS,0.2946555319353932,anti-toxic
GCIGGVCID,0.29464319700258057,anti-toxic
GRCSGDVGR,0.29463958238510896,anti-toxic
GYLCFFVFD,0.29463648088350575,anti-toxic
GGYVVGDCG,0.2946337904791848,anti-toxic
GYSVDFIFY,0.294620656954115,anti-toxic
GFFFCDHNY,0.2945958856585713,anti-toxic
GIIGSSVVY,0.2945958856585713,anti-toxic
GIISRCSVS,0.29456564195921925,anti-toxic
GGYSCGSHD,0.29456103475923046,anti-toxic
GFYCHFHVH,0.29454094991984736,anti-toxic
GVIICCHDY,0.2945346478051089,anti-toxic
GFCYLYDFF,0.2945317026270641,anti-toxic
GNFLFRFCD,0.2945317026270641,anti-toxic
GRFNCFVNY,0.2944925744521601,anti-toxic
GCFVVVDVY,0.29447942680239103,anti-toxic
GCLLHGVLY,0.29447223304244147,anti-toxic
GVNNVISYD,0.2944496503526597,anti-toxic
GFCLCFSSD,0.2944458132696758,anti-toxic
GGDRFSRFC,0.29443966462023097,anti-toxic
GDGVRGDDY,0.29443966462023097,anti-toxic
GYVGGDHCH,0.2944202958054713,anti-toxic
GSIVFGRDS,0.29441384731046305,anti-toxic
GVDLSDFFN,0.2943994167649681,anti-toxic
GGRDYIGCG,0.2943994167649681,anti-toxic
GRCLFYGGV,0.2943994167649681,anti-toxic
GGFGGGHDH,0.2943994167649681,anti-toxic
GGIICNSLH,0.2943994167649681,anti-toxic
GYSCYRLCG,0.2943994167649681,anti-toxic
GDFVFCRDR,0.2943994167649681,anti-toxic
GDGHCVYDS,0.29438095931869984,anti-toxic
GFGIGCNGY,0.29437401125547513,anti-toxic
GSFCCCGFC,0.2943484103074659,anti-toxic
GGFRCSRFS,0.29433811469952603,anti-toxic
GYDSGYCSC,0.29433123331527894,anti-toxic
GSNRSFLFR,0.29431742800091426,anti-toxic
GFVNFHRHR,0.2942756685145502,anti-toxic
GLLLHVGSN,0.2942616329814827,anti-toxic
GLCFRYRVH,0.2942616329814827,anti-toxic
GCIDHFNGH,0.2942616329814827,anti-toxic
GIDCVGVVG,0.2942515718335307,anti-toxic
GRDGFDFVV,0.2942515718335307,anti-toxic
GVFRCVDGD,0.2942440063206891,anti-toxic
GHVICDLDF,0.29419057113367575,anti-toxic
GSCDYFCCS,0.29419057113367575,anti-toxic
GCCDSYCCD,0.29419057113367575,anti-toxic
GVGDCSGIH,0.2941709309083743,anti-toxic
GFRGCGVVG,0.2941665510854462,anti-toxic
GLFLSFRFD,0.2941274515227946,anti-toxic
GIFFFDCVH,0.29412661871460194,anti-toxic
GFYSLDCVF,0.2941253274646725,anti-toxic
GYFDCCGLS,0.2941253274646725,anti-toxic
GFYNCDYYG,0.2941180012476512,anti-toxic
GNFIRCHDF,0.2941180012476512,anti-toxic
GSCGFDIDD,0.2941113275458447,anti-toxic
GCDSYVGGR,0.2941033020724149,anti-toxic
GFCCCCYIR,0.29408967800233493,anti-toxic
GCIHNDHSG,0.29408113570865335,anti-toxic
GVCVSLVGH,0.29408113570865335,anti-toxic
GCIDCGDVG,0.29408113570865335,anti-toxic
GGGCHYFDD,0.29406145899968583,anti-toxic
GVFVGIFYN,0.29405067920722755,anti-toxic
GGHRIIRGR,0.2940438748033151,anti-toxic
GSCLISGYF,0.29400079858011946,anti-toxic
GGFCIVLYG,0.2939982313499205,anti-toxic
GRIFRCGGR,0.29399673293277734,anti-toxic
GCGFVCLSG,0.2939889581678418,anti-toxic
GRNRGGHGD,0.2939857635458653,anti-toxic
GFYVLFGFR,0.2939857635458653,anti-toxic
GHYFLYNFR,0.2939857635458653,anti-toxic
GSGGCYSGG,0.29396814117649434,anti-toxic
GGGVLGVCR,0.29396814117649434,anti-toxic
GIDGFSLFS,0.2939404735270502,anti-toxic
GYVNSCYFF,0.29393632065136494,anti-toxic
GRYGGSCFG,0.29393517889938064,anti-toxic
GSYDSICFY,0.29393263058923796,anti-toxic
GCRCCYHVD,0.29391025454103337,anti-toxic
GHCNGHFDS,0.29391025454103337,anti-toxic
GFGFRDNHV,0.29389074752362926,anti-toxic
GHFIGGGVY,0.29388362753343455,anti-toxic
GIYFYCCSS,0.29387506477624453,anti-toxic
GCSSIGSYN,0.2938683224864775,anti-toxic
GSVFLYCSG,0.2938640122491758,anti-toxic
GLHDNNVFH,0.29384349166337853,anti-toxic
GSNIYDYGD,0.29383441952755757,anti-toxic
GLGLDNCCN,0.2938276003796571,anti-toxic
GRSLGVSDS,0.29382392317445405,anti-toxic
GFLSRNGGY,0.29380019404500607,anti-toxic
GNCVRFCVH,0.2937915867400619,anti-toxic
GGYGYCYGD,0.2937869435428982,anti-toxic
GYSLRGNVG,0.29376564141440004,anti-toxic
GVCDCVGCG,0.2937579181521665,anti-toxic
GCGSGSGGY,0.2937529947924732,anti-toxic
GSSGSFHCG,0.29373075692248174,anti-toxic
GGRCGHGCS,0.29373075692248174,anti-toxic
GNHDGCYGV,0.29373075692248174,anti-toxic
GDFVFDFSD,0.2936813519418354,anti-toxic
GDNLGLCGD,0.2936787331464369,anti-toxic
GVIDRCVGD,0.2936659240949946,anti-toxic
GFNRVLCDG,0.2936563977951871,anti-toxic
GFYNCFHGS,0.2936480420413816,anti-toxic
GHRCHNRHS,0.2936480420413816,anti-toxic
GFICFFHGN,0.2936240637683023,anti-toxic
GFVNCGHYG,0.2936059775847743,anti-toxic
GIFDRFVLH,0.2936059775847743,anti-toxic
GFFHDVHFS,0.29358050800837177,anti-toxic
GSVNIFCSD,0.29358050800837177,anti-toxic
GCVIDYVRH,0.29356343097862675,anti-toxic
GFCFIFNFY,0.29356343097862675,anti-toxic
GSDVSCSGD,0.29355118508535516,anti-toxic
GFCIRCVGG,0.2935142051942835,anti-toxic
GFLSLIGGI,0.2935095569778502,anti-toxic
GGNGDGGVH,0.2935095569778502,anti-toxic
GLDHFCSGD,0.29347685777353527,anti-toxic
GCIVSDGIV,0.29347685777353527,anti-toxic
GIVVCLSGD,0.29347685777353527,anti-toxic
GNNYSCFHY,0.29347685777353527,anti-toxic
GFYGHGCFV,0.29347685777353527,anti-toxic
GSVCHCGFC,0.29347685777353527,anti-toxic
GFSFLRGVL,0.29345930165501233,anti-toxic
GDGGDGVSD,0.2934548998656052,anti-toxic
GVCCCCGFI,0.293450492954471,anti-toxic
GRCIVRGDG,0.2934486027081792,anti-toxic
GILCGGRVD,0.29344487673691094,anti-toxic
GHNDSDDYH,0.2934438729649596,anti-toxic
GLICFLRGD,0.29342394342904055,anti-toxic
GSRDIGCVN,0.2933938520046805,anti-toxic
GCIRSVYDS,0.2933882533701058,anti-toxic
GFDFLSCGR,0.2933882533701058,anti-toxic
GLCGGHRRN,0.2933882533701058,anti-toxic
GRVGVLGIG,0.2933882533701058,anti-toxic
GGFFCVDVL,0.2933770314354557,anti-toxic
GFHVSVSDH,0.2933601365974542,anti-toxic
GYFSGFFIH,0.2933431669976902,anti-toxic
GYLGCVSYG,0.2933431669976902,anti-toxic
GNHLISGIC,0.2933431669976902,anti-toxic
GYRCHVRFR,0.2933431669976902,anti-toxic
GFDGSIGVH,0.2933431669976902,anti-toxic
GNFVIRGVN,0.29331585889054107,anti-toxic
GVSFRHCCY,0.2932975454332905,anti-toxic
GNVFFVDCH,0.2932745309672189,anti-toxic
GIDCVDCGF,0.2932745309672189,anti-toxic
GLDDCCGRD,0.2932606564090687,anti-toxic
GVSFNLCVG,0.29325137909036275,anti-toxic
GYLVVFRGR,0.29322474996030945,anti-toxic
GGFFHFHDH,0.29322188602116944,anti-toxic
GGGRGCGCS,0.2932046581520246,anti-toxic
GNFVGCRHR,0.2932046581520246,anti-toxic
GFLYCCGFH,0.2932046581520246,anti-toxic
GHDGRDCVR,0.2932046581520246,anti-toxic
GFYLIYVIG,0.2932046581520246,anti-toxic
GFCCCDYYR,0.2932046581520246,anti-toxic
GSCVLLSFY,0.2932046581520246,anti-toxic
GFYHDCHIS,0.29316416260610473,anti-toxic
GGINSLVGG,0.29316416260610473,anti-toxic
GCILDHSCH,0.2931573725640958,anti-toxic
GFVDIGGFY,0.2931573725640958,anti-toxic
GHIGIFNDD,0.2931390332774086,anti-toxic
GIGVDDGGR,0.2931390332774086,anti-toxic
GFLGYHHDY,0.29313351481794736,anti-toxic
GRICVDVLG,0.29313351481794736,anti-toxic
GCCGYSVVG,0.2931095120278839,anti-toxic
GVNVCHSVY,0.2931095120278839,anti-toxic
GNLVCNFDG,0.2931095120278839,anti-toxic
GLRFCIHDH,0.29309020447316925,anti-toxic
GFFYFVYYN,0.2930819009602986,anti-toxic
GGIVICNGG,0.2930819009602986,anti-toxic
GYDIRYVNY,0.29306106599270587,anti-toxic
GFCICFGGR,0.29306106599270587,anti-toxic
GCHRVDVCG,0.29306106599270587,anti-toxic
GNILVIRDH,0.2930447853425979,anti-toxic
GVSDGFFDH,0.29302098528741205,anti-toxic
GRHHCNGLH,0.29302098528741205,anti-toxic
GFCYRVGGH,0.2929962023555301,anti-toxic
GCYSIDCDG,0.2929872754085672,anti-toxic
GHDGVLHLR,0.29298154256432607,anti-toxic
GLCLFDFFD,0.2929789920092993,anti-toxic
GNFGCCRDS,0.2929789920092993,anti-toxic
GCHHDVDIY,0.29296691292318483,anti-toxic
GSFFRCGVV,0.29291210544180174,anti-toxic
GFYCNFYNR,0.29291210544180174,anti-toxic
GGFCGSHGR,0.29288562891421305,anti-toxic
GNDIVDGGC,0.29286120658655407,anti-toxic
GLCFSGVCS,0.29284409816294316,anti-toxic
GGYDVCFVD,0.29283551704870964,anti-toxic
GDYGFSDFR,0.29280966541729014,anti-toxic
GFYFFCGVN,0.29280966541729014,anti-toxic
GFDFISHIY,0.29279667833629747,anti-toxic
GYYVFGSVV,0.29279667833629747,anti-toxic
GCCLYLCCD,0.2927799202385584,anti-toxic
GCYVVRDVD,0.2927574696979913,anti-toxic
GNNCHSVCG,0.2927574696979913,anti-toxic
GCDGYRGCS,0.2927574696979913,anti-toxic
GCGYDVFCI,0.2927574696979913,anti-toxic
GDDIVHIVD,0.2927574696979913,anti-toxic
GSDRFGGLV,0.2927574696979913,anti-toxic
GCDFYFGLC,0.2927178858232063,anti-toxic
GLSFRFRGC,0.29268937889612145,anti-toxic
GFYSHLGFC,0.2926779212992153,anti-toxic
GSYLSCGDV,0.2926779212992153,anti-toxic
GFDCFGFYD,0.29266643217917915,anti-toxic
GYGRFHFVH,0.2926482269652047,anti-toxic
GRFSDVGFI,0.2925968281271184,anti-toxic
GIFRGYSRR,0.2925968281271184,anti-toxic
GRLVRDISR,0.2925968281271184,anti-toxic
GFDDDLFLY,0.2925968281271184,anti-toxic
GSCVYVHGS,0.2925968281271184,anti-toxic
GLLRFGVHI,0.2925968281271184,anti-toxic
GNIIHYCGH,0.2925705446834148,anti-toxic
GGIGDGFVV,0.2925682514216037,anti-toxic
GGIYRNRRY,0.29256394820266746,anti-toxic
GFYHLVCYH,0.2925628098384625,anti-toxic
GGIGGVDVD,0.29252341176621277,anti-toxic
GVFRGLGVV,0.29251811879477124,anti-toxic
GDVGDCYVS,0.2924974131142307,anti-toxic
GVIVNVCHY,0.2924862221206876,anti-toxic
GFDVCDGHG,0.29246375183316975,anti-toxic
GRNFVHLSG,0.29245408548593094,anti-toxic
GCSGSDSVL,0.2924298239020636,anti-toxic
GVYFVDYVC,0.2924298239020636,anti-toxic
GRLSVGYFD,0.2924298239020636,anti-toxic
GFHRDNCVG,0.2924167030246505,anti-toxic
GFVYRGSCG,0.29240755181908723,anti-toxic
GDGGSGYLR,0.2924054246502859,anti-toxic
GCYHSDYGG,0.2923794387889608,anti-toxic
GVFGGGRVG,0.29237267613148266,anti-toxic
GFRSVDVCY,0.29237267613148266,anti-toxic
GRNGNCYVD,0.29237267613148266,anti-toxic
GDDFFGGVV,0.2923562084290671,anti-toxic
GFGFFNVVY,0.2923562084290671,anti-toxic
GGHGFCGHN,0.2923438164788885,anti-toxic
GCCLRYYVD,0.2923438164788885,anti-toxic
GRCDCGFVG,0.2923300788515477,anti-toxic
GLGCGGLID,0.2923264081421028,anti-toxic
GHLGRCVGG,0.2923212367076229,anti-toxic
GFNVHNRVG,0.2923200605243984,anti-toxic
GGYFVLDCV,0.2922757231351126,anti-toxic
GVYSGRRGR,0.292256071356476,anti-toxic
GRGVFSGHC,0.292256071356476,anti-toxic
GFCCGSSVS,0.292256071356476,anti-toxic
GFFDVSVVN,0.292256071356476,anti-toxic
GDIYDGSGG,0.292256071356476,anti-toxic
GFFGVRCYD,0.292256071356476,anti-toxic
GFLHCGHGR,0.292256071356476,anti-toxic
GCRDVNGGR,0.29222372287916765,anti-toxic
GFCIGDNVG,0.2921899233886529,anti-toxic
GCSSLNSGY,0.29218458843607714,anti-toxic
GYVHLSGCV,0.29216050124399195,anti-toxic
GCCSFDDDC,0.29215830499237355,anti-toxic
GYHCCSNVN,0.2921362825039987,anti-toxic
GVYIYGVYS,0.2921362825039987,anti-toxic
GVYVVDFID,0.2921362825039987,anti-toxic
GGRRHNYVD,0.29210582244236605,anti-toxic
GCHGSSGIV,0.2920642781132339,anti-toxic
GLRFIGLYS,0.2920486966446914,anti-toxic
GYFNVGSCG,0.2920486966446914,anti-toxic
GLFNNVGGR,0.29204244888197545,anti-toxic
GSNRNVRDR,0.2920287515491907,anti-toxic
GLVNFGRVR,0.29202629604214214,anti-toxic
GYISHLRSD,0.29202450937716806,anti-toxic
GLLRCDLGN,0.29200980285999717,anti-toxic
GLCHFGRLY,0.292000679122181,anti-toxic
GRHSVRSRI,0.2919818666865841,anti-toxic
GRYRLDCDR,0.2919818666865841,anti-toxic
GVCRFLGSR,0.2919763186889358,anti-toxic
GSLGILFCD,0.29196297569365376,anti-toxic
GFVFVSCCD,0.2919560866684575,anti-toxic
GRCLSSGHC,0.29190920807689585,anti-toxic
GNYIDDGVL,0.29188661622411144,anti-toxic
GIRGVVCDG,0.29188661622411144,anti-toxic
GISCGHFNR,0.29188661622411144,anti-toxic
GGRNSDNVF,0.2918089596334882,anti-toxic
GFDRCYNYR,0.29180024961710443,anti-toxic
GICIDGFVV,0.29178933892906855,anti-toxic
GCCRFLDSF,0.2917752729388193,anti-toxic
GCSFFCGLN,0.2917752729388193,anti-toxic
GFCSGHVFV,0.29173609652555305,anti-toxic
GLDCLSCVG,0.29171667632383963,anti-toxic
GLFVRSVSG,0.29171223578334127,anti-toxic
GGDVIRGVN,0.29169869500091555,anti-toxic
GFCYGYDSC,0.29168996940983777,anti-toxic
GRSFGRVGV,0.29168996940983777,anti-toxic
GDHDFIVCD,0.29168996940983777,anti-toxic
GCYLYDGGV,0.29168996940983777,anti-toxic
GCCDLIYDR,0.29168996940983777,anti-toxic
GFVGVNGRR,0.2916611843571742,anti-toxic
GVNGGDYDG,0.2916611843571742,anti-toxic
GVIRCDDSC,0.29164962059372634,anti-toxic
GGFYDCGDR,0.29164962059372634,anti-toxic
GRCFRGGFF,0.2916451158614475,anti-toxic
GHHVGYVCG,0.2916348617246328,anti-toxic
GGYRVYGRF,0.2916225271421499,anti-toxic
GLSDDRLCG,0.2916225271421499,anti-toxic
GRVVHVNDD,0.2916225271421499,anti-toxic
GFGYISRCD,0.2916225271421499,anti-toxic
GCFRLIDIV,0.2915678679662042,anti-toxic
GFCYGFNSC,0.29152752132025905,anti-toxic
GLSCYLNGY,0.2915264549192378,anti-toxic
GCFICDRHD,0.29148467775775083,anti-toxic
GVINNCCLV,0.29148467775775083,anti-toxic
GFHRCVVSF,0.29148467775775083,anti-toxic
GFYCSDVGH,0.29148467775775083,anti-toxic
GFHFGYIDG,0.29148467775775083,anti-toxic
GNFCIGRGS,0.2914495818361265,anti-toxic
GGNGCCCYG,0.2914340577353258,anti-toxic
GCIRCCFYD,0.2914319369134449,anti-toxic
GFVFRGVCG,0.29142963060869387,anti-toxic
GFYYLGCVG,0.2914243548905237,anti-toxic
GFRYCFCVH,0.29141422687238205,anti-toxic
GLCVRCCYD,0.29140777064193035,anti-toxic
GDRSRGIVY,0.29139390662524284,anti-toxic
GYYDDLCDD,0.2913868526684976,anti-toxic
GVSVYVGVY,0.29137860998780035,anti-toxic
GCVFRFFGG,0.29137296213478026,anti-toxic
GCYNFGHFF,0.291363264706386,anti-toxic
GNIGLRGFC,0.291363264706386,anti-toxic
GFYNFNFHC,0.29123872306795273,anti-toxic
GHYCGNVGN,0.2912260921699367,anti-toxic
GGYGIRGDC,0.29121501337038247,anti-toxic
GFSCFDCHS,0.2911964929549378,anti-toxic
GCVFDGLVC,0.2911592416376869,anti-toxic
GYLCDVFFF,0.2911367550618721,anti-toxic
GYLCVIGCV,0.2911285527013845,anti-toxic
GGYSCDHVG,0.2911109303320135,anti-toxic
GHIVSIRGD,0.2910965249160011,anti-toxic
GCGSGLGLC,0.2910529428115484,anti-toxic
GSFCFGIVH,0.2910457747573803,anti-toxic
GYFYVVDRG,0.2910457747573803,anti-toxic
GDCCHVHYG,0.2910457747573803,anti-toxic
GFFDDDFVG,0.2910457747573803,anti-toxic
GFNCSSCFY,0.2910457747573803,anti-toxic
GIICCRDGH,0.2910146588193343,anti-toxic
GVGCGIGLG,0.2909797575068308,anti-toxic
GICYCFNVY,0.290958947697299,anti-toxic
GVVRLRVRS,0.2909531054981141,anti-toxic
GNCVIVCDH,0.2909531054981141,anti-toxic
GFVHINLGY,0.2909296687596554,anti-toxic
GCLYIDVIH,0.29091897961797447,anti-toxic
GCICFGFDN,0.29090889856036867,anti-toxic
GSCHCYFDY,0.2908903643131013,anti-toxic
GNHGIGSVY,0.2908621018927677,anti-toxic
GLGCFLDVS,0.29083748003784626,anti-toxic
GVFCGHGHG,0.2908326450078492,anti-toxic
GNRCCDYDS,0.2908292949912115,anti-toxic
GCFIYCNGG,0.2908108304822951,anti-toxic
GCSGHGGFC,0.2908108304822951,anti-toxic
GVCGHSFDD,0.2908108304822951,anti-toxic
GFRLSSCGD,0.2908108304822951,anti-toxic
GLFVCLCVD,0.2908108304822951,anti-toxic
GLSHRCGGY,0.2907889224195415,anti-toxic
GFRGRCCCC,0.2907763612984282,anti-toxic
GFLFSGGVH,0.2907737001884322,anti-toxic
GFFVGCCVN,0.2907705938137248,anti-toxic
GFHVRFVLG,0.2907682170807103,anti-toxic
GFYCYGGVR,0.2907625084258444,anti-toxic
GGGGVNCDS,0.29075995249700926,anti-toxic
GDHVSCVVG,0.29075711108314156,anti-toxic
GYCHGSFVR,0.2907550336707707,anti-toxic
GLLYDFGCY,0.2907438808587835,anti-toxic
GFDYNHYIH,0.2907300390241692,anti-toxic
GNLLNYVDG,0.2907300390241692,anti-toxic
GLRIRGDCV,0.29070034265970734,anti-toxic
GFVVNYSGD,0.29069958543502095,anti-toxic
GFSHCFVIH,0.29068916232576236,anti-toxic
GFYYFFIFF,0.29068094801944944,anti-toxic
GLIGCFVHD,0.290679683121521,anti-toxic
GLRLFGDVH,0.29067546456096005,anti-toxic
GDLYVDCSD,0.2906554756310934,anti-toxic
GCSDFFYGH,0.2906511409438535,anti-toxic
GRVFCYSFR,0.29064795987025943,anti-toxic
GRDSDDLCC,0.2906235693883395,anti-toxic
GYYVIRDDR,0.2906147607354419,anti-toxic
GCYSLFVVR,0.2906147607354419,anti-toxic
GNDLVGVYG,0.2906004674450491,anti-toxic
GYGGDGVCI,0.2905645619858162,anti-toxic
GGVGGSGHH,0.2905645619858162,anti-toxic
GVHCCVCDN,0.2905645619858162,anti-toxic
GGGGGGVVR,0.2905645619858162,anti-toxic
GHYCYSGGV,0.2905645619858162,anti-toxic
GVFVDGVHR,0.2905082149884095,anti-toxic
GGYRGIGVI,0.29049776902927,anti-toxic
GFYCCYHVY,0.290479813330673,anti-toxic
GVVDGIDVC,0.290479813330673,anti-toxic
GRVYGCCFR,0.290479813330673,anti-toxic
GRCFRCSVG,0.290469869667019,anti-toxic
GFVVRLCCD,0.2904691231365357,anti-toxic
GYFVFSDVS,0.2904626986144325,anti-toxic
GCSVDGSFV,0.2904512579199757,anti-toxic
GFHYFDCFI,0.29043692216655703,anti-toxic
GCFYRNFVS,0.2903936808181962,anti-toxic
GVHVISGCR,0.2903936808181962,anti-toxic
GNRFHCGIF,0.2903936808181962,anti-toxic
GCLVRYDSN,0.2903936808181962,anti-toxic
GLFDHYCVH,0.2903936808181962,anti-toxic
GVFYNVDYC,0.29033547350264416,anti-toxic
GNYGYSVFR,0.29033015032043763,anti-toxic
GYDCVFVLF,0.2903187256371806,anti-toxic
GCSGRGLRR,0.2903061302722081,anti-toxic
GGVFVHDGG,0.2903061302722081,anti-toxic
GHGYIRSGG,0.2903061302722081,anti-toxic
GFCYCSGDH,0.29026816580853576,anti-toxic
GDCFCDVVG,0.29026816580853576,anti-toxic
GFVCFSRGG,0.29025919389427063,anti-toxic
GIYGSDIYS,0.29025919389427063,anti-toxic
GYICRYGFV,0.2902395155804749,anti-toxic
GSYVLGCVY,0.29023341863625907,anti-toxic
GLYGRGHRY,0.2902265647278101,anti-toxic
GCFFDSSVC,0.2902171263817637,anti-toxic
GGICGGGFC,0.2902171263817637,anti-toxic
GDCRGICVD,0.2901991480122994,anti-toxic
GVFVCVVDR,0.2901927344957203,anti-toxic
GNCVISVVG,0.2901720680757729,anti-toxic
GVRSFVSFI,0.29016407759746193,anti-toxic
GILRDRLLH,0.29015264220490866,anti-toxic
GDSYGSRGR,0.2901448523789503,anti-toxic
GVFHDDLLD,0.2901448523789503,anti-toxic
GYVDLCSGG,0.29013492190272683,anti-toxic
GIFLDHCLH,0.2901196088149673,anti-toxic
GFYYFCSCF,0.29009972786041394,anti-toxic
GLCDFRFYD,0.2900961305186381,anti-toxic
GCLSCYGVR,0.2900772749984778,anti-toxic
GGCLGGDGN,0.2900693008055576,anti-toxic
GSRVCCDRL,0.290034611362518,anti-toxic
GRIGDFNSV,0.290034611362518,anti-toxic
GYYVCDHHY,0.2899786491845006,anti-toxic
GSCYRVRYR,0.2899723959792867,anti-toxic
GCCHGVSDS,0.2899410234983689,anti-toxic
GFFYLFCFY,0.2899221144102238,anti-toxic
GVCGNVGYC,0.28989149795043656,anti-toxic
GHRGGFCID,0.28987055124022326,anti-toxic
GLHLCGLVV,0.28986058031154033,anti-toxic
GFCGGVLFD,0.28984582871146747,anti-toxic
GFCDRLFVH,0.28984582871146747,anti-toxic
GYDLFSVYG,0.28984582871146747,anti-toxic
GFGGRSRRH,0.28983920326837626,anti-toxic
GCVHRSCCG,0.2897976157321329,anti-toxic
GIDLGDVLR,0.28974898525429216,anti-toxic
GSDDCGGFY,0.28974898525429216,anti-toxic
GHRLFDCIV,0.28974898525429216,anti-toxic
GGSVRGCGD,0.28974898525429216,anti-toxic
GVVYVLGGR,0.2897163303062033,anti-toxic
GHVYRFDGC,0.2897030101653887,anti-toxic
GGVVLGNSG,0.28969993183108494,anti-toxic
GFFYCCLDG,0.2896900699069993,anti-toxic
GFINVFNVF,0.2896752447868592,anti-toxic
GFNCGGGCS,0.2896663310929159,anti-toxic
GCIVFCGHG,0.28965044992048244,anti-toxic
GSSNLHYCS,0.28965044992048244,anti-toxic
GCRSGCGGD,0.28965044992048244,anti-toxic
GHFYCLHVR,0.28965044992048244,anti-toxic
GRFRFGCLR,0.2896440336560588,anti-toxic
GLYGVDSCR,0.2896399775489913,anti-toxic
GFNFRRYVR,0.28963513764258214,anti-toxic
GVFVYHGCN,0.2896270144467211,anti-toxic
GYGCVNRCG,0.2896242327990276,anti-toxic
GIIFGHSCS,0.28962197999475175,anti-toxic
GHDGDNFVV,0.28962197999475175,anti-toxic
GFHCCDSCG,0.28962197999475175,anti-toxic
GNFCDGHFC,0.28960053388319934,anti-toxic
GLLRRDCCR,0.2895703734969306,anti-toxic
GYVGVIDLI,0.2895536650432629,anti-toxic
GDISGVFDG,0.2895272908639005,anti-toxic
GVCGVHRVN,0.2895248332586564,anti-toxic
GFSCGDCHG,0.2895182979447616,anti-toxic
GNCHHSSYH,0.28949799711447766,anti-toxic
GFCCVFSHH,0.28949370397922713,anti-toxic
GFFFCDCVN,0.2894843490375222,anti-toxic
GFNLDFVDY,0.28944812311416607,anti-toxic
GLDDGGHSG,0.28944812311416607,anti-toxic
GFDFFDGLC,0.28944812311416607,anti-toxic
GYYGNCSGG,0.28944812311416607,anti-toxic
GRVHIFFGH,0.28944812311416607,anti-toxic
GFSGVGGGD,0.28944812311416607,anti-toxic
GSCGGCNVD,0.28944812311416607,anti-toxic
GGDHVDCHN,0.28944812311416607,anti-toxic
GRNNFYGCN,0.28943093728555325,anti-toxic
GCDGCLRYR,0.2894171518549692,anti-toxic
GVYGLGDGG,0.28940040631118413,anti-toxic
GFLVGLDCS,0.28938991579861395,anti-toxic
GCCYIFVHH,0.28938386094010077,anti-toxic
GICRVCDFD,0.289380157646644,anti-toxic
GGSYFYDDI,0.2893790723974448,anti-toxic
GRYDRDLLY,0.2893767944957745,anti-toxic
GVCSLGGLD,0.28937038311898783,anti-toxic
GCYHLCDDI,0.28937038311898783,anti-toxic
GFCCVFVYG,0.2893311204242473,anti-toxic
GVRNDDYNR,0.28932323613073085,anti-toxic
GCSGRDGVR,0.2893103847101341,anti-toxic
GICYGGIRD,0.28929159239273705,anti-toxic
GGNVICYDS,0.28929159239273705,anti-toxic
GCFVGDFFH,0.28929159239273705,anti-toxic
GFNLFGVIN,0.2892688847781909,anti-toxic
GFVCHSCVG,0.289259777112557,anti-toxic
GHCGDDYYH,0.2892510133127383,anti-toxic
GCIDGNFVH,0.28923847093442323,anti-toxic
GVVHCFFDN,0.28918486646435004,anti-toxic
GSVFGCSVF,0.28917716886898115,anti-toxic
GYFSSYDFG,0.2891713891033167,anti-toxic
GFYYIFVIF,0.2891307723642735,anti-toxic
GCCICGGFV,0.2891307723642735,anti-toxic
GGNGYGLIY,0.2891307723642735,anti-toxic
GVCIICDCG,0.2891307723642735,anti-toxic
GGHLLGFVH,0.2891307723642735,anti-toxic
GGLVVDVFL,0.28911358721570846,anti-toxic
GSLHVRLGS,0.28908401118178917,anti-toxic
GSGGVHFVI,0.28908401118178917,anti-toxic
GCYIDFCDD,0.2890594678372275,anti-toxic
GGCHSYNYD,0.2890264855336686,anti-toxic
GFRRINGVG,0.28902108819096584,anti-toxic
GRLDGLYYG,0.28902108819096584,anti-toxic
GVRGCSFIY,0.28902108819096584,anti-toxic
GYRFFDSFC,0.2889989082424457,anti-toxic
GLIGFGSGG,0.2889654842626006,anti-toxic
GSFLSFFRR,0.28894534057803367,anti-toxic
GCVDNNVFV,0.28891960566172653,anti-toxic
GCCYYGNVG,0.28891426381903296,anti-toxic
GGGNDYCYS,0.2889093629881278,anti-toxic
GCIYLYHNG,0.288903425095718,anti-toxic
GGCVVVGDY,0.2888847992373985,anti-toxic
GRGFVCGVY,0.28886895560787523,anti-toxic
GDCCFYGDF,0.28886408860894647,anti-toxic
GRGFSNHDF,0.28885788860920475,anti-toxic
GRSIFNRLC,0.2888413243381409,anti-toxic
GHRVYDVHG,0.28883443535392345,anti-toxic
GFFCVFGFL,0.2888331226040008,anti-toxic
GDHHLDSVG,0.28879553924696955,anti-toxic
GFIDLSYGC,0.28879553924696955,anti-toxic
GVHCDDHCG,0.28879553924696955,anti-toxic
GCCGSFDCN,0.28873782185942987,anti-toxic
GLYFRFRCD,0.2887154775854094,anti-toxic
GCRFLYFDH,0.2886795572775519,anti-toxic
GVLVHRLGC,0.28867266628479665,anti-toxic
GVIGDIIYD,0.28862073768216123,anti-toxic
GFYCYFDYR,0.28862073768216123,anti-toxic
GPSRIGHRR,0.28862073768216123,anti-toxic
GRLFDGYCV,0.2885953574126333,anti-toxic
GYGIVFNCY,0.2885613551043832,anti-toxic
GHYYGCVVH,0.2885613551043832,anti-toxic
GRDRSDHIS,0.2885613551043832,anti-toxic
GCISYDDCF,0.2885613551043832,anti-toxic
GGSGRYSVH,0.28853145016500803,anti-toxic
GVRHLGGFV,0.2885245286410436,anti-toxic
GDCGCLGLR,0.28852144994667395,anti-toxic
GNFRFLDCF,0.28848451092540167,anti-toxic
GHVRRGRHI,0.28848128852276383,anti-toxic
GGLRVFNGG,0.28844086835596067,anti-toxic
GIYCRGGLR,0.2884127322747158,anti-toxic
GCCRGVGVY,0.2884001869375521,anti-toxic
GINGGYGFV,0.2883797474661401,anti-toxic
GNYFDFCLF,0.288367451995055,anti-toxic
GYNDSYYIC,0.2883575155263003,anti-toxic
GIFFDNVNR,0.28835608109472044,anti-toxic
GSVVGDGRR,0.2883180301478434,anti-toxic
GCCLGRGYV,0.2882989188590594,anti-toxic
GFVVRGVLC,0.28827014392924405,anti-toxic
GDCVYNGVY,0.2882557076275523,anti-toxic
GYCFDSVDH,0.28824123862047457,anti-toxic
GVLSDLVHN,0.28824123862047457,anti-toxic
GICGIGSRL,0.288192770958809,anti-toxic
GLCIDNCDG,0.288192770958809,anti-toxic
GSNHCCIFR,0.288192770958809,anti-toxic
GVNIHSCYY,0.2881504674879666,anti-toxic
GVSRGGSCG,0.28814197331188246,anti-toxic
GGGCVNSFV,0.28812921101793354,anti-toxic
GIRDGNGSD,0.2881164234214826,anti-toxic
GGLVYYGFV,0.288113222560033,anti-toxic
GRFRFGGRF,0.288113222560033,anti-toxic
GVCSRGFVS,0.28808258882355253,anti-toxic
GSRRVYVGN,0.2880650184996135,anti-toxic
GVFCNDIVV,0.2880650184996135,anti-toxic
GLIGCYNYH,0.2880650184996135,anti-toxic
GIISGRFVD,0.2880650184996135,anti-toxic
GIVYRGGLR,0.2880650184996135,anti-toxic
GLDGLDSLR,0.2880650184996135,anti-toxic
GYYDCFVSD,0.2880650184996135,anti-toxic
GHFNFFCVY,0.2880650184996135,anti-toxic
GLLVDINIC,0.2880650184996135,anti-toxic
GVDLLRSYG,0.28804115485424775,anti-toxic
GFGFGRGVH,0.28802063026552915,anti-toxic
GFLRFFVFG,0.28801320265729197,anti-toxic
GHYNDYHFC,0.28793469757383344,anti-toxic
GLVGHRIGR,0.28790831834207614,anti-toxic
GFYDSYDLL,0.28790831834207614,anti-toxic
GVICCDYFH,0.28790831834207614,anti-toxic
GCLFSFVGD,0.28790831834207614,anti-toxic
GLCCIDGHN,0.28790831834207614,anti-toxic
GVLCFYDYD,0.2878685496060103,anti-toxic
GVCCVIDDV,0.28785987230689813,anti-toxic
GVGCCCGVR,0.28785039310265675,anti-toxic
GYYHCDFLD,0.28785039310265675,anti-toxic
GNRSRRGCN,0.28782853905902883,anti-toxic
GRRCGGHNR,0.2878184983806578,anti-toxic
GHRSVRRGC,0.287801729930226,anti-toxic
GVRISCHGY,0.2877859089258017,anti-toxic
GDCDDCYDS,0.2877772633246646,anti-toxic
GVRGRRHVV,0.2877772633246646,anti-toxic
GGYFDVFNH,0.28777181400434004,anti-toxic
GGCDCLVGN,0.2877680649961444,anti-toxic
GIRSFGHDG,0.28776457263366817,anti-toxic
GCLGNFSDD,0.2877632417259644,anti-toxic
GSNYHSCCF,0.2877403932332943,anti-toxic
GGRHFLSDH,0.2877115743442738,anti-toxic
GGVCIVRSD,0.2877033174027478,anti-toxic
GRLGIRGRR,0.2877033174027478,anti-toxic
GRYGYNCGG,0.2876660341059997,anti-toxic
GDGSGNVVG,0.2876660341059997,anti-toxic
GCLYYYLDS,0.2876660341059997,anti-toxic
GFCNFIFGV,0.2876660341059997,anti-toxic
GIVHGGCGS,0.28763432336290184,anti-toxic
GCLRGCCCG,0.2876296473201795,anti-toxic
GLVYFGGFY,0.2876285415966396,anti-toxic
GCLLFGGVS,0.28761442760817846,anti-toxic
GLRGVLCFD,0.28760702269454896,anti-toxic
GYVLVDNGS,0.28759713675011583,anti-toxic
GHRYCCCDD,0.28755292185587383,anti-toxic
GCCHVYVFG,0.28755292185587383,anti-toxic
GGIGHFCDD,0.2875513036515635,anti-toxic
GDFLGDICD,0.2875275252603341,anti-toxic
GLCRRFCGH,0.2875275252603341,anti-toxic
GINSRIRGG,0.2875127781684668,anti-toxic
GSIRGFFGH,0.2875059609473178,anti-toxic
GCFRVHNFY,0.28750314313131903,anti-toxic
GNYDSISGS,0.287499478214446,anti-toxic
GHRVVSDGF,0.287499478214446,anti-toxic
GRNVGIYSG,0.2874963546813356,anti-toxic
GDRCDGGIF,0.28747644381098053,anti-toxic
GRSCRFSRY,0.2874571884747073,anti-toxic
GVDDGVDHC,0.2874571884747073,anti-toxic
GFYDLRDDY,0.2874236146289248,anti-toxic
GNIFHISFR,0.287414633530584,anti-toxic
GVCGIDGNG,0.287414633530584,anti-toxic
GGILIFGFY,0.287414633530584,anti-toxic
GHLDDFIFH,0.287414633530584,anti-toxic
GNLIGLFHS,0.287414633530584,anti-toxic
GGDYNCGVV,0.28739909276438014,anti-toxic
GICHCHSSG,0.28739909276438014,anti-toxic
GLCGSYSVH,0.2873945151963096,anti-toxic
GLRVRVNGD,0.287386114997435,anti-toxic
GGSDSVSDY,0.28737511449130076,anti-toxic
GRSNHFLCG,0.2873656713566986,anti-toxic
GISHFGCVH,0.28731743160080514,anti-toxic
GSLRGDFVR,0.2873142931927064,anti-toxic
GFYSINSFV,0.2873057938217634,anti-toxic
GDYLYVVDV,0.287296219428423,anti-toxic
GSIGHLCGN,0.28728764153446956,anti-toxic
GDLGRDDSC,0.2872832804037353,anti-toxic
GHCLNDSHS,0.2872796756420202,anti-toxic
GHVCHCGHR,0.28727664618073195,anti-toxic
GYYVLDCGH,0.28727183808910906,anti-toxic
GVDYLGSVY,0.28725679110966434,anti-toxic
GDFLGDDVC,0.2872417111783479,anti-toxic
GYYHFVRCR,0.2872417111783479,anti-toxic
GSFHNVLYS,0.2872417111783479,anti-toxic
GRRNGIIHG,0.2872417111783479,anti-toxic
GFDYVVRCS,0.2872417111783479,anti-toxic
GFCGDCYCD,0.2872417111783479,anti-toxic
GCDDGGCGG,0.2872417111783479,anti-toxic
GLVNCCSGG,0.28722265021664267,anti-toxic
GRHINGCVF,0.28719001253155113,anti-toxic
GRSFRFNVH,0.28716835681926745,anti-toxic
GFCVRSSVH,0.28715359217999276,anti-toxic
GFYDCLHCR,0.28712553063622936,anti-toxic
GLSCSIVYN,0.2870942177206887,anti-toxic
GHIRLHFRR,0.2870942177206887,anti-toxic
GVFVVRDRV,0.2870942177206887,anti-toxic
GGNVLNHDF,0.2870942177206887,anti-toxic
GVCVGDHVY,0.2870854432971165,anti-toxic
GLFYCIGFL,0.2870712458615999,anti-toxic
GDCISVIDD,0.2870643395271574,anti-toxic
GIFGRCCCF,0.2870643395271574,anti-toxic
GFDCFYNLI,0.28705814182785716,anti-toxic
GFDIIVRVG,0.2870443494472062,anti-toxic
GFDFFDGSV,0.28701928122116654,anti-toxic
GLSHCFIFR,0.28701928122116654,anti-toxic
GFFLCHHFD,0.28701928122116654,anti-toxic
GDIDGFGGY,0.287009447433493,anti-toxic
GNFGCLIFR,0.2870041970997436,anti-toxic
GGINIFVHD,0.2870041970997436,anti-toxic
GHCCFVGVH,0.2869987039080498,anti-toxic
GVDCGIFIG,0.28698691828051265,anti-toxic
GGCVICSGG,0.28697393119952,anti-toxic
GLLFFDYGH,0.2869435343853761,anti-toxic
GGRYYVGSV,0.2869435343853761,anti-toxic
GIGRRDDGV,0.2869435343853761,anti-toxic
GFYGFVCDH,0.2869435343853761,anti-toxic
GSNICIVYG,0.2869318082643353,anti-toxic
GFSVCGCVG,0.2869310897042502,anti-toxic
GCCFGLSCD,0.286915786598771,anti-toxic
GCDDIGNDN,0.286915786598771,anti-toxic
GDSHFFGCR,0.286915786598771,anti-toxic
GCDYGLCCD,0.28690535297237485,anti-toxic
GFIGCGSCG,0.286882344602689,anti-toxic
GRCLDGYID,0.286873959325247,anti-toxic
GDFRDCGRR,0.28685595735706904,anti-toxic
GVFYGDNVF,0.28683941528106033,anti-toxic
GIDVGNCCF,0.286825387949243,anti-toxic
GCLYSGFVV,0.2868098312620052,anti-toxic
GYDSHNSHR,0.28680460460751084,anti-toxic
GFGLYHGFC,0.28680369350944457,anti-toxic
GNFVYFFYD,0.28678955654937094,anti-toxic
GFFSCSGNV,0.28678955654937094,anti-toxic
GDDIYDVVI,0.28678955654937094,anti-toxic
GCIRDCDFH,0.28678955654937094,anti-toxic
GFDIIFVYL,0.2867225306241043,anti-toxic
GCVGCRGCG,0.2867066680135905,anti-toxic
GIFYDVSFG,0.2867066680135905,anti-toxic
GYDGFDGGV,0.28668878047700713,anti-toxic
GHRGIFCCG,0.28668224895163524,anti-toxic
GYDFLFGCC,0.2866321749633387,anti-toxic
GYFVGSGLH,0.2866321749633387,anti-toxic
GIFIHDCDH,0.2866321749633387,anti-toxic
GVNGFGGGG,0.2866321749633387,anti-toxic
GGRHDCGHD,0.2866321749633387,anti-toxic
GCFLRLGSS,0.2866321749633387,anti-toxic
GCCFSIFDH,0.28661943401070544,anti-toxic
GIVFIFGFY,0.28660765309879405,anti-toxic
GIFGVHGHD,0.28660560583876843,anti-toxic
GFFVIYSVH,0.28660028024133977,anti-toxic
GVGDSHSVF,0.2865922844669859,anti-toxic
GYFSGYRFS,0.28658656777170816,anti-toxic
GHLICFVIN,0.28657407925301154,anti-toxic
GVNFIGSGG,0.28657071326839695,anti-toxic
GCGCGSSFG,0.28655217229535834,anti-toxic
GCRRLFLGS,0.28655217229535834,anti-toxic
GDLLLCSVG,0.28655217229535834,anti-toxic
GCFSSYRCG,0.28652530678040106,anti-toxic
GLCIRCCYG,0.28652530678040106,anti-toxic
GVSFSGFSD,0.28651551276298554,anti-toxic
GGSIGGYLR,0.2865081585648585,anti-toxic
GLVVRGSLC,0.28650374246738475,anti-toxic
GRCHHFYCG,0.2864808396601598,anti-toxic
GLFCCGFVH,0.286478345871845,anti-toxic
GHGIFVGLH,0.28647127549305623,anti-toxic
GVDDDHIHR,0.28647127549305623,anti-toxic
GLCLCYGLS,0.28646270741449803,anti-toxic
GVRYRGCCY,0.28643048709369273,anti-toxic
GLFVFHGFV,0.2864168401195404,anti-toxic
GLYGVVGLS,0.2863894694810911,anti-toxic
GDVCFRGHG,0.2863894694810911,anti-toxic
GFNRGDVIH,0.28634822071750315,anti-toxic
GISGFVVCG,0.28630673884327484,anti-toxic
GVYCSFCDD,0.28630673884327484,anti-toxic
GNDLYLGFI,0.28630673884327484,anti-toxic
GFFDSLVCS,0.28630673884327484,anti-toxic
GIGNIGVGG,0.28630673884327484,anti-toxic
GCGSGISVS,0.28629087449442453,anti-toxic
GHIFNHHVR,0.28626966876669535,anti-toxic
GFYGRHNVS,0.28624407460798784,anti-toxic
GYRFFYRGC,0.2861949657164442,anti-toxic
GFFVRDCCN,0.28618087462506214,anti-toxic
GHYGCHCVF,0.28618087462506214,anti-toxic
GSDGGVCDR,0.2861667567366953,anti-toxic
GCDFDGDYC,0.2861627181217085,anti-toxic
GFYVYDGRD,0.2861515228009138,anti-toxic
GVGCSIDFF,0.28613844026263613,anti-toxic
GNIFNGNGG,0.2861284204330902,anti-toxic
GVYGSVGYH,0.28611950259036256,anti-toxic
GVIRCCRDG,0.2861043177340856,anti-toxic
GYNHGLVNH,0.2861043177340856,anti-toxic
GHDVRGHSN,0.2860957626516576,anti-toxic
GHSFHLVVH,0.2860528396943284,anti-toxic
GVFVDGRFD,0.2860528396943284,anti-toxic
GIHNSCHFS,0.2860528396943284,anti-toxic
GHYRVYDFH,0.2860528396943284,anti-toxic
GRCCGHGCG,0.2860528396943284,anti-toxic
GHSILCSGD,0.2860528396943284,anti-toxic
GSCVFNYFR,0.2860445035077183,anti-toxic
GRFGDFDDV,0.2860356013399132,anti-toxic
GRRFFICGG,0.2860293230038175,anti-toxic
GFGSGFCLD,0.28602408703902293,anti-toxic
GLVYRNFVY,0.2860158517045345,anti-toxic
GYCHIVVDD,0.2859662492281053,anti-toxic
GYYRDGGSD,0.2859662492281053,anti-toxic
GVVNSCRYG,0.2859662492281053,anti-toxic
GNCDSGCLF,0.2859662492281053,anti-toxic
GFNGGDGDR,0.2859225774012393,anti-toxic
GGGVVNLGC,0.2859163178870761,anti-toxic
GYFFCFVLD,0.28588763677755064,anti-toxic
GFYGFGDFY,0.28587512648811875,anti-toxic
GSLVYDVYF,0.28584922552005365,anti-toxic
GRIVRIGCR,0.2858361105420484,anti-toxic
GICFCLLYN,0.2857900291072443,anti-toxic
GLLLDYDIG,0.2857900291072443,anti-toxic
GICCVGFVH,0.2857738044137932,anti-toxic
GGRYHDGIR,0.285741251156735,anti-toxic
GCDFSGIIY,0.2857401130699612,anti-toxic
GFYFGFNVG,0.28572114923494835,anti-toxic
GCDGLLHLY,0.2857199458147811,anti-toxic
GVYFNYNNY,0.28571323757987543,anti-toxic
GLDCYVRGG,0.28571323757987543,anti-toxic
GRYVFRCVD,0.28571323757987543,anti-toxic
GRCRGYVDV,0.2857003636827691,anti-toxic
GDVIDVFIS,0.2856823038228266,anti-toxic
GYHDFFCGG,0.2856823038228266,anti-toxic
GFDDCSNFC,0.2856823038228266,anti-toxic
GFFCCDNVN,0.2856745508485795,anti-toxic
GFFFFGCFD,0.2856551340970269,anti-toxic
GGDHCRFCD,0.28564796817179056,anti-toxic
GNNHNRSYD,0.28564275239236325,anti-toxic
GLIVFYGGD,0.2856285774282992,anti-toxic
GGLRGGCIY,0.2856096367964874,anti-toxic
GVGHRSRII,0.2856096367964874,anti-toxic
GNIVSVCYS,0.2856096367964874,anti-toxic
GVFGHSHYG,0.2856096367964874,anti-toxic
GFRGCGGFY,0.28556386939692946,anti-toxic
GHCLFHGFC,0.28555730900777376,anti-toxic
GFFCDIDGF,0.28555100579543263,anti-toxic
GFGHCRIRV,0.2855429760930713,anti-toxic
GFYFCDSFL,0.2855429760930713,anti-toxic
GYNGVSVYG,0.28552286533874827,anti-toxic
GFRHRDDVR,0.2855178294857336,anti-toxic
GCYGIYDDL,0.2855178294857336,anti-toxic
GICDIDVVR,0.28549404490882785,anti-toxic
GDYRSCRVD,0.28548698361179736,anti-toxic
GLHGCYVYS,0.28548698361179736,anti-toxic
GYDVCHGLR,0.2854550137577652,anti-toxic
GRCFVLYDH,0.2854482533109768,anti-toxic
GGRGVYDFY,0.2854418972393818,anti-toxic
GHVRRCVVR,0.28543304537732994,anti-toxic
GIYGCSGDI,0.28542492233340516,anti-toxic
GFIVLLDVI,0.2854105300455576,anti-toxic
GIFRFYVGN,0.28537805012118506,anti-toxic
GGFFVGSYG,0.28537805012118506,anti-toxic
GFLHNHVVG,0.28533500713746307,anti-toxic
GLFLDDGGY,0.28530721140114823,anti-toxic
GFHCRYGFV,0.2852920316482493,anti-toxic
GIVCFGHFV,0.28529157551765555,anti-toxic
GRVNCYRSG,0.2852357284807493,anti-toxic
GFCDGCVYS,0.2852357284807493,anti-toxic
GDHFHYCVD,0.2852357284807493,anti-toxic
GLYFCFCLD,0.2852357284807493,anti-toxic
GHDDDSVVH,0.2852357284807493,anti-toxic
GSCYYSRFH,0.2852357284807493,anti-toxic
GVLCVHDDS,0.2852357284807493,anti-toxic
GLLNHCGYC,0.2852357284807493,anti-toxic
GVVNSSCCN,0.2852357284807493,anti-toxic
GGVSGGGSD,0.2852357284807493,anti-toxic
GNCGIGSVH,0.28518963726479696,anti-toxic
GIRGIDRDC,0.28518561661524594,anti-toxic
GLIDRVHGH,0.2851808274653291,anti-toxic
GCCLLLVFS,0.2851698014245463,anti-toxic
GVVDGYGYH,0.28516359253142587,anti-toxic
GRYSVSGGV,0.2851587600300554,anti-toxic
GGCFIGRFR,0.2851570020268215,anti-toxic
GLDGFHDGH,0.28514327622241115,anti-toxic
GCHSFCGFF,0.2851366310514766,anti-toxic
GGFRRHSVH,0.2851305851605642,anti-toxic
GNCGDRGFY,0.2851305851605642,anti-toxic
GFDHLFNFH,0.28511999377469377,anti-toxic
GRYGDIGVY,0.28511999377469377,anti-toxic
GRDNGGDVY,0.28511999377469377,anti-toxic
GICVHGCGG,0.28511121387744126,anti-toxic
GNGLFHCVD,0.28510702956681194,anti-toxic
GYICCCCCS,0.28510702956681194,anti-toxic
GGFCLNVGG,0.28509775647402824,anti-toxic
GLCNRGHFV,0.28509079456253344,anti-toxic
GISFGGGIG,0.28509079456253344,anti-toxic
GLGIINCDG,0.28508103765742077,anti-toxic
GVCCDRGGD,0.2850698722702541,anti-toxic
GFVNGGRDG,0.28500769251756675,anti-toxic
GNSCSCDGF,0.28500255022983045,anti-toxic
GHFDSSCGD,0.28500255022983045,anti-toxic
GFSVDSSIH,0.28497621578590265,anti-toxic
GVYHYCVVH,0.28496606409338093,anti-toxic
GLFDGHHVH,0.2849431757705264,anti-toxic
GGLNNCGGN,0.2849431757705264,anti-toxic
GSCFLDSDH,0.2849232863939617,anti-toxic
GCCFRFDDF,0.28490049536344536,anti-toxic
GRHCVRGRY,0.28489598950947603,anti-toxic
GFVLGDRDY,0.2848833597134243,anti-toxic
GVLIIFGFN,0.2848741177338765,anti-toxic
GFLHGCFGS,0.2848432345707059,anti-toxic
GHLSFGCYS,0.28482309711298304,anti-toxic
GVCGYLSFR,0.28480078154213806,anti-toxic
GRFDRGCDD,0.28478556572274205,anti-toxic
GCLDCDVFL,0.28478556572274205,anti-toxic
GFCFIVGVR,0.28478111263069106,anti-toxic
GVSVVVVDY,0.2847512950987824,anti-toxic
GFHLRGGVI,0.28474803108878727,anti-toxic
GFDISLNFH,0.28474803108878727,anti-toxic
GDCGGNCFF,0.2847420436692571,anti-toxic
GVFCYFVDY,0.2847274844415817,anti-toxic
GFGRVLHRF,0.2847274844415817,anti-toxic
GVIGHIDCY,0.28470803159698804,anti-toxic
GFVDSDCCS,0.28470121212785643,anti-toxic
GYHYSYGYC,0.2846572362351867,anti-toxic
GVFVCVCDS,0.2846395794758118,anti-toxic
GFDLDGYYG,0.2846031071279505,anti-toxic
GRVRSVSDR,0.28459823187908395,anti-toxic
GDCDIVRFS,0.28455072126948583,anti-toxic
GYCDYGVHD,0.28453999349007325,anti-toxic
GVRGRLGVF,0.284535817802423,anti-toxic
GRGRGNSDY,0.28452515595205596,anti-toxic
GGLRNDGLC,0.2845242075648437,anti-toxic
GVSGDVVLV,0.2845149075984225,anti-toxic
GCDVGSCDS,0.2845149075984225,anti-toxic
GISGYGCDG,0.28450967175987707,anti-toxic
GGCLDYRVG,0.28448887622119157,anti-toxic
GRRSVSNSG,0.28448887622119157,anti-toxic
GICHGFHVS,0.28448344268394377,anti-toxic
GSYHRCVYH,0.28445557977729913,anti-toxic
GFIHLIRYN,0.2844518576307005,anti-toxic
GVYCGNIHR,0.2844307338445195,anti-toxic
GGFNISGCV,0.2844307338445195,anti-toxic
GSRYGFRCS,0.2844225949687234,anti-toxic
GFGVLYHFN,0.2843981303775244,anti-toxic
GIYCGIRDV,0.28438832434476374,anti-toxic
GNSVSGHNN,0.28438832434476374,anti-toxic
GGGSHDSLS,0.28438832434476374,anti-toxic
GDDCYCRFG,0.28438832434476374,anti-toxic
GLHYFCGLH,0.28437008242595807,anti-toxic
GVHRCNVHD,0.2843395901830223,anti-toxic
GFRHCVGRR,0.28432430216112853,anti-toxic
GVVHIYGFC,0.28432430216112853,anti-toxic
GCGSRDDLR,0.28432430216112853,anti-toxic
GISFRLCYH,0.2843089861031522,anti-toxic
GNHHFYGFL,0.2842939317052456,anti-toxic
GFCFYDVVH,0.28428852094735724,anti-toxic
GDYVNNVVI,0.2842782695698614,anti-toxic
GVCDGGVGS,0.2842597854140882,anti-toxic
GVCVGGGLC,0.2842597854140882,anti-toxic
GISFIGSCG,0.2842597854140882,anti-toxic
GSFFSVCSF,0.2842435782795015,anti-toxic
GHVGRGLRR,0.2842362010386227,anti-toxic
GFHYCLRHV,0.2842335469622328,anti-toxic
GDSCVSRGS,0.28421649665433113,anti-toxic
GYIRFGHCD,0.28417899896550863,anti-toxic
GFCHSNFGH,0.2841691894331801,anti-toxic
GHCYFDVCF,0.2841620703766857,anti-toxic
GFCGCCRDN,0.28412924512577986,anti-toxic
GYGSFISDF,0.28411107988895673,anti-toxic
GHLLRCVCG,0.28410289278498285,anti-toxic
GCGHRDVLH,0.28409157374770155,anti-toxic
GVCNFLFFG,0.2840797669734161,anti-toxic
GFFNHVFGG,0.28406005239215865,anti-toxic
GLVDHCVYG,0.28405718099520655,anti-toxic
GYDVCSVLG,0.28403831331040597,anti-toxic
GGYNIRGIG,0.28399665636520083,anti-toxic
GCNIGHFFC,0.28399665636520083,anti-toxic
GVCHLVYGL,0.28399665636520083,anti-toxic
GFFFLCGLD,0.28399665636520083,anti-toxic
GCNFRNSGY,0.28399665636520083,anti-toxic
GDNFNLDGR,0.28399665636520083,anti-toxic
GGLYLFVGG,0.28399665636520083,anti-toxic
GYCSHFYGR,0.28399665636520083,anti-toxic
GSVLDLSDH,0.28399665636520083,anti-toxic
GVYVGGRFR,0.28399665636520083,anti-toxic
GCGGHVIYD,0.28396755693258563,anti-toxic
GFLCYGSDN,0.2839594561011922,anti-toxic
GNCHGSCCF,0.2839407949615734,anti-toxic
GRNYDDGGV,0.2839396024394878,anti-toxic
GYICVYGHF,0.28391272661677014,anti-toxic
GFRLSSGGY,0.2838434390477171,anti-toxic
GVYDCYSFS,0.28384106032296685,anti-toxic
GVGVCDSGS,0.28381246417388967,anti-toxic
GVCCGHFSS,0.28380359368947056,anti-toxic
GHDYICRCG,0.28380359368947056,anti-toxic
GLDHVCGVY,0.28380359368947056,anti-toxic
GGVCLHRFR,0.28378301637635384,anti-toxic
GCRCHVDDF,0.2837756554155029,anti-toxic
GVFDCVDFC,0.2837709902224755,anti-toxic
GYRCFFDFN,0.28375573299342866,anti-toxic
GFNCGDSFC,0.28372513745551076,anti-toxic
GFLIFLVHL,0.28372513745551076,anti-toxic
GCYCFFCCD,0.2837054115916369,anti-toxic
GCCSRLDVY,0.283694433331499,anti-toxic
GDYGVCDCD,0.283682595017126,anti-toxic
GICHGCGIF,0.2836741737517177,anti-toxic
GGCVFFDNY,0.2836724350124022,anti-toxic
GYHGFIGCY,0.2836558995945585,anti-toxic
GLVDGYCSD,0.2836558995945585,anti-toxic
GLFFNHLCV,0.28362424432417,anti-toxic
GCIDHHIDC,0.28362424432417,anti-toxic
GCNRSFGFL,0.28362424432417,anti-toxic
GFLDNRFYV,0.28360610374724105,anti-toxic
GFVNIIGVC,0.28358610538277257,anti-toxic
GYYSVSVYD,0.2835392635036457,anti-toxic
GINIVHYCV,0.2835392635036457,anti-toxic
GVHFIVGIG,0.2835392635036457,anti-toxic
GYLCYIVVD,0.2835392635036457,anti-toxic
GSDGSCSGD,0.2835392635036457,anti-toxic
GVVFDCSVR,0.2835392635036457,anti-toxic
GLIVDLCCD,0.2835392635036457,anti-toxic
GGCRRDYCS,0.2835392635036457,anti-toxic
GVVHGVFVD,0.28351574808647545,anti-toxic
GGGFDSVFF,0.28351159174079565,anti-toxic
GRYCCGHHN,0.28351159174079565,anti-toxic
GLYGDGDVH,0.28350565068044853,anti-toxic
GICDNNFYH,0.2834896836780421,anti-toxic
GFFVSHVCN,0.2834448208628684,anti-toxic
GSSIRVIHY,0.2834448208628684,anti-toxic
GGHDFDLGD,0.2834448208628684,anti-toxic
GLYVRCCDH,0.28342329582813736,anti-toxic
GDLLRYSGN,0.28340403246350493,anti-toxic
GIYCYSVLD,0.2833527800694957,anti-toxic
GVSFVRGGN,0.2833493526419781,anti-toxic
GLYFVYGYY,0.28330122870354957,anti-toxic
GCHRLLCFH,0.28330122870354957,anti-toxic
GICVSCVGG,0.28330122870354957,anti-toxic
GFNGYCCVH,0.28330122870354957,anti-toxic
GCSCYVGFH,0.28330122870354957,anti-toxic
GIIRRVFGS,0.28327970286865123,anti-toxic
GFYYFDVFC,0.2832762340569482,anti-toxic
GFDVLIGLH,0.28324537448420656,anti-toxic
GSDLRIGRR,0.2832407040735439,anti-toxic
GGNCYGDCD,0.28321394210253154,anti-toxic
GFFCVHGLS,0.2832051109178269,anti-toxic
GIILRDYVR,0.28319721852896473,anti-toxic
GRILCNSVR,0.28319721852896473,anti-toxic
GFHLCLSGR,0.2831879140795278,anti-toxic
GRCVNIRRG,0.2831552718942769,anti-toxic
GNDFVGIVC,0.2831552718942769,anti-toxic
GGCVFGHIR,0.2831447543794273,anti-toxic
GRRICVDSY,0.28313626349152066,anti-toxic
GCDISYGDF,0.283118406355279,anti-toxic
GVFVRDIFF,0.283118406355279,anti-toxic
GHFGDGCFR,0.28310867960622427,anti-toxic
GVCDYCGGN,0.2830919805752409,anti-toxic
GLYDCLVYC,0.2830813884144193,anti-toxic
GGLSFVGGR,0.2830721100055933,anti-toxic
GSCSVFHHF,0.28305662465208026,anti-toxic
GYCGNGDGS,0.28305662465208026,anti-toxic
GRGRLIRGH,0.28305662465208026,anti-toxic
GGLYFNFFS,0.28305662465208026,anti-toxic
GCYYSGDSS,0.28304708192058053,anti-toxic
GLNFHGVIY,0.283042025782156,anti-toxic
GNFHRNGCF,0.2830200829494022,anti-toxic
GLFSSCFRV,0.2829854929703386,anti-toxic
GDCVDDIIF,0.2829854929703386,anti-toxic
GNYGGGHYY,0.2829659955862457,anti-toxic
GVGHRNVGG,0.2829568823782861,anti-toxic
GVGCSVGGH,0.282931773571185,anti-toxic
GFDCHNYDS,0.2829137959459355,anti-toxic
GVYCGRGIG,0.28288977013946764,anti-toxic
GICYVSHGR,0.28286118214736283,anti-toxic
GHFFFNGDV,0.2828500589795232,anti-toxic
GHCCVVGGH,0.2828443170549835,anti-toxic
GFCGICGLR,0.2828443170549835,anti-toxic
GFCRVHRRR,0.28283197476064786,anti-toxic
GVCSCHGYD,0.2828283249664869,anti-toxic
GGHVRLRSR,0.2828201613061973,anti-toxic
GCCDDIVGN,0.2828201613061973,anti-toxic
GCFSLDDGV,0.2828051755577821,anti-toxic
GDSCFLSGR,0.2828051755577821,anti-toxic
GHICSSSFH,0.2827855415478824,anti-toxic
GSDINHGVR,0.28277964309168796,anti-toxic
GDSDDFIFL,0.28277111636198626,anti-toxic
GHVICGCDG,0.2827686786896651,anti-toxic
GSHYNRFRR,0.2827686786896651,anti-toxic
GIRCDNVVF,0.282747419791768,anti-toxic
GSFVGLRSS,0.28274120995167146,anti-toxic
GLLNLNHVS,0.28274120995167146,anti-toxic
GSHVCSVLG,0.28273456717947704,anti-toxic
GHYCIDCLF,0.2827071636611317,anti-toxic
GGCRSLFID,0.2827026145744496,anti-toxic
GDCSYNCCG,0.2826885394668694,anti-toxic
GRCGSYCVG,0.2826767936831014,anti-toxic
GCIDFSFFD,0.2826767936831014,anti-toxic
GCLVFGCFD,0.2826668431846096,anti-toxic
GYSVCHRYG,0.28265089992168924,anti-toxic
GFFDFVDVF,0.2826269330433455,anti-toxic
GCFNSVVSG,0.28262121742644575,anti-toxic
GCSLVNRFC,0.28260691283719513,anti-toxic
GLIFLCDGS,0.2826062592708916,anti-toxic
GFCDLHLVS,0.28254658996996806,anti-toxic
GVFYSNFGN,0.28254658996996806,anti-toxic
GLFYYVCCS,0.28254658996996806,anti-toxic
GFYFYCFFD,0.28254658996996806,anti-toxic
GYRSDDGVC,0.28254658996996806,anti-toxic
GVCVVDSFI,0.28254658996996806,anti-toxic
GFSYICGRL,0.28254658996996806,anti-toxic
GFVNLDNLV,0.28254658996996806,anti-toxic
GIYDCCGCS,0.28254658996996806,anti-toxic
GCSVDVDFG,0.28254658996996806,anti-toxic
GRSRGRLCS,0.28254658996996806,anti-toxic
GLDSFDIYV,0.28254658996996806,anti-toxic
GVVNRHGLC,0.2825162801341807,anti-toxic
GCRFRGSGR,0.28249878387361255,anti-toxic
GCVNYCDGH,0.2824675770557315,anti-toxic
GDHVCDVVR,0.28245356341249483,anti-toxic
GIIVGRRRG,0.2824410890628773,anti-toxic
GVYSRNRHY,0.28242475114692084,anti-toxic
GRCVLVRGG,0.28242475114692084,anti-toxic
GCLHHCGLF,0.28240242582527386,anti-toxic
GGRFRDCNR,0.2823955047425256,anti-toxic
GGHIRHVGR,0.28238788560792305,anti-toxic
GYVLCFIDN,0.2823794572059645,anti-toxic
GNCVCSCCG,0.2823700833705447,anti-toxic
GLYVFVGVN,0.2823700833705447,anti-toxic
GFRCYGCSR,0.2823700833705447,anti-toxic
GFDGSYGIR,0.2823632272980851,anti-toxic
GGICFVSVD,0.2823595955722876,anti-toxic
GGLRGRDFG,0.282347782696227,anti-toxic
GVRIYCDCS,0.282347782696227,anti-toxic
GLYVVDFCS,0.28232697202247975,anti-toxic
GFIFVCFDS,0.2823190319443776,anti-toxic
GFFSDCFVD,0.2823190319443776,anti-toxic
GFIYDCVVC,0.2823190319443776,anti-toxic
GGHCRGDFR,0.2823134117190492,anti-toxic
GICGNGVVV,0.2822805596511422,anti-toxic
GCCFFNGCN,0.28225599478889957,anti-toxic
GRYCCFVVY,0.28225599478889957,anti-toxic
GRCIFGCCD,0.28222643184127555,anti-toxic
GFFYFSCGG,0.28219253138700334,anti-toxic
GSRCRDRYC,0.28219017264844265,anti-toxic
GFCVCGHVR,0.28219017264844265,anti-toxic
GNHNVRGNR,0.2821884089336625,anti-toxic
GFNNFNHSR,0.2821870403067159,anti-toxic
GINLRGRCG,0.28218191240894563,anti-toxic
GNGIDVGNN,0.28214465150360746,anti-toxic
GVRNCHNVD,0.28214465150360746,anti-toxic
GCIVGLVSD,0.2821267789349552,anti-toxic
GYYHFLLFY,0.2821230119768632,anti-toxic
GDGVCDFDD,0.2820463614767302,anti-toxic
GLFGVLRDY,0.28204142010737543,anti-toxic
GFGDNIDYF,0.2820206382298055,anti-toxic
GVFLHCNYD,0.28200675835055083,anti-toxic
GCGGLFGGY,0.2819875803910456,anti-toxic
GCCDDGFVV,0.28198257108302743,anti-toxic
GSSDDDLHS,0.281966989614485,anti-toxic
GVYFNSCCG,0.281966989614485,anti-toxic
GVGCRFHVH,0.281952398494185,anti-toxic
GLRYCGNFY,0.28193705375495887,anti-toxic
GCHLGVRGG,0.28193705375495887,anti-toxic
GHGFCFRVN,0.28192705422738273,anti-toxic
GYDIIGSGR,0.28189498522372014,anti-toxic
GGSVLDSYC,0.28189498522372014,anti-toxic
GDCVDSDGF,0.28189498522372014,anti-toxic
GLNIFRHCI,0.28189498522372014,anti-toxic
GLCVCCGLR,0.28188695113934703,anti-toxic
GGCRGNNIY,0.28187964156875545,anti-toxic
GIGRCNYHR,0.28185182981235624,anti-toxic
GFFYSDYFH,0.28184667929164176,anti-toxic
GFRFINCDD,0.281831533622774,anti-toxic
GCHRCCGSS,0.281831533622774,anti-toxic
GFFVGSRRY,0.2818233683508722,anti-toxic
GCGGFDGVV,0.28181973711092634,anti-toxic
GICVNIGLV,0.2818132224819722,anti-toxic
GHYFCDYSH,0.2818025526423553,anti-toxic
GVFCIYDHY,0.2818025526423553,anti-toxic
GVCDLLSVD,0.2817818906469233,anti-toxic
GFSRHVVDV,0.2817818906469233,anti-toxic
GCYCHHGFL,0.28176208539652814,anti-toxic
GLCDSLVVI,0.28176208539652814,anti-toxic
GCFRGDFVR,0.2817248404685946,anti-toxic
GINRNLGIR,0.2817248404685946,anti-toxic
GYFSRNLCD,0.2817248404685946,anti-toxic
GFCNVNYYN,0.2817248404685946,anti-toxic
GFFHGSRGG,0.2817248404685946,anti-toxic
GVCVGLVYY,0.2817248404685946,anti-toxic
GRLRYCVDR,0.2817248404685946,anti-toxic
GFHCDGSCG,0.2817248404685946,anti-toxic
GGRFIGHYY,0.2817107598849402,anti-toxic
GIRSHYDCD,0.2817057485032369,anti-toxic
GILSSYGYC,0.2816890120247428,anti-toxic
GLDHIFCDD,0.2816838828147798,anti-toxic
GGFNICGHH,0.28167422044616963,anti-toxic
GFSVGLLGR,0.28167104787771596,anti-toxic
GDYCDFYDY,0.28165305032347643,anti-toxic
GVLRRRSLI,0.2816290014564207,anti-toxic
GCYFSSSHG,0.28161695461984615,anti-toxic
GFCCDRFYD,0.2816014438256552,anti-toxic
GFCYFNGIR,0.2815883628635632,anti-toxic
GSCCCCDGH,0.28156639888055623,anti-toxic
GVIFGLGNG,0.28155164226813223,anti-toxic
GFCVCCDFD,0.28155164226813223,anti-toxic
GVGCLRDVY,0.28151829912171256,anti-toxic
GYRSFNNCS,0.2815078559615061,anti-toxic
GDGHCGDHC,0.2814878879400812,anti-toxic
GIFVNNLVF,0.2814878879400812,anti-toxic
GYCFFFIDS,0.2814878879400812,anti-toxic
GLCNLGSIH,0.2814344396006005,anti-toxic
GRNVHVYFD,0.2814344396006005,anti-toxic
GHHSFLFCS,0.2814344396006005,anti-toxic
GHFSFRNSG,0.2814344396006005,anti-toxic
GICCYVVGN,0.2813753076675112,anti-toxic
GLCVFGGIG,0.2813753076675112,anti-toxic
GRISDFFCR,0.28137152116776265,anti-toxic
GRILRYYVS,0.2813438577915531,anti-toxic
GRYIRGDCR,0.2813356876809944,anti-toxic
GFSCVFVIY,0.2813356876809944,anti-toxic
GCCDRYCYN,0.28132040665209096,anti-toxic
GSVSVFRHR,0.28130254878157696,anti-toxic
GCFDHGIDH,0.2812737980297275,anti-toxic
GNSVGCDVR,0.2812664014936856,anti-toxic
GICGCGHGC,0.28125457027439993,anti-toxic
GCCIVVGCR,0.2812513474891605,anti-toxic
GDRDCFVVG,0.2812359352251312,anti-toxic
GCYVGVSCG,0.28122721331399986,anti-toxic
GCCHHFVVR,0.28120245943204136,anti-toxic
GHDGSYDNF,0.28119575067900926,anti-toxic
GICYRSDVG,0.28119575067900926,anti-toxic
GFYFCYHLN,0.28119575067900926,anti-toxic
GLNFLGVVH,0.2811818025961502,anti-toxic
GCGGRFVHY,0.2811784787315869,anti-toxic
GFVCGDFDG,0.2811730750762419,anti-toxic
GLFLRRHRC,0.2811253606928636,anti-toxic
GCYRGCHGH,0.2811047360545582,anti-toxic
GCLFHGGLH,0.28109166572179367,anti-toxic
GCFVDIRLV,0.28104539773241377,anti-toxic
GVCNFVDSF,0.281012882142094,anti-toxic
GISCLVDDL,0.28099609035127077,anti-toxic
GFCFHCHCD,0.28099609035127077,anti-toxic
GFFLSNHHG,0.28098207565285227,anti-toxic
GIGLGYSYD,0.28098207565285227,anti-toxic
GYGFVHCFV,0.28098207565285227,anti-toxic
GGNFSSGDC,0.28097395291278293,anti-toxic
GDCVCCSYD,0.2809305202071035,anti-toxic
GFGHCRVHR,0.28091790545198236,anti-toxic
GYSCSCVFR,0.2809046429029913,anti-toxic
GGGIIGGFH,0.2809015331473289,anti-toxic
GLIDFFFVH,0.2808890845066663,anti-toxic
GFGCSNGVH,0.2808880634433365,anti-toxic
GYSNSFRLG,0.2808266095756942,anti-toxic
GCNGIFHCR,0.2808266095756942,anti-toxic
GVHNGFSLY,0.2808266095756942,anti-toxic
GFYGDDCVI,0.2808266095756942,anti-toxic
GRFCIGLNH,0.2808266095756942,anti-toxic
GIYGFDCFH,0.2808266095756942,anti-toxic
GCHGRFFYS,0.2808266095756942,anti-toxic
GFCRRFRSF,0.2808266095756942,anti-toxic
GVYVRRGIH,0.2808266095756942,anti-toxic
GVRLSRRVF,0.2808266095756942,anti-toxic
GCLNGLVFV,0.2808266095756942,anti-toxic
GFGVFGRII,0.2808266095756942,anti-toxic
GFRDYVHVF,0.2808266095756942,anti-toxic
GGVGLCVDL,0.2808266095756942,anti-toxic
GHFNHICGY,0.2808266095756942,anti-toxic
GIFGIDFGH,0.280787365507362,anti-toxic
GCHVCFDDF,0.28077828751924344,anti-toxic
GFFNGNDSC,0.2807615710908249,anti-toxic
GCIVSGNGG,0.28075673676049995,anti-toxic
GCHVLVGGR,0.2807445355922877,anti-toxic
GGYCIFGGH,0.28072973371495274,anti-toxic
GLLVRRRHC,0.2807216187660681,anti-toxic
GCFGSGHHY,0.28070841812527003,anti-toxic
GCRVDVLIR,0.280703247983641,anti-toxic
GLYVICNDG,0.2807004894987506,anti-toxic
GDRVVFVSG,0.2807004894987506,anti-toxic
GNRNFSLFG,0.2806976048274107,anti-toxic
GIYSLDGND,0.28069142063081953,anti-toxic
GCIVGNYGH,0.28062675016954247,anti-toxic
GCVFRLVYV,0.2806231453031027,anti-toxic
GRDCCCCVC,0.2806188628690764,anti-toxic
GNFRDNNSC,0.2806155308440041,anti-toxic
GCRLVRFVD,0.2806155308440041,anti-toxic
GFGIFLFGR,0.2806056058144224,anti-toxic
GFFDDVSFN,0.2806029769848088,anti-toxic
GSIRDDVFL,0.28058883542143653,anti-toxic
GNVGNFRYY,0.28058883542143653,anti-toxic
GCCYCFVVR,0.28058107205288346,anti-toxic
GVRCLYLCV,0.28055440995418357,anti-toxic
GFIRDICYY,0.28055440995418357,anti-toxic
GSIFSNVFI,0.28055440995418357,anti-toxic
GGYCFVCDH,0.28054266417041557,anti-toxic
GVIDRDYSS,0.2805406072723694,anti-toxic
GDCCCNGVG,0.28051315270037364,anti-toxic
GNCDCLNRR,0.2805083285193795,anti-toxic
GRCHVRGNR,0.28049426252913023,anti-toxic
GSYICCSFS,0.2804723437253106,anti-toxic
GCVGGCGFL,0.28044346488220373,anti-toxic
GCVCLGVDN,0.28044346488220373,anti-toxic
GSCVVLFYG,0.28044346488220373,anti-toxic
GCCVFHGIN,0.28044346488220373,anti-toxic
GGYYRLYDR,0.2804271848423951,anti-toxic
GFFISCHFY,0.28041554046606143,anti-toxic
GIFVLDCGS,0.28040945991159527,anti-toxic
GIRDDSVIY,0.28040319676853465,anti-toxic
GFDSIGNFY,0.2803453968041302,anti-toxic
GLNRGNIDG,0.2803453968041302,anti-toxic
GYDGCDFVV,0.2803453968041302,anti-toxic
GDYGRLNFR,0.2803453968041302,anti-toxic
GFVLGNCDD,0.2803453968041302,anti-toxic
GFFGLVGLS,0.2803453968041302,anti-toxic
GNYINYFVH,0.28031455859621385,anti-toxic
GCFFGSSID,0.28031249944533676,anti-toxic
GYLGGCCVY,0.2803005108052371,anti-toxic
GFSHGVFCD,0.28029050966574387,anti-toxic
GFYNFDVYF,0.28027477407336177,anti-toxic
GYYCYCGYH,0.2802699686285022,anti-toxic
GHCGVDGGY,0.28025375609523717,anti-toxic
GDCCDVGDV,0.28025260544662955,anti-toxic
GCHSYDVDV,0.2802342012422557,anti-toxic
GYRHGGCHS,0.2802310736827128,anti-toxic
GFYNFHFCR,0.2802149271056985,anti-toxic
GNFVSCGHF,0.28021015172640773,anti-toxic
GCCHSSGHC,0.28020136546841556,anti-toxic
GVGNFCYDR,0.2801919852807356,anti-toxic
GIDSFRVFD,0.28017985669086104,anti-toxic
GIYDVRGVY,0.28017985669086104,anti-toxic
GVYSCCCYD,0.28017985669086104,anti-toxic
GVFFNFCLG,0.28017985669086104,anti-toxic
GLHSVDCVG,0.28017985669086104,anti-toxic
GCLVRVCYD,0.28015897765035785,anti-toxic
GYFGGVRCY,0.2801525777434633,anti-toxic
GCDNCGGVY,0.28014371517859427,anti-toxic
GNFCFCVDR,0.28013670556738146,anti-toxic
GVFCFDIGD,0.2801320716347636,anti-toxic
GYYVVDFCG,0.28010936006187687,anti-toxic
GCNVRSFVG,0.2800873847471702,anti-toxic
GSLNDYGLH,0.2800631265512245,anti-toxic
GVYNYLVCY,0.2800577895662733,anti-toxic
GFFYHVIGN,0.28004550418185353,anti-toxic
GIGDFRGLN,0.28004550418185353,anti-toxic
GFRCGRGSS,0.28004550418185353,anti-toxic
GDIFVLNHG,0.28004550418185353,anti-toxic
GILGSFDLD,0.28000856149927156,anti-toxic
GFDSYGGNS,0.2800027165481339,anti-toxic
GNYYFYFDF,0.2800027165481339,anti-toxic
GISFLFVFD,0.2799873929244037,anti-toxic
GCDLLVDVG,0.27997767640338034,anti-toxic
GFCCCVGFI,0.2799714884883921,anti-toxic
GVGFGIFYG,0.27996916708215736,anti-toxic
GCCVYCCCG,0.2799549695803367,anti-toxic
GIFISDCCS,0.27993428445819224,anti-toxic
GNVVGIYGR,0.2799199401818742,anti-toxic
GVFDSFRFH,0.27987198469476654,anti-toxic
GLIRSISVD,0.2798652878843248,anti-toxic
GHDGCYYDD,0.2798406965940431,anti-toxic
GVDCYHVVV,0.2798406965940431,anti-toxic
GDFRHRCHG,0.2798406965940431,anti-toxic
GDISFDFCG,0.2798406965940431,anti-toxic
GCFISIGHD,0.27980498011868243,anti-toxic
GFLNSSFDG,0.27979564296239284,anti-toxic
GYGVRSDDS,0.27979564296239284,anti-toxic
GFYGYVCDC,0.2797796958941882,anti-toxic
GICVVDIFG,0.27977153591519593,anti-toxic
GSCDIHSVY,0.27977153591519593,anti-toxic
GFSCCDDSY,0.27977153591519593,anti-toxic
GRGVGDDVC,0.27976085571103426,anti-toxic
GFRLSVRGR,0.27976085571103426,anti-toxic
GVIHGCSYR,0.2797462744865067,anti-toxic
GCLFRGGLR,0.2797462744865067,anti-toxic
GVNCHDCFV,0.2797462744865067,anti-toxic
GFCDSLIFY,0.2797462744865067,anti-toxic
GSGGDHVYR,0.27973678596263385,anti-toxic
GDGCYCVFS,0.27973318465342645,anti-toxic
GRDDVCCGG,0.27973128873809144,anti-toxic
GCRDICDVG,0.27971977372484946,anti-toxic
GRDCFGVLY,0.2797106488368494,anti-toxic
GFFDVRFVG,0.27970003441243996,anti-toxic
GFYGCCHYS,0.27968285742025295,anti-toxic
GLLLCLDDF,0.27968041075280564,anti-toxic
GVHVRSLYV,0.27967101716937903,anti-toxic
GGDRFGRRN,0.27966694404845555,anti-toxic
GFYVNDVDG,0.27966694404845555,anti-toxic
GNHDFVGCV,0.27966267056904426,anti-toxic
GGCVRCHFR,0.2796490538100685,anti-toxic
GLHHCDCLG,0.2796318509627507,anti-toxic
GSSGLCCCD,0.2796318509627507,anti-toxic
GILVSRCFD,0.2796167757425224,anti-toxic
GIGLRSDVG,0.2796083914363762,anti-toxic
GVNVGVVFR,0.2796083914363762,anti-toxic
GSVYSGYGD,0.27957899457834867,anti-toxic
GFSNRHRVG,0.2795681013139166,anti-toxic
GVYSCNCVD,0.2795548825120569,anti-toxic
GIVHCFCVF,0.2795548825120569,anti-toxic
GRLLCDNFC,0.27954497469082606,anti-toxic
GRVCGFHGG,0.27954107983024284,anti-toxic
GLGNGVHYG,0.27954107983024284,anti-toxic
GCFVNVSVI,0.2795176809734228,anti-toxic
GINGVDYVC,0.27949031780787154,anti-toxic
GHLFCDFDG,0.27949031780787154,anti-toxic
GFSLGNIFH,0.279464846737696,anti-toxic
GIFSGHLCG,0.27944570385930867,anti-toxic
GCVGVFDYR,0.27944107807064156,anti-toxic
GGCVVYVSG,0.27941884665130384,anti-toxic
GCFCGNDHS,0.27941884665130384,anti-toxic
GCGVYCSVH,0.27941884665130384,anti-toxic
GCFCFDVIY,0.27941087611710946,anti-toxic
GLFVDDFSG,0.27938807072513827,anti-toxic
GSGRLHDHC,0.27938807072513827,anti-toxic
GRLNFCNGN,0.27938807072513827,anti-toxic
GFRIHGRVR,0.27938807072513827,anti-toxic
GDFVLIDSN,0.2793683806345991,anti-toxic
GFNFFCSFF,0.27934342008181484,anti-toxic
GYCCRDIYH,0.27933929825252785,anti-toxic
GCSHSVDVG,0.27933929825252785,anti-toxic
GCCFLFSYN,0.2793107459707449,anti-toxic
GDFSFLGYV,0.27930238571314026,anti-toxic
GRYNVCFDG,0.2792889959027848,anti-toxic
GLHHVDLFC,0.2792396608602002,anti-toxic
GDSFYFDNR,0.2792328665691369,anti-toxic
GVYLSCCCD,0.2792281286474788,anti-toxic
GGFGNLFCS,0.27920155816830844,anti-toxic
GCFFCYGFF,0.27920155816830844,anti-toxic
GSCCIGGVR,0.27920155816830844,anti-toxic
GVVGSNCVY,0.27920155816830844,anti-toxic
GSVYCGVVG,0.27918466250871743,anti-toxic
GLSRVRCRI,0.27917570715240775,anti-toxic
GFIVRCSGY,0.2791615807685561,anti-toxic
GDYIVHSDD,0.27914979482117885,anti-toxic
GIFCHHGFI,0.2791281542161514,anti-toxic
GSFVNGNGD,0.2791281542161514,anti-toxic
GCCVSGFFC,0.2791134141315741,anti-toxic
GRGVLSGRH,0.2791051141099415,anti-toxic
GVYDIHYIV,0.2790997902751883,anti-toxic
GISNYFYNS,0.2790997902751883,anti-toxic
GVFDDILSV,0.2790542548117753,anti-toxic
GGHFCDCGG,0.2790357019578133,anti-toxic
GVDNGVIFV,0.2790357019578133,anti-toxic
GRVSHISGG,0.2790357019578133,anti-toxic
GRGFFGFCS,0.2790357019578133,anti-toxic
GLSCRSVGG,0.2790300162471309,anti-toxic
GGNDHSLFG,0.27901425584626094,anti-toxic
GFCGDVRFR,0.27901099454879497,anti-toxic
GLIDVRSVF,0.27901035205809194,anti-toxic
GFCLDDNCY,0.2790047108077018,anti-toxic
GYVCCVCYD,0.27898987821924237,anti-toxic
GCFDCDLGG,0.27896918521235803,anti-toxic
GRLVFDISD,0.2789594765110352,anti-toxic
GVGLIGGLS,0.2789523172600723,anti-toxic
GVDHYVSGG,0.27892805143997207,anti-toxic
GSSGRYFVG,0.27891568137340894,anti-toxic
GLRYSFVRS,0.2789049494408229,anti-toxic
GHRCYGSCY,0.2789049494408229,anti-toxic
GFNVDDCLN,0.2789000993458198,anti-toxic
GFRLYGCGS,0.27887986770234563,anti-toxic
GSYYFGSGD,0.27886730549121985,anti-toxic
GDDDFVGVH,0.27885254034997703,anti-toxic
GFCVRFRGV,0.2788066315996869,anti-toxic
GIFVDILSD,0.2787536009528289,anti-toxic
GSVRVDFVY,0.2787536009528289,anti-toxic
GFFFVFCFS,0.2787536009528289,anti-toxic
GGFLFSDDF,0.2787536009528289,anti-toxic
GFHDYHSRG,0.2787536009528289,anti-toxic
GDHHYVGGH,0.2787536009528289,anti-toxic
GGGINGNGD,0.2787536009528289,anti-toxic
GFFSRFDGC,0.2787536009528289,anti-toxic
GVCFGGDFG,0.2787536009528289,anti-toxic
GCFCCFNGG,0.2787536009528289,anti-toxic
GFSSVCCRH,0.2787536009528289,anti-toxic
GYRLDDFVS,0.2787536009528289,anti-toxic
GVRLLGGCD,0.2786963099453053,anti-toxic
GCGCILSGN,0.2786916518075983,anti-toxic
GLGVIDYYH,0.27867584703947057,anti-toxic
GSYGHHVCG,0.2786617936420753,anti-toxic
GFRVFNFSG,0.2786617936420753,anti-toxic
GFICFCSDS,0.278632644405075,anti-toxic
GFIIFRGFH,0.27862588606236194,anti-toxic
GFHLVDIIG,0.278620300005833,anti-toxic
GFYDYIDNV,0.27861832779119855,anti-toxic
GHRYGCHLR,0.27860981863669915,anti-toxic
GISLVNNVD,0.27860981863669915,anti-toxic
GNFGHVGVV,0.27860981863669915,anti-toxic
GLCIISGSR,0.2786001671120162,anti-toxic
GGCGRCVHS,0.2786001671120162,anti-toxic
GHYRHIGFY,0.278589126615736,anti-toxic
GYCHGNCID,0.2785716721020627,anti-toxic
GVNSDDVLY,0.2785614777548701,anti-toxic
GINDIDHLY,0.27854384751629413,anti-toxic
GVIRRGGRL,0.2785301792818276,anti-toxic
GDVSFSYLC,0.27849669796876075,anti-toxic
GNYYHGSVF,0.27849669796876075,anti-toxic
GNVSNHGIG,0.2784403701553321,anti-toxic
GVVYCCGIR,0.27843748218460507,anti-toxic
GIFGNCFVC,0.2784289294608752,anti-toxic
GRSRYVDSY,0.2784151959294928,anti-toxic
GGRFFCGYH,0.2784002492307358,anti-toxic
GLVSGRHVF,0.27839630395044385,anti-toxic
GSYNRCFSD,0.27839630395044385,anti-toxic
GNYDISVSI,0.27836601102803743,anti-toxic
GGNHYSLFR,0.27836601102803743,anti-toxic
GDDHHFYDH,0.2783301055688046,anti-toxic
GYCCCHCVC,0.2783200651225638,anti-toxic
GFYNHFNHS,0.2782868685254215,anti-toxic
GFGRDCRGS,0.2782868685254215,anti-toxic
GGFGVRGYR,0.2782868685254215,anti-toxic
GIGIDYVLY,0.27826176116990625,anti-toxic
GRGLFGRCG,0.27826176116990625,anti-toxic
GICDRRHLY,0.2782527808144112,anti-toxic
GGFCCDVNR,0.27824535691366137,anti-toxic
GYYNVYVFG,0.2782421074347451,anti-toxic
GVVIHGCIV,0.2782337989974146,anti-toxic
GVVGVFNFG,0.2782252161873255,anti-toxic
GGYCICHVY,0.27821581407620205,anti-toxic
GVRYIDCGH,0.2781957402699534,anti-toxic
GLDGNSYGD,0.27816711270447697,anti-toxic
GRYDFGCDN,0.27816711270447697,anti-toxic
GVGHLDCFR,0.27814479713363205,anti-toxic
GGLYDGNLD,0.27813841325084665,anti-toxic
GIGCGCGCG,0.2781269132800115,anti-toxic
GFNVSNCDD,0.2781046737018673,anti-toxic
GGGVDLFSD,0.2781028974063601,anti-toxic
GYVSVDFFC,0.2781028974063601,anti-toxic
GFCDCDNYS,0.2781000350177419,anti-toxic
GHYSYCHFH,0.2780916226153067,anti-toxic
GNHGCDYDH,0.2780883291247774,anti-toxic
GFRVIVDSR,0.27808079759301263,anti-toxic
GYDGFRGLH,0.2780663483230729,anti-toxic
GFIGFFSGH,0.2780603933325422,anti-toxic
GSVCVIFDR,0.2780460887432916,anti-toxic
GCFDSRGIN,0.2780460887432916,anti-toxic
GVFIFFGLD,0.2780460887432916,anti-toxic
GLRRCDCGG,0.27802459841404653,anti-toxic
GICCDDCVY,0.27801902028396064,anti-toxic
GNFFSDCLR,0.2780156322418658,anti-toxic
GSCYFDFYH,0.2780156322418658,anti-toxic
GCLSRCLSG,0.27799731955683,anti-toxic
GFRFCGFVR,0.27799382812087003,anti-toxic
GDLFCSGCF,0.27796469159528775,anti-toxic
GHVLIYHFY,0.27796469159528775,anti-toxic
GDCDFLCID,0.27796469159528775,anti-toxic
GSCRDILYH,0.27796469159528775,anti-toxic
GDDHLLDCF,0.27796469159528775,anti-toxic
GRDFCGLFG,0.2779257280219641,anti-toxic
GLCGYNICS,0.2779237763866369,anti-toxic
GCVVSYRVG,0.2779165409791396,anti-toxic
GLLGGRRGG,0.2778901921557186,anti-toxic
GDVDNNVLG,0.27787838506044427,anti-toxic
GHYGCCHDH,0.27787555983881207,anti-toxic
GSCDVRGCH,0.2778621306119552,anti-toxic
GHGCIGIID,0.2778621306119552,anti-toxic
GLNDDLSDY,0.27784740452199896,anti-toxic
GFCGVVFID,0.2778217492811846,anti-toxic
GLRSLVSRR,0.27780015494550636,anti-toxic
GFDFGCSRL,0.27780015494550636,anti-toxic
GSCVSDDGL,0.27780015494550636,anti-toxic
GLLSVCRSH,0.27780015494550636,anti-toxic
GDCDGNFVS,0.27780015494550636,anti-toxic
GFGNIFSVL,0.27778671116888276,anti-toxic
GFSSLYDND,0.27778329077767966,anti-toxic
GLHYHVSCS,0.27775865325099314,anti-toxic
GLVCGNFLR,0.27775865325099314,anti-toxic
GIIDDFSCV,0.27775194553413385,anti-toxic
GNGRDHFCD,0.2777289182551304,anti-toxic
GGHRRLVYC,0.2777289182551304,anti-toxic
GLCFGNYFH,0.2777289182551304,anti-toxic
GSVFCGDHG,0.2777289182551304,anti-toxic
GFLVVHVDD,0.2777289182551304,anti-toxic
GLNFSSDYH,0.27769372326211544,anti-toxic
GCGCSVHYN,0.2776891531603901,anti-toxic
GLFCCSYVD,0.2776891531603901,anti-toxic
GHGFLNLFS,0.27767520328543815,anti-toxic
GLGHGLGRR,0.27767520328543815,anti-toxic
GCLIGVVDY,0.27764617710950124,anti-toxic
GVCGLCHFR,0.27762336093455553,anti-toxic
GCRVYDGLF,0.27762336093455553,anti-toxic
GSNFHSVDR,0.27758979190826033,anti-toxic
GFDRHNCVG,0.27758979190826033,anti-toxic
GCCIDNDCY,0.2775873176553346,anti-toxic
GYYYLFFYY,0.27757983136832654,anti-toxic
GCDCIVDSD,0.2775488998144583,anti-toxic
GSFYCGLVH,0.2775488998144583,anti-toxic
GVCFILGCG,0.2775488998144583,anti-toxic
GGLHFYNGD,0.2775488998144583,anti-toxic
GSIHDRRNR,0.2775488998144583,anti-toxic
GNCRGDGNR,0.2775017732904141,anti-toxic
GIYVGLLHR,0.2775017732904141,anti-toxic
GFRSFGGDR,0.2774739633149361,anti-toxic
GFFRFVGDI,0.27746393561935145,anti-toxic
GICGIGYCD,0.27745080958662105,anti-toxic
GYCCDSGVY,0.27745080958662105,anti-toxic
GVDIFRHNR,0.27745080958662105,anti-toxic
GLDFSGVCH,0.27743288686281253,anti-toxic
GVGRRNGCY,0.2774212224706302,anti-toxic
GFYSGNVCG,0.27740695031755697,anti-toxic
GFCVSYDDI,0.27740695031755697,anti-toxic
GYFLYHSFD,0.27740695031755697,anti-toxic
GSGGFYDCC,0.2773890858358736,anti-toxic
GVIDYSGIH,0.2773890858358736,anti-toxic
GLFNFYIDG,0.2773783541684798,anti-toxic
GDDNVCVFR,0.27736607746618774,anti-toxic
GGSCFDVCY,0.27736607746618774,anti-toxic
GNFIVDDVR,0.277359251566072,anti-toxic
GGVDCDYYG,0.2773549057602641,anti-toxic
GSSNCDSHG,0.2773549057602641,anti-toxic
GHNVGNYVS,0.2773518961903484,anti-toxic
GYLCGDFFR,0.27734666722318896,anti-toxic
GDDRGGIDH,0.277331262885873,anti-toxic
GVHCNHSFG,0.2773226458463802,anti-toxic
GLVDNGFFY,0.2773226458463802,anti-toxic
GCFGFSVDS,0.27730617064742896,anti-toxic
GHGRDGGVN,0.27729214870919533,anti-toxic
GIRDVYGYC,0.27729214870919533,anti-toxic
GSLRFRFLG,0.27729214870919533,anti-toxic
GFLVSSCCS,0.27728007004301264,anti-toxic
GCCVDVILC,0.2772695568564109,anti-toxic
GIYHIGRLR,0.27726327370623244,anti-toxic
GFCYGFHRR,0.2772426056470947,anti-toxic
GCFVNCDFI,0.2772426056470947,anti-toxic
GFIIILDGV,0.27720531238996826,anti-toxic
GRIGDFVCG,0.27719738665734583,anti-toxic
GHHGGGHCG,0.277180385170452,anti-toxic
GIYGRYFLS,0.27716937127339186,anti-toxic
GCCIRLDHL,0.27716165548928884,anti-toxic
GVCSLNDDV,0.27711783825856984,anti-toxic
GLSDSLISS,0.27711783825856984,anti-toxic
GRDDIVDVC,0.27711783825856984,anti-toxic
GDILLHHVD,0.27711783825856984,anti-toxic
GLFNCVDYH,0.27711783825856984,anti-toxic
GIYIGCNGH,0.27709079373498147,anti-toxic
GCCCVYHGY,0.2770778645384529,anti-toxic
GYFRIIGGH,0.2770778645384529,anti-toxic
GCGGFIFGG,0.2770501120234379,anti-toxic
GFHDCSSVG,0.2770384154983765,anti-toxic
GDDRCDHVN,0.27703775691314425,anti-toxic
GIFLNSRYR,0.2770358881721104,anti-toxic
GCVDFDCVG,0.27702971926021475,anti-toxic
GFCSYDCFF,0.27702971926021475,anti-toxic
GFVVGNRLG,0.27701988814382844,anti-toxic
GRHFCFHNG,0.27701410137000704,anti-toxic
GFRGSICVD,0.27701410137000704,anti-toxic
GNSNFLHRY,0.27699175479654237,anti-toxic
GGINSLVVR,0.2769409482356628,anti-toxic
GYRIRLNIN,0.27692544270237174,anti-toxic
GNNFCCYDG,0.27689631594726183,anti-toxic
GFSVLGDVR,0.27689631594726183,anti-toxic
GGLNYVYDC,0.27687817461256536,anti-toxic
GGGSLLFHH,0.27687316530454714,anti-toxic
GRLFVHHHH,0.27687144867467905,anti-toxic
GGGCFDCFR,0.2768643343218633,anti-toxic
GFGYGYRDH,0.27682156003315983,anti-toxic
GIYYYVNGH,0.27682156003315983,anti-toxic
GVSGHDYGD,0.27682156003315983,anti-toxic
GRYIFIYYN,0.27680011603948046,anti-toxic
GGFGCGSDR,0.2767614209370444,anti-toxic
GIFRNILIS,0.2767614209370444,anti-toxic
GVVVNNGCN,0.2767614209370444,anti-toxic
GVCVDLSSG,0.27671199346508496,anti-toxic
GHGGGCGCR,0.27671199346508496,anti-toxic
GHFHIDIGD,0.27670793310128455,anti-toxic
GCCVGGDFY,0.27669741762370137,anti-toxic
GINGSVVHG,0.2766706498045365,anti-toxic
GSGVISGHC,0.2766706498045365,anti-toxic
GHLFYNRVR,0.2766275970677574,anti-toxic
GNYSIFFDI,0.27662500906234716,anti-toxic
GGYRGVRGR,0.2765944867408444,anti-toxic
GYCDIFVCG,0.27655622628078064,anti-toxic
GLSCYDGLY,0.27655622628078064,anti-toxic
GGCGIGVVF,0.276535922183818,anti-toxic
GYCLRLIVY,0.27651986881426965,anti-toxic
GDFVNGGIS,0.2765178457865748,anti-toxic
GYSICGRVY,0.2765016495314907,anti-toxic
GSYRSSSCD,0.2764870545864553,anti-toxic
GHCYYCVVG,0.2764697005083365,anti-toxic
GIIYRHCLH,0.27644072242852974,anti-toxic
GSCFSGHVH,0.27644072242852974,anti-toxic
GCVIRCSVR,0.27644072242852974,anti-toxic
GIHFNIGGY,0.27644072242852974,anti-toxic
GCFVVDVCC,0.27643691695041256,anti-toxic
GCDGDLFII,0.27642081218120695,anti-toxic
GVCFRFCSG,0.27641490665342067,anti-toxic
GVVIHDDVN,0.2763973735697726,anti-toxic
GRVIHCVFR,0.2763722681494442,anti-toxic
GGDFRGHDR,0.2763722681494442,anti-toxic
GRFVFSSGG,0.2763675601715599,anti-toxic
GFGDGSFDH,0.27634753118695055,anti-toxic
GCRNDYFVR,0.27632315462987633,anti-toxic
GVGDRVVFR,0.2763039076138233,anti-toxic
GVDLLDVSG,0.2762850101622933,anti-toxic
GNYVSSSVR,0.2762738123397832,anti-toxic
GFNFFHICS,0.2762452350276893,anti-toxic
GNNGNVHHR,0.27620641193894907,anti-toxic
GCVGFFGIG,0.27620641193894907,anti-toxic
GYYRCFCDH,0.27620641193894907,anti-toxic
GFGRRDLHG,0.27620641193894907,anti-toxic
GICLRIVGG,0.27620641193894907,anti-toxic
GSICGFNSV,0.27620641193894907,anti-toxic
GSRFIRRHV,0.27620641193894907,anti-toxic
GVINVLRCG,0.27620641193894907,anti-toxic
GYINVVGNV,0.2761537350655867,anti-toxic
GISIFDSGV,0.2761114322815113,anti-toxic
GGDCSVVDV,0.27603830878921976,anti-toxic
GGVINVRFR,0.27603830878921976,anti-toxic
GSILGNYVH,0.2760219198028257,anti-toxic
GVCVDVCVD,0.2760157228110103,anti-toxic
GSFSGRGRN,0.2760157228110103,anti-toxic
GVCSSLDGV,0.2760157228110103,anti-toxic
GFHNIRGSC,0.275994354082244,anti-toxic
GFYFGHCFI,0.27598612561319985,anti-toxic
GFLFSSVVR,0.2759675917614141,anti-toxic
GYCGDHCVG,0.2759675917614141,anti-toxic
GFFDGVRVI,0.27594565271051896,anti-toxic
GNVVHNVSD,0.27594565271051896,anti-toxic
GSFLLSGIC,0.27594565271051896,anti-toxic
GRDHDCYFR,0.27591927508095004,anti-toxic
GIDSYCHDV,0.2759039784435076,anti-toxic
GYCGSNSHG,0.2758969121678128,anti-toxic
GHVVYVDCV,0.2758957022266059,anti-toxic
GYNFYDVFV,0.27588696030122584,anti-toxic
GGSYVYHVR,0.27588696030122584,anti-toxic
GFCCVFGGH,0.27588696030122584,anti-toxic
GFCVVLVHR,0.27588696030122584,anti-toxic
GYFRFDCFG,0.2758627905329082,anti-toxic
GSDHDFRNS,0.2758610485156567,anti-toxic
GCYVFGHLH,0.27585390016480343,anti-toxic
GFFLSDFLR,0.27584644964573235,anti-toxic
GLGSDVSCS,0.27584644964573235,anti-toxic
GVCRSVLVD,0.27584644964573235,anti-toxic
GFGDGGGDI,0.27583980819413834,anti-toxic
GCCFGGGYI,0.2758329170608001,anti-toxic
GCDSRSFYR,0.27582208051395235,anti-toxic
GYVVGNRVI,0.2758168053084389,anti-toxic
GYCSGFHCG,0.2757941722479078,anti-toxic
GCVYRSLHC,0.2757941722479078,anti-toxic
GFFIYDSFC,0.2757941722479078,anti-toxic
GGCDNDDSF,0.2757941722479078,anti-toxic
GLYNFCSFR,0.2757941722479078,anti-toxic
GSYFFNLIR,0.27578655017147696,anti-toxic
GFRVYCFDH,0.27577539316408745,anti-toxic
GSSYLCHGS,0.27574998049188865,anti-toxic
GVCHGRVDN,0.2757437812886468,anti-toxic
GYYRSVGCF,0.2757437812886468,anti-toxic
GSCRGGRVG,0.2757437812886468,anti-toxic
GSICRHRLH,0.27572413039921095,anti-toxic
GFCFFCCFF,0.27572413039921095,anti-toxic
GVGDSVCRF,0.27572413039921095,anti-toxic
GDRISGVCG,0.27572413039921095,anti-toxic
GFRVRRGVI,0.275695176468609,anti-toxic
GFCRDSGCR,0.2756913109363514,anti-toxic
GSDCCSVGG,0.2756793554641846,anti-toxic
GIFRRLIND,0.2756793554641846,anti-toxic
GIDVDIYGG,0.27566938394681123,anti-toxic
GVYHCRYVC,0.2756625239756871,anti-toxic
GFSVRCGIV,0.2756482644750241,anti-toxic
GSIYDVFVC,0.27564458200043496,anti-toxic
GLRYFYVNN,0.2756419217706594,anti-toxic
GFCLDYCFN,0.27563991000712723,anti-toxic
GFLLFNYYS,0.2756254158898865,anti-toxic
GLRCCDSVV,0.2756254158898865,anti-toxic
GYFCFFFFR,0.2756254158898865,anti-toxic
GYCCFSGCV,0.2756079156589127,anti-toxic
GYFDGNHID,0.27559972381913156,anti-toxic
GGSVVCGYC,0.2755771135395406,anti-toxic
GCFCRDVRD,0.2755736062289955,anti-toxic
GDDDHVVIY,0.2755523986315695,anti-toxic
GCLVYLRYN,0.2755440746412822,anti-toxic
GFDSCDGGR,0.2755336085791328,anti-toxic
GRCIDSGLC,0.27552005149280584,anti-toxic
GYFLYFDCC,0.27551165178133724,anti-toxic
GCFGNDSVN,0.27551165178133724,anti-toxic
GFSVVRGVR,0.27551055294841764,anti-toxic
GDCRLDSGR,0.27547589119159305,anti-toxic
GVCLDFCFR,0.27544800801082503,anti-toxic
GFNCCFHLH,0.27544577472669396,anti-toxic
GGIHGSCFG,0.2754411351208368,anti-toxic
GCVFVGGYV,0.27543885272993546,anti-toxic
GIIYLYSDN,0.27543624950639334,anti-toxic
GSCLSFVFH,0.2754073418296161,anti-toxic
GHRDFDRLR,0.27540592456975654,anti-toxic
GCNYYIDIV,0.27540290665534817,anti-toxic
GVDCFLHFR,0.27536800534284467,anti-toxic
GYDFGYGVN,0.27536800534284467,anti-toxic
GVVSHGICD,0.27536800534284467,anti-toxic
GSVRGNSRR,0.27536800534284467,anti-toxic
GFYVSDSLR,0.27536800534284467,anti-toxic
GNGVDCRGD,0.2753485134279865,anti-toxic
GCYSVHHGR,0.2753358639513333,anti-toxic
GLCGCYDNY,0.2753358639513333,anti-toxic
GFVVRRCIV,0.27532459542907933,anti-toxic
GVSLGCFDS,0.27532459542907933,anti-toxic
GLNHVLVDG,0.27529557377903663,anti-toxic
GYCFCVHFY,0.27527644481293123,anti-toxic
GVYRGYGYH,0.275259204405557,anti-toxic
GYDVDIFGS,0.275259204405557,anti-toxic
GGVYGRRVV,0.275255679330928,anti-toxic
GCDGSCVYS,0.2752227320576957,anti-toxic
GHGSFVSGR,0.2752227320576957,anti-toxic
GVIFGCDDY,0.2752227320576957,anti-toxic
GSGHGRSRL,0.2752227320576957,anti-toxic
GIDYYVVNG,0.2752227320576957,anti-toxic
GRYRNGVVG,0.2752227320576957,anti-toxic
GCFDFFSCS,0.2752227320576957,anti-toxic
GYGCIGCCG,0.27520944376940876,anti-toxic
GCNGFFFHR,0.275197764712729,anti-toxic
GHCDGLVDV,0.275193479743543,anti-toxic
GVNHDSGGR,0.275189700418862,anti-toxic
GSCSYVCGD,0.2751781913180122,anti-toxic
GVFIGDFVC,0.2751294256910454,anti-toxic
GVHRRSYCD,0.2751294256910454,anti-toxic
GVIDSGFSD,0.27512649899100794,anti-toxic
GCCHISRDR,0.27509426156958144,anti-toxic
GNGCIVGCR,0.27507580412331323,anti-toxic
GLLDVHHVC,0.2750714573750895,anti-toxic
GIIDIVIGS,0.2750668455958215,anti-toxic
GGRHCGCVG,0.27506443262751107,anti-toxic
GYRCDYSSS,0.27506443262751107,anti-toxic
GRYGDYDDC,0.27505672369135215,anti-toxic
GGLFCVGYH,0.2750511532781268,anti-toxic
GRCVCVGYV,0.2750295453332879,anti-toxic
GCRGGSSCG,0.2750165632990632,anti-toxic
GLYHGFFIH,0.2750165632990632,anti-toxic
GSFRHFSNR,0.2749597623361259,anti-toxic
GFNDNFHRY,0.2749507710732287,anti-toxic
GSSDCFCVH,0.2749507710732287,anti-toxic
GRFCDGHRY,0.2749507710732287,anti-toxic
GCFFINCFY,0.27494442734973984,anti-toxic
GRYCISSVH,0.2749354939146141,anti-toxic
GFIYRFVVR,0.2749271930997761,anti-toxic
GLYFCDSLR,0.2749271930997761,anti-toxic
GFRLVHVYN,0.2749271930997761,anti-toxic
GFCSRNRSD,0.2749271930997761,anti-toxic
GGNFRIRYR,0.2749271930997761,anti-toxic
GDHRSIGGR,0.27490948161420425,anti-toxic
GCCCRFCCG,0.27490271270283023,anti-toxic
GIDRRDDCR,0.2749019074031719,anti-toxic
GHVDYCDCD,0.27487305854290905,anti-toxic
GLNDSIGNG,0.27486204729872343,anti-toxic
GFYVGCVYR,0.2748566678508547,anti-toxic
GSIHFFSVY,0.2748233073243966,anti-toxic
GCFDGINID,0.27477686989144545,anti-toxic
GVNLGYCSG,0.27477343332408494,anti-toxic
GVNVRRCIH,0.2747647691814446,anti-toxic
GDCVYRDFD,0.27476006033577255,anti-toxic
GCFCRFFNL,0.27475246186350105,anti-toxic
GCHRDIFLC,0.2747465971799062,anti-toxic
GNRLHNHRC,0.27470105694163205,anti-toxic
GVSSFVYVC,0.27470105694163205,anti-toxic
GFSIVSGIY,0.27470105694163205,anti-toxic
GFRCDSDIF,0.27470105694163205,anti-toxic
GIFSYCNFG,0.27466704131742015,anti-toxic
GDSCGFRSS,0.27463950290823536,anti-toxic
GRGGDLHLR,0.27462828032111763,anti-toxic
GCSIYCVCD,0.2746167524704553,anti-toxic
GYRRSVYDH,0.27457766029869274,anti-toxic
GSIFFSSDY,0.27455510013235934,anti-toxic
GFFVCYGDV,0.27455510013235934,anti-toxic
GSNNYFVLF,0.27454562795748455,anti-toxic
GFCGRSGCF,0.2745426915413242,anti-toxic
GHGIFHSYN,0.2745404153707591,anti-toxic
GRFDHGHLL,0.27453627056822516,anti-toxic
GGSYIYHLH,0.27451407864542005,anti-toxic
GFYCIDHRR,0.27449994812493195,anti-toxic
GLGVNNFDG,0.2744911345262487,anti-toxic
GDICSCGFL,0.2744623680200408,anti-toxic
GCGGYRGDN,0.27445935701039403,anti-toxic
GRVGLSVHS,0.2744465129379186,anti-toxic
GNYGHNDGL,0.2744465129379186,anti-toxic
GDHFDFYCG,0.27443627991799835,anti-toxic
GYGGGICDR,0.27443222717018634,anti-toxic
GGFRFCNFY,0.27443222717018634,anti-toxic
GCYFCLGCG,0.2744256017270951,anti-toxic
GNCSFGYFH,0.27440201783190116,anti-toxic
GCSFFVDVC,0.2743982368373912,anti-toxic
GFCGRDDRN,0.2743982368373912,anti-toxic
GSSRGGSFL,0.27437780089254094,anti-toxic
GFFIGCNCG,0.27434139275386826,anti-toxic
GIFDIGFVC,0.27434139275386826,anti-toxic
GHYRHSGCH,0.2743273631151307,anti-toxic
GGFNLGSLR,0.2743273631151307,anti-toxic
GSSFSCNFR,0.2743153259615689,anti-toxic
GGDFLDYCC,0.2742957424167365,anti-toxic
GFVSHGVCF,0.2742957424167365,anti-toxic
GDVSCNGLY,0.2742957424167365,anti-toxic
GFIFGSGVI,0.2742740640039782,anti-toxic
GFVIGLDYC,0.2742630392727287,anti-toxic
GFNFCSCDN,0.27425827578324014,anti-toxic
GDFNINRHY,0.27425188801939904,anti-toxic
GCLYLFGVY,0.27424626426437265,anti-toxic
GHRCFDLGS,0.2742368190760446,anti-toxic
GDYNCHVYV,0.2742368190760446,anti-toxic
GGNRSGFGD,0.27422291698151874,anti-toxic
GISGRFDLH,0.27422291698151874,anti-toxic
GFSFISHFG,0.27422291698151874,anti-toxic
GHFRGDDDV,0.2742193103787533,anti-toxic
GCDGYNRVR,0.27421317692563163,anti-toxic
GCDGSGNVG,0.2741757218323321,anti-toxic
GILCGRRSC,0.2741578492636798,anti-toxic
GFLYVSGGC,0.2741578492636798,anti-toxic
GVSVFDCVH,0.2741578492636798,anti-toxic
GHNIGCCCS,0.2741578492636798,anti-toxic
GCYVFGGDH,0.2741578492636798,anti-toxic
GHRFDDYSS,0.2741578492636798,anti-toxic
GHRVCGCFS,0.274135200859101,anti-toxic
GVSVHLRVY,0.2741220326390335,anti-toxic
GICFRRRGV,0.27410735284110066,anti-toxic
GHYHCGCCG,0.27409936236278976,anti-toxic
GGFRDRGFC,0.27409936236278976,anti-toxic
GCCCYDDLD,0.27409936236278976,anti-toxic
GRYCDRGII,0.2740883677049518,anti-toxic
GFYGDCDCS,0.2740722824262632,anti-toxic
GGVSFDDGC,0.2740722824262632,anti-toxic
GLCSLFRSD,0.27406622181263174,anti-toxic
GGYGDHRLG,0.2740465059783877,anti-toxic
GFFGSLLLG,0.2740465059783877,anti-toxic
GSCCHSGRR,0.2740465059783877,anti-toxic
GIYCNLGSS,0.2740465059783877,anti-toxic
GIFGCHSFG,0.2740393676146287,anti-toxic
GCGRHVGYC,0.27403743767854494,anti-toxic
GGLCCGHLR,0.2740185257907735,anti-toxic
GVCCFGFLR,0.27400578832582617,anti-toxic
GSCHRCGVV,0.27398804663223625,anti-toxic
GGFYCNSGR,0.2739772728478207,anti-toxic
GFFVDVICG,0.27395471807106025,anti-toxic
GIFGSSGGC,0.27395471807106025,anti-toxic
GCVGGYGFC,0.2739503316347249,anti-toxic
GVCVCNHHY,0.27390511106198223,anti-toxic
GNCFVFDRF,0.27387774962036643,anti-toxic
GDCFCDVVR,0.27387774962036643,anti-toxic
GLCSDFCLG,0.2738604107848754,anti-toxic
GNFDFVHFG,0.27385199610051403,anti-toxic
GRRFYSGCI,0.27383725785007895,anti-toxic
GCFDGIIGG,0.27382771281151985,anti-toxic
GRHNYVNYH,0.27382771281151985,anti-toxic
GVRVCGVLG,0.2737830805231189,anti-toxic
GSFVDCGYF,0.2737712004338891,anti-toxic
GLFRSSFVS,0.2737640674047043,anti-toxic
GGSRSDSFV,0.2737559107973192,anti-toxic
GFIGRCVCS,0.2737507018992387,anti-toxic
GVVNFVVNS,0.27374302199964784,anti-toxic
GNGCYGCVS,0.27370686845274633,anti-toxic
GRCHYGRHS,0.273674075423554,anti-toxic
GLYYNFNFC,0.273674075423554,anti-toxic
GISGRGHGH,0.2736441951743487,anti-toxic
GVSNRYFGS,0.2736257070841859,anti-toxic
GYVHRSLYS,0.27357994567620597,anti-toxic
GRYFVDDLN,0.2735761159357559,anti-toxic
GVRRRSGIV,0.27357308844904865,anti-toxic
GFCICDDFR,0.27357180069478393,anti-toxic
GFVDCSFLL,0.2735641943485168,anti-toxic
GLGGDGVGH,0.27355557269023273,anti-toxic
GLYFNCGIR,0.2735472111449364,anti-toxic
GGCFGLRIL,0.27352737083419476,anti-toxic
GFCCCGRFR,0.27350892201271826,anti-toxic
GLYSGGHYG,0.27350892201271826,anti-toxic
GGGLYCNGG,0.27350892201271826,anti-toxic
GFSNGCHGY,0.27350253011224196,anti-toxic
GCCDLFSHG,0.2734862464099509,anti-toxic
GFFDYFCYD,0.2734819522255952,anti-toxic
GCRRRFGIG,0.27344647403189265,anti-toxic
GVCRGDLLG,0.27344647403189265,anti-toxic
GHGCVGFFD,0.27342067768001527,anti-toxic
GFVGLDCSD,0.27342067768001527,anti-toxic
GSCDVVVNG,0.27342067768001527,anti-toxic
GVVVSFVFN,0.27339770703595084,anti-toxic
GHVYCFGCR,0.27339770703595084,anti-toxic
GVFDCYFDR,0.2733856763846328,anti-toxic
GCDDRYVFF,0.2733771219200848,anti-toxic
GRCNCYCVD,0.27335856906612277,anti-toxic
GVYCCFVFY,0.2733365051810416,anti-toxic
GFNCLVGHD,0.27332646450267045,anti-toxic
GVFCDSGHV,0.2733183249404485,anti-toxic
GVYDFSSYV,0.27331248274126363,anti-toxic
GLGGINCIL,0.27330593323505536,anti-toxic
GVRRVVRCG,0.27330465627579803,anti-toxic
GNCCVYGRR,0.27328784052144856,anti-toxic
GDCHRVGIR,0.27328227788519033,anti-toxic
GLGDHGYVI,0.27327692709165485,anti-toxic
GISFCNSLR,0.2732701018351833,anti-toxic
GLHGGRRGG,0.2732486628319785,anti-toxic
GVYGISIVI,0.27324048687667263,anti-toxic
GYNYFVIDC,0.27323736583519664,anti-toxic
GFGCFCHGN,0.2732256556811823,anti-toxic
GCDDFVVCI,0.2731856467138867,anti-toxic
GYCNRSRDL,0.2731810669253009,anti-toxic
GFIFSRRCI,0.2731533625860076,anti-toxic
GGCRCYIDR,0.27312695416037613,anti-toxic
GLVFRSHVF,0.2731255159444029,anti-toxic
GVGYGLVLS,0.27311051479652426,anti-toxic
GCYDCVGVF,0.27310889057052135,anti-toxic
GFIRHDVLG,0.2731073139350747,anti-toxic
GVFRVDCGV,0.27300127206373764,anti-toxic
GHSLFGLNI,0.27300127206373764,anti-toxic
GVCFLDGHG,0.27300127206373764,anti-toxic
GNDLICGCR,0.27300127206373764,anti-toxic
GHNGSSCYD,0.27300127206373764,anti-toxic
GNVSHDVVG,0.27300127206373764,anti-toxic
GDGGFVGIG,0.27300127206373764,anti-toxic
GLFSFGYSD,0.27300127206373764,anti-toxic
GSDLSIVGS,0.27300127206373764,anti-toxic
GNRDGDVDG,0.27300127206373764,anti-toxic
GCGFGDCCY,0.27300127206373764,anti-toxic
GFCYCFFLH,0.27300127206373764,anti-toxic
GCGFDVFDH,0.27300127206373764,anti-toxic
GFVRGGCVG,0.27300127206373764,anti-toxic
GFNVSSGVC,0.27294947476128456,anti-toxic
GCGGGLRFD,0.2728877161781637,anti-toxic
GFCVDYLDN,0.27286658622550414,anti-toxic
GFCLCFSFS,0.27284303031234103,anti-toxic
GYGNIDFVG,0.27284303031234103,anti-toxic
GISNRSCSG,0.2728060396568071,anti-toxic
GNYLFCSVF,0.2727792320068014,anti-toxic
GCHVRRNGG,0.2727579016556299,anti-toxic
GGYCYGGFF,0.2727579016556299,anti-toxic
GIRRGLNFS,0.2727200843026016,anti-toxic
GNRVDIRHR,0.2727200843026016,anti-toxic
GNFRYGFGD,0.2726758359436738,anti-toxic
GCRFDVLLC,0.27266835178533927,anti-toxic
GLFVGDNVS,0.27266835178533927,anti-toxic
GCFYGHDDH,0.27264660117272876,anti-toxic
GVCCGSVCG,0.27263462410451594,anti-toxic
GYLSVCGRR,0.27263462410451594,anti-toxic
GHGLYSGCF,0.2726182874177136,anti-toxic
GYFGDNHGR,0.27260081608155745,anti-toxic
GVGGRGGHC,0.2725932922480105,anti-toxic
GHRLCGVVY,0.2725556132438164,anti-toxic
GDCGFFDFD,0.2725102663789853,anti-toxic
GDNGGGSDN,0.27250653745709014,anti-toxic
GHHVIGDYN,0.27250351329073513,anti-toxic
GGVCFYRNI,0.2724989070778167,anti-toxic
GHCFSFSVR,0.27249302802457004,anti-toxic
GNCIDNCDY,0.27249302802457004,anti-toxic
GFIGVNSVY,0.27247453521092835,anti-toxic
GDVCVCRFG,0.2724476780029236,anti-toxic
GGHSCSNSG,0.2724460126196681,anti-toxic
GLYVCYVFY,0.27243319548580996,anti-toxic
GDCGDSGIF,0.27243319548580996,anti-toxic
GFCCFYGHV,0.27243319548580996,anti-toxic
GCDIVSGCH,0.27241793486132354,anti-toxic
GVNDGSVFR,0.2724018316898909,anti-toxic
GLRYCGSRV,0.27238481421445115,anti-toxic
GRFLRFVND,0.27238481421445115,anti-toxic
GRHRCGVVL,0.27238481421445115,anti-toxic
GFDVCFHHG,0.27238481421445115,anti-toxic
GCLYDHCVG,0.2723573957680326,anti-toxic
GICFDCGVF,0.2723573957680326,anti-toxic
GLCVSDSCC,0.272327424788282,anti-toxic
GCFSGFRRS,0.2722582530939567,anti-toxic
GRVGRHSLL,0.2722582530939567,anti-toxic
GCDCYDLFD,0.2722582530939567,anti-toxic
GGSLVDYSG,0.27222643781377664,anti-toxic
GCLVFGVIN,0.27221195304253726,anti-toxic
GFFDCCGDN,0.27221050376382566,anti-toxic
GYNDRCRDY,0.2722063239591069,anti-toxic
GFGDGYFDY,0.27220366948527513,anti-toxic
GFSIVHNHG,0.2721732556415074,anti-toxic
GRHSHRFRL,0.2721732556415074,anti-toxic
GFCGDGCFR,0.2721732556415074,anti-toxic
GFGCSSCLG,0.2721732556415074,anti-toxic
GSDRVDHCG,0.27214659081447345,anti-toxic
GYCHGLGDH,0.2721404303906016,anti-toxic
GILRRYDVF,0.2721404303906016,anti-toxic
GYYDRVRFG,0.27212581739816577,anti-toxic
GCRDYYGDH,0.27212302205381583,anti-toxic
GFRRCGISF,0.27212302205381583,anti-toxic
GGIRVSCYD,0.27211223494282805,anti-toxic
GCFVDSNVG,0.27211223494282805,anti-toxic
GDHRRFCLG,0.27210824636335246,anti-toxic
GFNRGNDLG,0.27209554810271364,anti-toxic
GFFSCDLFY,0.2720821299600139,anti-toxic
GVGHVFISV,0.2720662997286646,anti-toxic
GSLGYGCVI,0.2720662997286646,anti-toxic
GDVDIVSSN,0.2720662997286646,anti-toxic
GVRFYYIDV,0.2720662997286646,anti-toxic
GCIHGGYFR,0.2720457282637292,anti-toxic
GYYYFGDYC,0.2720438131528497,anti-toxic
GCVFYHDYD,0.27200174462161103,anti-toxic
GNHNHVGGC,0.27200174462161103,anti-toxic
GIIDNDGIY,0.2719971225252843,anti-toxic
GFGFSCVGS,0.2719693589956944,anti-toxic
GVFDSCVFR,0.2719660046321325,anti-toxic
GSRCCGGDH,0.27194189925750284,anti-toxic
GFGIGLVGH,0.2719276139596741,anti-toxic
GFCVHCGLH,0.2719276139596741,anti-toxic
GHHLGNVFV,0.2719276139596741,anti-toxic
GLHGHRSRG,0.27189478870876815,anti-toxic
GRNGCDVFV,0.27187176692276777,anti-toxic
GCCYCCHYR,0.27184160653649897,anti-toxic
GFYGGVGVF,0.27184160653649897,anti-toxic
GRLGCDDHY,0.27184160653649897,anti-toxic
GRYRGLHHC,0.27182272457819495,anti-toxic
GCNSCCGSS,0.27182272457819495,anti-toxic
GRNYFDFVV,0.2718003780047303,anti-toxic
GLGDHRSCG,0.2718003780047303,anti-toxic
GGYFHDCYV,0.27177931466442967,anti-toxic
GLSDNVGLF,0.2717712241553542,anti-toxic
GVLRYSVIL,0.2717406195619937,anti-toxic
GHRLLDFVG,0.2717406195619937,anti-toxic
GFSYVRHCL,0.2717406195619937,anti-toxic
GGNCGIRCG,0.2717406195619937,anti-toxic
GISVCVDFD,0.2717406195619937,anti-toxic
GFYSRSNYH,0.2717406195619937,anti-toxic
GCFRSGLIF,0.2717406195619937,anti-toxic
GHVICHSGG,0.2717406195619937,anti-toxic
GLCVRLDIG,0.2717406195619937,anti-toxic
GSFGVLDCC,0.2716993936393367,anti-toxic
GFIDIGDIC,0.2716867502389398,anti-toxic
GYGRCYGLF,0.27168323013582446,anti-toxic
GFSLICGRR,0.2716792178254424,anti-toxic
GIGDRRVVH,0.2716746023114442,anti-toxic
GFVNDHYVC,0.2716746023114442,anti-toxic
GFISCDDNH,0.2716629212914754,anti-toxic
GDHSRCFGD,0.27164621797877153,anti-toxic
GVSFCVNSC,0.27164621797877153,anti-toxic
GGFYYVCVY,0.2716055735452012,anti-toxic
GNDVYRDGF,0.27160128863943084,anti-toxic
GVYVLCNDD,0.27160128863943084,anti-toxic
GFIRGDFVG,0.27159071925994444,anti-toxic
GCIFLHNGY,0.2715892842588147,anti-toxic
GCCGCCGVR,0.2715750163257056,anti-toxic
GGNGIDHNH,0.27154167061915485,anti-toxic
GYDNDDFLN,0.2715365338054639,anti-toxic
GCCDFDCLH,0.2715265864977319,anti-toxic
GSFRCLSVH,0.2715265864977319,anti-toxic
GNDCYVCDR,0.2715193981554428,anti-toxic
GFDGHGSGS,0.2715097039739916,anti-toxic
GCLSFIDLI,0.2715034686349501,anti-toxic
GCYINDCGY,0.2714991212340451,anti-toxic
GFLGNVVCF,0.2714747521022651,anti-toxic
GYRYSRRVC,0.2714747521022651,anti-toxic
GLSCFRRGG,0.2714747521022651,anti-toxic
GSVRDCDCD,0.2714576178043558,anti-toxic
GCVRGCHDH,0.2714449129128685,anti-toxic
GLFDHCFVC,0.27143342024575967,anti-toxic
GCFDVRFVS,0.27142733227561944,anti-toxic
GDIFISGVC,0.27142733227561944,anti-toxic
GLDDYNGVC,0.27142216877274034,anti-toxic
GICRGCDCG,0.27140752905718035,anti-toxic
GFSFGVNDV,0.27138978790715834,anti-toxic
GHCFHGCLG,0.27138159251192473,anti-toxic
GSCCLHDGD,0.2713782061341637,anti-toxic
GFSCVSVVI,0.27137687189407456,anti-toxic
GSDVCVHGC,0.27135932499676085,anti-toxic
GVFVRHLVV,0.27135932499676085,anti-toxic
GFYLGDDDD,0.27135932499676085,anti-toxic
GYRHHFFRR,0.27134990102136985,anti-toxic
GIHRNFSFS,0.27133999939960995,anti-toxic
GNGVDCSDH,0.2713230688309508,anti-toxic
GYSCINHFL,0.2713230688309508,anti-toxic
GCGDFCHGY,0.2713168698931635,anti-toxic
GFDVDDCIG,0.2713153667305915,anti-toxic
GIGCDVGDF,0.2712948082497206,anti-toxic
GCCYYCDYY,0.2712948082497206,anti-toxic
GCYICFCLN,0.2712948082497206,anti-toxic
GIHYCCCGG,0.2712948082497206,anti-toxic
GFFDGGVSC,0.2712948082497206,anti-toxic
GFCYSCRYN,0.2712948082497206,anti-toxic
GVRRRVRLC,0.2712878435470526,anti-toxic
GIDHFGCYG,0.2712699193153781,anti-toxic
GSYYVNGNG,0.27121376652788143,anti-toxic
GFSFNNYCD,0.27119960436645507,anti-toxic
GDSLHRGIG,0.2711879313002693,anti-toxic
GFRVNFHFG,0.27113791562061523,anti-toxic
GHGSHFVCG,0.2711250785874785,anti-toxic
GLDGIFNDS,0.2711107092061873,anti-toxic
GNDYDYCVY,0.2711107092061873,anti-toxic
GCLDVVDCG,0.27110726783245787,anti-toxic
GHCCGFRHR,0.2710922822564066,anti-toxic
GFCFVFHLY,0.27106677228653797,anti-toxic
GCLSRYGYH,0.27106677228653797,anti-toxic
GRNRYIHLR,0.27106677228653797,anti-toxic
GFCCIFYYR,0.27106677228653797,anti-toxic
GIYCYCSVF,0.27106677228653797,anti-toxic
GVCHRHRGS,0.27106677228653797,anti-toxic
GIDRGDLVN,0.27106677228653797,anti-toxic
GFHCLSDGF,0.27106677228653797,anti-toxic
GRISRRCVG,0.27106677228653797,anti-toxic
GFNFCGNYD,0.27106677228653797,anti-toxic
GNRLFDSIN,0.27106677228653797,anti-toxic
GIDVYVVGN,0.27106677228653797,anti-toxic
GFYVVFCLS,0.27106677228653797,anti-toxic
GHRYHCCVF,0.2710207445739303,anti-toxic
GIFFSYGIG,0.27100756780387475,anti-toxic
GNCFCVDVY,0.2709679679448757,anti-toxic
GYIFDYHVG,0.2709679679448757,anti-toxic
GFDINGVCR,0.2709647174201529,anti-toxic
GCNYIDFVV,0.2709514371426114,anti-toxic
GLRIHSRFH,0.270944625054147,anti-toxic
GVDFYVSYC,0.270944625054147,anti-toxic
GFDICCCFD,0.2709282634408724,anti-toxic
GFYCCGDDY,0.27088845387635335,anti-toxic
GGIVLYVDV,0.27088845387635335,anti-toxic
GCFCLIRYD,0.27088845387635335,anti-toxic
GDCDFDIGF,0.27087757843388216,anti-toxic
GGNVRSYCL,0.27087757843388216,anti-toxic
GFGDDDISI,0.27087757843388216,anti-toxic
GVYGYFCSS,0.27087757843388216,anti-toxic
GFSYDVCDS,0.2708451369247983,anti-toxic
GVCGRVLFD,0.27083521030723,anti-toxic
GCDGCGVVS,0.27083521030723,anti-toxic
GLSFCYVSD,0.27083521030723,anti-toxic
GRFFFSHVN,0.27082435280946315,anti-toxic
GCGDVFDCF,0.2708165305729574,anti-toxic
GCSIVGVDG,0.27079457266502727,anti-toxic
GLSLCLSGD,0.27079457266502727,anti-toxic
GVGVNFCVG,0.2707884675785821,anti-toxic
GFIRYGSVY,0.2707683906314457,anti-toxic
GCSCVIGYF,0.2707545289158031,anti-toxic
GSYCSLRVH,0.2707533154112174,anti-toxic
GCDINYYCD,0.27074872431779906,anti-toxic
GCRIRGRDY,0.2707451917595135,anti-toxic
GYYRDNSGH,0.2707180813951423,anti-toxic
GYRCHDVRR,0.2707180813951423,anti-toxic
GSVDCDDSR,0.27070947528415285,anti-toxic
GYRGVIRDY,0.2706928639707999,anti-toxic
GVNSFNDCD,0.2706788361447064,anti-toxic
GLSCYCGYH,0.27064736667026035,anti-toxic
GNCRGSFFH,0.27064736667026035,anti-toxic
GYCFRCGDY,0.27064736667026035,anti-toxic
GFDYRRCVV,0.27064736667026035,anti-toxic
GVLFSIGLC,0.27062157031838296,anti-toxic
GDFLLDGSV,0.2706169592148372,anti-toxic
GYSVFDGLC,0.2706169592148372,anti-toxic
GSHCYLVHG,0.27059239268513585,anti-toxic
GFDCGDFDR,0.2705817979403247,anti-toxic
GLLYRSCLF,0.27056984592287864,anti-toxic
GDCFSHGVN,0.2705661445862564,anti-toxic
GGSCRVRRS,0.2705661445862564,anti-toxic
GCCSFDCGG,0.2705551352960027,anti-toxic
GVCGINSVG,0.27054067351608085,anti-toxic
GYICYRYSG,0.27052821866350385,anti-toxic
GSSVCGCVG,0.27052821866350385,anti-toxic
GGCGRVFYN,0.2705253704106016,anti-toxic
GIVHRGNHS,0.27051738007930287,anti-toxic
GFDFFDFGS,0.27051247166004294,anti-toxic
GDLDSCLRV,0.27049812690993336,anti-toxic
GCIISVCVS,0.2704919284145197,anti-toxic
GCRCSDHDG,0.2704919284145197,anti-toxic
GFVYCRDIC,0.2704919284145197,anti-toxic
GCDCFCVDC,0.27048944041224016,anti-toxic
GVRLRSVGN,0.270476297033234,anti-toxic
GCCVRGYCG,0.2704459080179626,anti-toxic
GVHCLNCVG,0.270423849175927,anti-toxic
GVCDYFVFR,0.27041663072514766,anti-toxic
GCDVGGSDC,0.27041090332437734,anti-toxic
GRYCNSSVN,0.2703991403612016,anti-toxic
GFDVYDDVC,0.2703918778509479,anti-toxic
GFCFHDRIN,0.27038765646105095,anti-toxic
GFHGDYVGG,0.27038338193009975,anti-toxic
GFRCVNRHN,0.2703611758975292,anti-toxic
GRSVHGRCN,0.2703611758975292,anti-toxic
GRSRFSHLH,0.2703611758975292,anti-toxic
GFDYVFDFL,0.27031451018191965,anti-toxic
GLRGCFGGR,0.2703095018559545,anti-toxic
GHVDVFDLC,0.2702953786878127,anti-toxic
GVCVGCSDG,0.2702824722707208,anti-toxic
GRSGGGRCL,0.2702706318584432,anti-toxic
GCIGLVVFD,0.2702645765684407,anti-toxic
GVDGCHFVC,0.2702275556352475,anti-toxic
GFDHRRVVI,0.2702160482497616,anti-toxic
GDLIRGCGG,0.2702160482497616,anti-toxic
GRLRFSCVD,0.27019029472990924,anti-toxic
GFGNISCCD,0.27019029472990924,anti-toxic
GFIRCGSFG,0.27017365668826737,anti-toxic
GLYHVYCLH,0.27016993256276284,anti-toxic
GFYHCHRNI,0.2701534291909114,anti-toxic
GYIHGFDVR,0.2701534291909114,anti-toxic
GDFCCYFDR,0.2701534291909114,anti-toxic
GFFVFFSSD,0.2701373319881481,anti-toxic
GFYFRDDIF,0.2700962814203305,anti-toxic
GYVRCSRDR,0.2700962814203305,anti-toxic
GCGDYNLVC,0.27008085930488684,anti-toxic
GCFYCDNFC,0.27006953997258926,anti-toxic
GRCSDLYDH,0.2700358056732366,anti-toxic
GLRGRGVIG,0.2700257143004444,anti-toxic
GCSFCGGGD,0.2699957619240124,anti-toxic
GHFCGCNDD,0.2699957619240124,anti-toxic
GLFGRFCYN,0.2699957619240124,anti-toxic
GSCDVLDHD,0.2699957619240124,anti-toxic
GIDRYVDVF,0.2699957619240124,anti-toxic
GYYIIHRGN,0.2699957619240124,anti-toxic
GLYDYCGGR,0.26996994256774887,anti-toxic
GRYCGFRFD,0.2699621100327939,anti-toxic
GCGIHVDDV,0.2699621100327939,anti-toxic
GCGCLDVLG,0.26995746266194753,anti-toxic
GCYVRRSVH,0.26993037090049005,anti-toxic
GICGYLYCG,0.2699216312620754,anti-toxic
GCHDVDCGD,0.2699163226551055,anti-toxic
GVCFCDDVF,0.26991019508659575,anti-toxic
GVFRDVDLC,0.26991019508659575,anti-toxic
GIIRFCNLH,0.26991019508659575,anti-toxic
GCNSSFSNS,0.2698564756874422,anti-toxic
GNSGVCCFD,0.2698364754810373,anti-toxic
GIFSNSVID,0.2698241548954422,anti-toxic
GCVCRLHCD,0.2697927494243927,anti-toxic
GSLHDLVGD,0.2697723019335392,anti-toxic
GLFDSCVGD,0.2697723019335392,anti-toxic
GYRDHCIGH,0.2697723019335392,anti-toxic
GHDDNCFVI,0.26973253319747337,anti-toxic
GILDGDDCV,0.2697078636821778,anti-toxic
GIRCLSFDS,0.2697054719754319,anti-toxic
GGIYCSSDR,0.2696902434577347,anti-toxic
GGFGGSSDD,0.2696796919573053,anti-toxic
GLGCIDVCY,0.2696719496716366,anti-toxic
GYFCCYFFY,0.26966602651837446,anti-toxic
GVGVVCDYY,0.26966602651837446,anti-toxic
GCYVYNYSG,0.2696376399593778,anti-toxic
GIGCRYVLH,0.2696376399593778,anti-toxic
GCFGNVDVY,0.26962153141235706,anti-toxic
GFCNVYGND,0.26960390546694574,anti-toxic
GSRLCIGLS,0.2695912025264267,anti-toxic
GFIRFNRFH,0.2695816128056004,anti-toxic
GRHGVYHFD,0.2695816128056004,anti-toxic
GFGFCCSYN,0.2695631545748603,anti-toxic
GDLYDSSCG,0.2695631545748603,anti-toxic
GLHHRLCID,0.2695631545748603,anti-toxic
GRIFYGGFC,0.2695455991660052,anti-toxic
GSCSSNIFV,0.2695455991660052,anti-toxic
GSCDVCHGR,0.26953436494257,anti-toxic
GGLLRDGYL,0.26952482658243376,anti-toxic
GYDRCCVGD,0.26951294421791633,anti-toxic
GRHNLGFCG,0.26951294421791633,anti-toxic
GIRDNIYGR,0.26951294421791633,anti-toxic
GFCHDCFFH,0.26951294421791633,anti-toxic
GYYRSGNYR,0.26951294421791633,anti-toxic
GHYHLNYFH,0.26951294421791633,anti-toxic
GFVSLVDCF,0.26948893412934855,anti-toxic
GFCVGDRFC,0.26948319903918455,anti-toxic
GIFLNDDGV,0.26948319903918455,anti-toxic
GFDSVYFSC,0.2694796662222751,anti-toxic
GCDCFFGFY,0.26946929872449704,anti-toxic
GFVNYNFCD,0.26946929872449704,anti-toxic
GCFYSNSCN,0.26946929872449704,anti-toxic
GFICLFHVD,0.26946929872449704,anti-toxic
GYYNVSSIS,0.26945480962417406,anti-toxic
GGGDVRGVF,0.2694495481909585,anti-toxic
GGSVDGCVS,0.2694468282916524,anti-toxic
GFFGIVGDV,0.26943100959227884,anti-toxic
GYVRFGCLD,0.26943100959227884,anti-toxic
GFRCVHRGH,0.26943100959227884,anti-toxic
GGCVYGVYG,0.26940799146682476,anti-toxic
GLLGCLRGY,0.2694017434793999,anti-toxic
GVGGRVGDH,0.26939083991349116,anti-toxic
GHCLYFGFV,0.2693892854113305,anti-toxic
GCFCRYDSC,0.26936698740864357,anti-toxic
GNYFNSCVS,0.26936698740864357,anti-toxic
GRVCFVLDR,0.26936698740864357,anti-toxic
GGRCRIVHS,0.26936698740864357,anti-toxic
GCYDFHGCN,0.26936698740864357,anti-toxic
GCVSDNVHY,0.2693079840145031,anti-toxic
GFDCYLYCG,0.26930427612066216,anti-toxic
GSRCGYHYR,0.2692550240983472,anti-toxic
GSVCRGCVG,0.2692464155137981,anti-toxic
GVFGSGFCI,0.2692381612401299,anti-toxic
GHRCRNVHG,0.2692381612401299,anti-toxic
GRFGGGSVS,0.26920828304659855,anti-toxic
GSFRFDSIY,0.26917111461986504,anti-toxic
GFYCRIGVH,0.26916036089682266,anti-toxic
GDFVNLYGC,0.26916036089682266,anti-toxic
GCSGFGNCG,0.26914549857161507,anti-toxic
GSVDGHDVC,0.2691408512504995,anti-toxic
GLFVRSSVR,0.2691408512504995,anti-toxic
GNIRGLIGH,0.26913487413144543,anti-toxic
GFDHNCDFC,0.26913197532734645,anti-toxic
GNLVVDHIS,0.26911420864313246,anti-toxic
GIDFVYHCR,0.2690945487309287,anti-toxic
GFVLDGIVF,0.26908217866436557,anti-toxic
GFCFYGCVF,0.26907097843530525,anti-toxic
GRVSSRLNC,0.26906946428821565,anti-toxic
GFFFFIDVY,0.26906078958893936,anti-toxic
GVIGHRGRI,0.2690514810512124,anti-toxic
GLCHSGCYH,0.2690514810512124,anti-toxic
GLYYFIFYS,0.2690429434595414,anti-toxic
GFDHLSHFI,0.2690429434595414,anti-toxic
GCRVYHGGN,0.2690278273118257,anti-toxic
GVRICYGHD,0.2690179253639712,anti-toxic
GGYCVIGDR,0.26901190012811055,anti-toxic
GNCLFIHVD,0.2690036117227646,anti-toxic
GFVDHCCVG,0.2689965869751862,anti-toxic
GFICFSGNC,0.2689937636636727,anti-toxic
GRIFIGRGN,0.26898928526983196,anti-toxic
GHVCNFFYR,0.2689749459879566,anti-toxic
GFYNDNDCH,0.26897378278069417,anti-toxic
GFNVCGGSD,0.2689592181307264,anti-toxic
GVGYIYGDC,0.26894241558687004,anti-toxic
GRIFDGYSC,0.2689351074923009,anti-toxic
GFLGHVVDY,0.2689185676662719,anti-toxic
GILCHNRGN,0.2688954704588196,anti-toxic
GFFCCCRFY,0.2688768870122786,anti-toxic
GYCFIIFCL,0.26884531229257996,anti-toxic
GVLCHINVG,0.26884531229257996,anti-toxic
GGGFSFSFF,0.26884531229257996,anti-toxic
GLFFIGVCG,0.26884531229257996,anti-toxic
GFNSLCGHC,0.26884531229257996,anti-toxic
GGGGVRCRF,0.26884531229257996,anti-toxic
GGCGFGYIH,0.26884531229257996,anti-toxic
GVYVFNNNH,0.26884531229257996,anti-toxic
GFHYSFVVF,0.26884531229257996,anti-toxic
GFYFFLCFD,0.26884531229257996,anti-toxic
GNCGIIVGS,0.26884531229257996,anti-toxic
GNILGHNVG,0.26884531229257996,anti-toxic
GIIFCFGCS,0.26884531229257996,anti-toxic
GILSSGFIV,0.26884531229257996,anti-toxic
GRFFFGCLH,0.26884531229257996,anti-toxic
GFGVVDYGG,0.26884531229257996,anti-toxic
GFHFGHSCG,0.26884531229257996,anti-toxic
GLLVICSDG,0.26884531229257996,anti-toxic
GLFVVYFDG,0.26884531229257996,anti-toxic
GVYGLGCYG,0.26884531229257996,anti-toxic
GVFVGVRYD,0.26884531229257996,anti-toxic
GDDFVHGDN,0.26884531229257996,anti-toxic
GFVIGCGDY,0.26884531229257996,anti-toxic
GFCRDYSSD,0.26884531229257996,anti-toxic
GYNCRNCVF,0.26884531229257996,anti-toxic
GGFRHCVCD,0.26884531229257996,anti-toxic
GRVGGSCFG,0.26876815239508584,anti-toxic
GFFLGGRLR,0.26876281737697366,anti-toxic
GCGRIYGVH,0.2687583054843347,anti-toxic
GFRGCHFVV,0.2687583054843347,anti-toxic
GNFHRDCVI,0.2687476192358406,anti-toxic
GCCVRNCVS,0.2687103124525425,anti-toxic
GCFRFVDSC,0.26870221691009816,anti-toxic
GCRVYDVCS,0.26863646666128754,anti-toxic
GGFICNCVH,0.2686317948438823,anti-toxic
GFYRCHRVD,0.2686317948438823,anti-toxic
GVDCNDHDH,0.26861643508996863,anti-toxic
GGVSFGFVR,0.2686049057091351,anti-toxic
GVCFRYCCY,0.2686049057091351,anti-toxic
GFSVVHCSC,0.2686049057091351,anti-toxic
GNCSVFGDY,0.2686018395563345,anti-toxic
GVCSGDVCS,0.2686011626232406,anti-toxic
GLVNFYYNY,0.26859215315868257,anti-toxic
GVFDFHRGR,0.26857797188284327,anti-toxic
GHHLFSSVH,0.26856210753399296,anti-toxic
GLYDVGHIC,0.26856210753399296,anti-toxic
GDCYRRIGR,0.26854424158249596,anti-toxic
GLSSFLHCN,0.26854424158249596,anti-toxic
GCYGSSCFG,0.26854424158249596,anti-toxic
GSNCHDYCG,0.26852396970899345,anti-toxic
GDHDGSYDN,0.26851277438819876,anti-toxic
GRYYFLRNH,0.2684905255055069,anti-toxic
GNFGNVVYG,0.2684833499308272,anti-toxic
GNHGSFSIG,0.26847396170825844,anti-toxic
GDYDYVCVR,0.26847396170825844,anti-toxic
GGDSIGDVC,0.26846115085054434,anti-toxic
GSYLGYHSD,0.2684482127691169,anti-toxic
GDCYCIDGF,0.26844262846038913,anti-toxic
GNCDGCVDR,0.26844262846038913,anti-toxic
GFDFYDRVY,0.2684154241288939,anti-toxic
GGISSIRYD,0.2683986604034644,anti-toxic
GSNFFCSVN,0.2683915830346248,anti-toxic
GCSFLGHVH,0.26838427776743307,anti-toxic
GSGICDDLR,0.26837286788166664,anti-toxic
GFYSCDVFC,0.26836087891061305,anti-toxic
GGCLNRGVN,0.26836087891061305,anti-toxic
GYSVCHCVF,0.26836087891061305,anti-toxic
GYFLHDNGC,0.26836087891061305,anti-toxic
GRDHVRRVR,0.26834391395106466,anti-toxic
GGNFRDSDG,0.26834391395106466,anti-toxic
GYGCYVGVV,0.26833497794254796,anti-toxic
GFCLGYSVS,0.26833497794254796,anti-toxic
GCFHRYFYG,0.2682864196142693,anti-toxic
GFCNFLVHG,0.2682806333911533,anti-toxic
GSCVHCIDH,0.2682787179762029,anti-toxic
GRFSYIGFC,0.2682562386425456,anti-toxic
GDGNCDVIR,0.2682374822676737,anti-toxic
GFDDCDCCG,0.2682174921877225,anti-toxic
GCYCGRGVH,0.2682105333996868,anti-toxic
GGHRIFVGG,0.2682023891819689,anti-toxic
GCDFVVYDC,0.2682010114512345,anti-toxic
GGCVVHSYD,0.26819907267841675,anti-toxic
GLRHYHGCN,0.2681766524500936,anti-toxic
GGVVSRGFC,0.26814876926932557,anti-toxic
GFCCCCCCC,0.26814876926932557,anti-toxic
GLIFCVSDH,0.26814876926932557,anti-toxic
GHSLCNCFH,0.2681358255398885,anti-toxic
GCISLDLFY,0.26812239163975665,anti-toxic
GYIYLLVCS,0.2681097298084783,anti-toxic
GFYVDVFSC,0.2680939375689935,anti-toxic
GDNFYLGHS,0.2680939375689935,anti-toxic
GRFCFGGFY,0.2680939375689935,anti-toxic
GFVISSSFV,0.26809044208644167,anti-toxic
GLIRDDSIF,0.26807369026803163,anti-toxic
GDGLGYYCD,0.26806770334373536,anti-toxic
GRIRCLRVG,0.2680631518255977,anti-toxic
GYFCSGVII,0.26804679313973495,anti-toxic
GFRSDNFFV,0.26802973556105586,anti-toxic
GCDCFHNDG,0.26802973556105586,anti-toxic
GFFGGSCDG,0.26802973556105586,anti-toxic
GGLRNFVLN,0.26802973556105586,anti-toxic
GICSNNFVG,0.26802973556105586,anti-toxic
GRCGVYNYN,0.26800932650623865,anti-toxic
GGGHYFCIN,0.26800932650623865,anti-toxic
GCYLCDVLS,0.2680058252749319,anti-toxic
GIHYRGFGD,0.2679962514514619,anti-toxic
GFLDHDGCY,0.26799333657667357,anti-toxic
GYIDCDSDS,0.26798047068868686,anti-toxic
GGNNGVVDV,0.26796269928988725,anti-toxic
GCFCRLGCG,0.26795353686239504,anti-toxic
GFFFYNCFH,0.26795353686239504,anti-toxic
GVCGLVGFH,0.26795353686239504,anti-toxic
GIVFDFCCG,0.26793655598296123,anti-toxic
GNLICGRGR,0.26792487150600014,anti-toxic
GYIRFRRRC,0.26790983647174604,anti-toxic
GFIYSDVDY,0.26790983647174604,anti-toxic
GFNVCGVGS,0.2678616324113266,anti-toxic
GFRIFNFCD,0.2678616324113266,anti-toxic
GRNLYSCFG,0.2678616324113266,anti-toxic
GLCVSFRGY,0.26782941830443174,anti-toxic
GIYIVSDYH,0.26781933855319284,anti-toxic
GYGCVSFVH,0.26779679782407423,anti-toxic
GVSCCCGGG,0.26778906252530205,anti-toxic
GRFGIVVCD,0.26778906252530205,anti-toxic
GHFVDCVDR,0.26778906252530205,anti-toxic
GFVNINCVN,0.26778346706457695,anti-toxic
GYSLCLDFF,0.26777533445139967,anti-toxic
GGGGGCVGH,0.2677732444020863,anti-toxic
GVIVDFNRG,0.2677673742488506,anti-toxic
GFGICGVVH,0.2677486084726527,anti-toxic
GFYYIFYFD,0.2677344262706136,anti-toxic
GYHDVSVHD,0.2677303065917885,anti-toxic
GCLCCDGHD,0.26772719672478545,anti-toxic
GLIGRNFGD,0.2677161742320175,anti-toxic
GFCLCFVYY,0.26770493225378916,anti-toxic
GLNVNFGHV,0.2676941451428014,anti-toxic
GRFGCYFDG,0.26768176308512603,anti-toxic
GGSVDGHLF,0.2676556592123492,anti-toxic
GFDYRGYGS,0.2676505536796364,anti-toxic
GILRCFGDR,0.2676273219217459,anti-toxic
GRLLYSCDF,0.2676062401770315,anti-toxic
GHGLCISCG,0.2676062401770315,anti-toxic
GCYSGHFDN,0.2676062401770315,anti-toxic
GFLHFCGGV,0.2676062401770315,anti-toxic
GRRVGRSSG,0.2676062401770315,anti-toxic
GGVFDDGGC,0.2676062401770315,anti-toxic
GHCHFIGGY,0.2676062401770315,anti-toxic
GHVFCCDHG,0.2675748253351137,anti-toxic
GVRFGLCCD,0.26755851288626387,anti-toxic
GVFYGCDFF,0.2675383763622355,anti-toxic
GCNFYGVHR,0.2675383763622355,anti-toxic
GFFFDGIID,0.2675202327538564,anti-toxic
GIGIHFVVG,0.26748884742543055,anti-toxic
GSVCGNGCN,0.26747706275730954,anti-toxic
GYIDRGCIF,0.26742139468290105,anti-toxic
GDLIGLYLS,0.26740181820013265,anti-toxic
GNIGVYNNR,0.26737760396122007,anti-toxic
GHFNCGRCG,0.26736623216766076,anti-toxic
GIYVCDYLR,0.26736100471104496,anti-toxic
GFFSHYVVH,0.26734688246140864,anti-toxic
GRSCVCRCY,0.26734688246140864,anti-toxic
GIVGLDSVG,0.26734688246140864,anti-toxic
GFSYVVGSV,0.26733701650468666,anti-toxic
GSIIIRGDG,0.2673241391720471,anti-toxic
GVGGRRRVI,0.2673066234132312,anti-toxic
GIYRCSSGG,0.2672814125763215,anti-toxic
GDHRVDVIH,0.2672641413157794,anti-toxic
GIRDDGRGG,0.2672515692860226,anti-toxic
GFNDGDCYI,0.26724200827725136,anti-toxic
GCCVCDVCG,0.2672298318858623,anti-toxic
GRGVHRNLI,0.2672192468101845,anti-toxic
GIVFVNDSY,0.26720996023383237,anti-toxic
GFLRCRYVS,0.26720762199218284,anti-toxic
GGICRRLVS,0.26717172840301384,anti-toxic
GVYIGCCYG,0.26717172840301384,anti-toxic
GCFCVDCDG,0.26717172840301384,anti-toxic
GFHDDRDCD,0.26717172840301384,anti-toxic
GSSFRFDLG,0.26717172840301384,anti-toxic
GCVFCVGLR,0.26717172840301384,anti-toxic
GLCFDHHHF,0.26713166618427747,anti-toxic
GLICIDNFF,0.26712134913471264,anti-toxic
GSVLIGGHR,0.2671166183868364,anti-toxic
GCNCCFCVN,0.26710387519111056,anti-toxic
GFGNHGHLH,0.26709500470669145,anti-toxic
GFSFFFNVD,0.26709500470669145,anti-toxic
GFVGHFFSC,0.26709500470669145,anti-toxic
GFLHVCDYH,0.26708963890614273,anti-toxic
GYSFCCFVD,0.26708346613629336,anti-toxic
GFCVCCGLS,0.2670192641283557,anti-toxic
GVFVCSGVI,0.2670192641283557,anti-toxic
GGVLCDFVV,0.2670109083745502,anti-toxic
GCGRLLHVG,0.2670109083745502,anti-toxic
GVFVRSCYS,0.2670109083745502,anti-toxic
GLVYCSVDH,0.2669853759084561,anti-toxic
GCYYCDCVF,0.2669853759084561,anti-toxic
GCYYGSRGD,0.2669853759084561,anti-toxic
GRFVISGHC,0.2669853759084561,anti-toxic
GRSFCYSDH,0.26698105123538074,anti-toxic
GNLLVIHDV,0.26697496279582555,anti-toxic
GICIDDCGS,0.26697496279582555,anti-toxic
GYVSDCGIG,0.266921918512949,anti-toxic
GFCNYFSFY,0.26689867307688375,anti-toxic
GFRGLGVYS,0.2668485525365046,anti-toxic
GFNLIGDID,0.26683448372114627,anti-toxic
GIISRVCRC,0.2668158951328795,anti-toxic
GHGSGYSGG,0.2668158951328795,anti-toxic
GCCYGLSFN,0.266804165844885,anti-toxic
GCCVFSFVH,0.2667951378389622,anti-toxic
GNCLISGDV,0.26677180879826623,anti-toxic
GHFYFYFHD,0.2667667917938139,anti-toxic
GGVIFCRGR,0.26675232278673616,anti-toxic
GYYSDNVCG,0.26675232278673616,anti-toxic
GFNRVFVLR,0.26675232278673616,anti-toxic
GFLFCSFFY,0.266715253342984,anti-toxic
GVFRGVDYH,0.26669097222624993,anti-toxic
GGLNNIGGH,0.2666846387716528,anti-toxic
GFLFDYHSG,0.26666109403271865,anti-toxic
GVVVRRGFC,0.26666109403271865,anti-toxic
GVVHDLSGR,0.26664006740501095,anti-toxic
GFVCDDHVF,0.26663703050808424,anti-toxic
GDSCYFRDI,0.2666351574874631,anti-toxic
GRRRHCGGR,0.26662725598042814,anti-toxic
GLFHFNGGC,0.26662725598042814,anti-toxic
GHFGDRGRY,0.26662256029577813,anti-toxic
GHGDGDGVR,0.2666163513878634,anti-toxic
GCCDGGCVH,0.266612430860288,anti-toxic
GFRRGRNDV,0.266612430860288,anti-toxic
GYFGFNGVH,0.26660775728326225,anti-toxic
GSYRGYSGR,0.26660209063857815,anti-toxic
GVGLYSGDH,0.26659878045460716,anti-toxic
GFGCSSCDG,0.2665950767821692,anti-toxic
GFHDIDCVS,0.2665923529849739,anti-toxic
GLIVVDRCD,0.26657448629847946,anti-toxic
GIFCFGGVY,0.2665535155129951,anti-toxic
GGVRDIRRF,0.2665191445358174,anti-toxic
GGRFCFGNR,0.26646103794337794,anti-toxic
GCYYDCIVV,0.2664524991766896,anti-toxic
GCGFRRGCN,0.2664100712629399,anti-toxic
GVRGVHVFR,0.26638069023704497,anti-toxic
GISHGVCFD,0.2663636227859357,anti-toxic
GNCDVSDVN,0.26634296840606325,anti-toxic
GFYGCVGIR,0.26632964475245996,anti-toxic
GNRVFFGHY,0.2662948969282942,anti-toxic
GYLFVRGCN,0.26626788940476925,anti-toxic
GSFNRRRLC,0.26626788940476925,anti-toxic
GFYYFFFFG,0.26626788940476925,anti-toxic
GSVGDDYFG,0.26626788940476925,anti-toxic
GCCSFVDVG,0.26626788940476925,anti-toxic
GYVNGGVFR,0.26626788940476925,anti-toxic
GCVRSDIFG,0.26626788940476925,anti-toxic
GVCVDVGLI,0.26626788940476925,anti-toxic
GLGVCCFVD,0.26626788940476925,anti-toxic
GFNDRCHCR,0.26624135545138367,anti-toxic
GSVFVYGYH,0.26620855550456035,anti-toxic
GIVVGSLDG,0.26620302576759347,anti-toxic
GICVCGDVG,0.26620302576759347,anti-toxic
GNHNFCYFS,0.2661681776647139,anti-toxic
GGNIFLCCG,0.2661464254179886,anti-toxic
GFICGHRRH,0.2661464254179886,anti-toxic
GYRSCGNCD,0.26613481311082066,anti-toxic
GLYCDNDIF,0.26613481311082066,anti-toxic
GNYYYFVYY,0.26613481311082066,anti-toxic
GNSIGFVSN,0.2661207457537248,anti-toxic
GIHGDFDLH,0.26608537438552354,anti-toxic
GCCYVYSVH,0.26608129671364833,anti-toxic
GFGFCYIFF,0.26606298518681243,anti-toxic
GVLCSLGDN,0.26605241210840985,anti-toxic
GGYNCCNYY,0.26605241210840985,anti-toxic
GFCCCGDFN,0.2660493364664727,anti-toxic
GCIVIFRDH,0.2660419179745693,anti-toxic
GVGGFGGNV,0.266021955606984,anti-toxic
GRGICDGSD,0.2660160222737157,anti-toxic
GYFCGCRDD,0.266012946936689,anti-toxic
GRHGDNFHH,0.2659927931252833,anti-toxic
GCCVVSGGL,0.2659557841222724,anti-toxic
GVVSCCGHR,0.2659557841222724,anti-toxic
GDDFLYVHG,0.2659557841222724,anti-toxic
GFRLCDFCD,0.2659557841222724,anti-toxic
GIDGHFDVR,0.2659557841222724,anti-toxic
GLLSCDDVC,0.2659557841222724,anti-toxic
GDCGFGHFF,0.2659411310702642,anti-toxic
GLDDGGLIS,0.2659372502704866,anti-toxic
GCSFGDGVC,0.2659305732853626,anti-toxic
GGVYYVGFL,0.2659163762476568,anti-toxic
GDIVFGDGN,0.26590383990347977,anti-toxic
GYSGFRGIH,0.26590093164579864,anti-toxic
GILVRGRRR,0.26589497346905533,anti-toxic
GGNCISNHG,0.26586557860073023,anti-toxic
GCGVRCCGG,0.26586557860073023,anti-toxic
GYNVVYHCS,0.26586557860073023,anti-toxic
GGFHDDYDH,0.26586557860073023,anti-toxic
GCFCYVDFG,0.26584825221657826,anti-toxic
GFLLGNGRC,0.26582630880556335,anti-toxic
GFGSDVLGD,0.26582268743661425,anti-toxic
GGICCVGHR,0.2657976192105746,anti-toxic
GSYVSHFVY,0.26578473245262296,anti-toxic
GHCGRLLHG,0.26576955947986525,anti-toxic
GCIRSRGGR,0.26576091671761054,anti-toxic
GGIDNFDYF,0.2657573750849003,anti-toxic
GNISHSGGC,0.2657445799283857,anti-toxic
GIVVVDLHD,0.2657445799283857,anti-toxic
GLCHYCVSG,0.2657421090961154,anti-toxic
GVYGNSFDN,0.26573395289257895,anti-toxic
GYFRFLYDC,0.26570203332223824,anti-toxic
GSFGGCCCG,0.26570203332223824,anti-toxic
GCVCDFGGH,0.26570203332223824,anti-toxic
GDCHCGGFY,0.26570203332223824,anti-toxic
GFYCDHYVC,0.2656851113295262,anti-toxic
GCSYFYRFG,0.26567526550307335,anti-toxic
GLDFFDGVC,0.2656717403998318,anti-toxic
GYYVIFNLC,0.26566960513615606,anti-toxic
GFLLDLCGY,0.26566714602801506,anti-toxic
GSVYLGVVS,0.2656211365199361,anti-toxic
GCYGVRHLR,0.2656002574794329,anti-toxic
GYYCGCCLG,0.26558915952293616,anti-toxic
GDGLVVGVC,0.2655576775017623,anti-toxic
GFISVLRDY,0.2655576775017623,anti-toxic
GNFFISVCG,0.2655576775017623,anti-toxic
GRDGIHHDH,0.2655408152982734,anti-toxic
GCHGGDVCR,0.26552786903324427,anti-toxic
GLHGHCFVI,0.26552313291998275,anti-toxic
GCSVSILGF,0.2655092962304035,anti-toxic
GVIIRNCIS,0.2654916702849921,anti-toxic
GYVGDYVCN,0.2654916702849921,anti-toxic
GHDVYGGLR,0.2654769686217859,anti-toxic
GFRYGVHFR,0.26547431620687334,anti-toxic
GHDYCGCYS,0.26547049603365797,anti-toxic
GDFYVFIYD,0.26546685416648,anti-toxic
GSFLGGDVV,0.26546451924363396,anti-toxic
GRFFCVDCG,0.2654538414027851,anti-toxic
GCLGHFGFC,0.26542932092275695,anti-toxic
GIFRGVDSC,0.26540993874664265,anti-toxic
GRVVSVDSY,0.26540533801517135,anti-toxic
GCIIGVGHV,0.2653994242179709,anti-toxic
GNSCGCRYR,0.2653818751935457,anti-toxic
GGFCHDCLS,0.2653703335567032,anti-toxic
GFFVCLGCS,0.2653659275397514,anti-toxic
GLIDFCGGR,0.2653659275397514,anti-toxic
GRFYRCVDI,0.2653560803738367,anti-toxic
GFICDNVSL,0.26531444339744664,anti-toxic
GVYVDSVVV,0.26531444339744664,anti-toxic
GICCFHCDN,0.26531444339744664,anti-toxic
GFNIYCRYD,0.26531444339744664,anti-toxic
GFYRFGHLH,0.26531444339744664,anti-toxic
GRFVIHVCD,0.26531444339744664,anti-toxic
GSLLYGDSY,0.26531444339744664,anti-toxic
GFYYHVYLC,0.26531444339744664,anti-toxic
GDYCFFCVG,0.26531444339744664,anti-toxic
GHRFVNSVC,0.26531444339744664,anti-toxic
GSCYGCVCN,0.26531444339744664,anti-toxic
GYDRRGLFD,0.26528643253079154,anti-toxic
GYYDFCVCS,0.2652718007068627,anti-toxic
GFVNIYGIR,0.26527036153769473,anti-toxic
GFCCSDLIY,0.26525672600990696,anti-toxic
GCIRRFLHH,0.2652417317614976,anti-toxic
GLCFCDLGH,0.26523590203148467,anti-toxic
GIDFGCNGG,0.26523590203148467,anti-toxic
GDLSGLISD,0.2652251650577545,anti-toxic
GCFGVHNFD,0.26521102763748583,anti-toxic
GNCYDCCYG,0.26521102763748583,anti-toxic
GYVCCSGDV,0.26512687019474535,anti-toxic
GGINCCDFH,0.26510137115870525,anti-toxic
GYSDCCGVY,0.26509541616817456,anti-toxic
GCYVRHVYG,0.2650904070334878,anti-toxic
GCHNLGDFV,0.26507640859735054,anti-toxic
GRCHGLDVH,0.2650641422974273,anti-toxic
GDVGSVRSG,0.2650598372158011,anti-toxic
GRHGSVVGG,0.2650323423924623,anti-toxic
GIGCNYCDS,0.2650323423924623,anti-toxic
GYCDDGGLN,0.2650323423924623,anti-toxic
GYYGIRGRR,0.2650323423924623,anti-toxic
GYLNGGCVS,0.2650323423924623,anti-toxic
GVFIGLGIG,0.26499819034731414,anti-toxic
GLNSFISGN,0.26496962838774635,anti-toxic
GRFDLGGSD,0.2649653164671957,anti-toxic
GVCSSVVSG,0.2649546302187015,anti-toxic
GFCVDIGHH,0.2649546302187015,anti-toxic
GLHDFFCDR,0.2649546302187015,anti-toxic
GFCGCDHNR,0.2649546302187015,anti-toxic
GFVFVDCVS,0.26491824952909676,anti-toxic
GVLVSYGHD,0.26491824952909676,anti-toxic
GVINCGYYD,0.2649139874152665,anti-toxic
GVLLGCCDG,0.26491198920285924,anti-toxic
GCVHGSHFF,0.2648896131546546,anti-toxic
GCCRRYVDL,0.26487814587676356,anti-toxic
GVCNGGFLR,0.26486777349344953,anti-toxic
GFGFRHFIR,0.264851360557868,anti-toxic
GCLSVSGVC,0.26483693429832056,anti-toxic
GHYGVYSLH,0.2648178230095365,anti-toxic
GCVFHVDGH,0.2648178230095365,anti-toxic
GICDRRVVF,0.2648178230095365,anti-toxic
GFRVFCGHG,0.2648178230095365,anti-toxic
GVGVVLIYD,0.26480395908136484,anti-toxic
GHCHVGVVR,0.2647892988571566,anti-toxic
GNCGGNIYG,0.2647809418170466,anti-toxic
GFSCFCGVH,0.26476178862691524,anti-toxic
GFVCCDRVI,0.26474574691910413,anti-toxic
GCFVDGCVG,0.26472874609774777,anti-toxic
GLRFIVDSV,0.26471683603503116,anti-toxic
GFCVRGDHR,0.2647012495336243,anti-toxic
GFNFCDYGN,0.2647012495336243,anti-toxic
GHHIVGRGV,0.2647012495336243,anti-toxic
GFCSRCYYD,0.2647012495336243,anti-toxic
GVHFSFVGD,0.26464919769897177,anti-toxic
GGFVYGRRS,0.26464919769897177,anti-toxic
GRDGVVHGC,0.26464919769897177,anti-toxic
GSFYCSGHL,0.26464919769897177,anti-toxic
GYDGVHLID,0.2646377085789356,anti-toxic
GFYHCCHLY,0.2646326622811281,anti-toxic
GLVRRSVGD,0.26461971102469606,anti-toxic
GFFGCDLGY,0.26461253135744944,anti-toxic
GYCLNSDVN,0.2646007300373063,anti-toxic
GYLGSRCYF,0.2645874891500386,anti-toxic
GFCSFGSFR,0.26457772654240413,anti-toxic
GSYGSGNLD,0.26455548867241263,anti-toxic
GIVVCDDLY,0.2645521329870158,anti-toxic
GHVHNNCLD,0.26454679939395576,anti-toxic
GFRDYVNGH,0.26454107010426325,anti-toxic
GCHLGSCYN,0.2645131618382187,anti-toxic
GDDDCHICI,0.2645131618382187,anti-toxic
GLINNNCHN,0.2645131618382187,anti-toxic
GCIDYVDYY,0.2645131618382187,anti-toxic
GCIDLLFCG,0.2645131618382187,anti-toxic
GYIYYVDGL,0.2645131618382187,anti-toxic
GFLCRCSDG,0.26449698488845047,anti-toxic
GLCVHDVDG,0.264491838922692,anti-toxic
GCYFGLCGG,0.2644545486413009,anti-toxic
GGCNCGHYD,0.2644516130389344,anti-toxic
GGLRNCRDD,0.2644361933875249,anti-toxic
GCYDYSSFV,0.2644361933875249,anti-toxic
GSFCCYFDH,0.2644251713843036,anti-toxic
GRGGRGCYS,0.26441838531035566,anti-toxic
GRCFCRGVR,0.26440110030182007,anti-toxic
GGLLYGSHR,0.26440110030182007,anti-toxic
GCHFSVFGL,0.26436800993783566,anti-toxic
GGFYCSSFI,0.26436800993783566,anti-toxic
GGFLHGYVI,0.2643428669700811,anti-toxic
GLFFCGRVG,0.26430718863924135,anti-toxic
GVINFGVVS,0.26430718863924135,anti-toxic
GLCVYLHHY,0.26426571468782717,anti-toxic
GGYVCSSVH,0.26426571468782717,anti-toxic
GYSYDGVVG,0.26424616508251647,anti-toxic
GYLCGNHIF,0.26421920888043643,anti-toxic
GCFDYDCFY,0.2642092223213724,anti-toxic
GVIDVCGSS,0.264203327708003,anti-toxic
GLFCGDDII,0.2641917513067307,anti-toxic
GFRRVSCVV,0.26418864230797345,anti-toxic
GNFRSLDNH,0.2641849382564768,anti-toxic
GCLDHSFDN,0.2641787354230769,anti-toxic
GICRYVGVV,0.2641586357108549,anti-toxic
GVYCSGFDH,0.2641586357108549,anti-toxic
GIDGLHGYV,0.2641586357108549,anti-toxic
GGHGFGSFY,0.26414464719421243,anti-toxic
GLVSSFSFL,0.2641277503513921,anti-toxic
GRDYGCYDG,0.2641250454189733,anti-toxic
GSIVNHVCG,0.26410182764826157,anti-toxic
GCYYNYHNG,0.26409887726811826,anti-toxic
GDDDCGGHG,0.26409887726811826,anti-toxic
GDVCCNRGG,0.26409887726811826,anti-toxic
GVDFGSCLG,0.2640909701504947,anti-toxic
GYCLGDCGY,0.26408784798715307,anti-toxic
GLHVCNNDR,0.26408513485907026,anti-toxic
GLDVVVRGR,0.26407709884212255,anti-toxic
GIRVVVDVY,0.26407421447731905,anti-toxic
GSVIDINDR,0.26407182600635093,anti-toxic
GYCLGSSSF,0.26404642941081125,anti-toxic
GLCVLDGYY,0.26404642941081125,anti-toxic
GYSVVNLGG,0.26404642941081125,anti-toxic
GGHCVDVDG,0.26404642941081125,anti-toxic
GCCDHNFCD,0.26400002794894717,anti-toxic
GFICCNVHN,0.2639938322832305,anti-toxic
GYYVIFGNS,0.26397466892123894,anti-toxic
GNDCNNSVH,0.2639700296424897,anti-toxic
GFFDCFCVF,0.26395868428839875,anti-toxic
GFYHFNGCF,0.26395868428839875,anti-toxic
GFCCSYHYS,0.2639335376810611,anti-toxic
GFCDGIVFV,0.26392871847855426,anti-toxic
GYISSDSIC,0.2638881876594146,anti-toxic
GCFHDNRIY,0.2638881876594146,anti-toxic
GIVYFYDCD,0.26387267686522364,anti-toxic
GFCFLCDSC,0.2638676706176296,anti-toxic
GFNLNYYSG,0.2638578926238679,anti-toxic
GVGRCVVDG,0.26384841528135633,anti-toxic
GYVHLVRYS,0.26383562625036444,anti-toxic
GFHCFYSCG,0.2638303087385715,anti-toxic
GIFDVCVFD,0.2638303087385715,anti-toxic
GHVLSYNRG,0.2638303087385715,anti-toxic
GFCCYLFNR,0.2638303087385715,anti-toxic
GFNGSGCDS,0.26381742223553944,anti-toxic
GLRGVRHGC,0.2637971539571291,anti-toxic
GNVYHRDIG,0.26378193824435175,anti-toxic
GVRFLFNGD,0.26378193824435175,anti-toxic
GCRYISGGH,0.26378193824435175,anti-toxic
GFDHHCNGN,0.2637538767005883,anti-toxic
GHGRGVGCN,0.26371876892987345,anti-toxic
GHCVNGVHR,0.2637111962935073,anti-toxic
GICISGHCN,0.26370567264016886,anti-toxic
GYGNYRHHF,0.26369762649919903,anti-toxic
GSNVHCIFR,0.26368481866393845,anti-toxic
GLFFFGSLD,0.26367507882648966,anti-toxic
GLCDSGCLY,0.2636482680426491,anti-toxic
GSFFCIHGS,0.2636482680426491,anti-toxic
GRHYVFCNS,0.2636482680426491,anti-toxic
GVDVNFVRS,0.2636482680426491,anti-toxic
GLFVSCDSC,0.2636360685881081,anti-toxic
GYGIRICGN,0.2636360685881081,anti-toxic
GCCYCCSVG,0.26360349772335756,anti-toxic
GCIFIFFCF,0.26360349772335756,anti-toxic
GFYDSVLFD,0.26360349772335756,anti-toxic
GCGDGGFGG,0.2635969767362344,anti-toxic
GDVYNCGVV,0.263584614944081,anti-toxic
GCHNVYRNG,0.263584614944081,anti-toxic
GGIDGCHLR,0.263584614944081,anti-toxic
GLVFCDCGG,0.26357308387958983,anti-toxic
GRYFGCGVV,0.2635636117047151,anti-toxic
GDYFGFRGD,0.26355220007006214,anti-toxic
GFCDHHFCD,0.2635381853716436,anti-toxic
GFDRGRVLG,0.2635381853716436,anti-toxic
GSVIDFFCY,0.26348358392047183,anti-toxic
GRLGRDFCG,0.26348358392047183,anti-toxic
GHYHLFFGG,0.26347498922059914,anti-toxic
GFFGSGGYC,0.26345028040587376,anti-toxic
GYFRGNLFF,0.26340940788899536,anti-toxic
GSNCNGVGS,0.2634012487531662,anti-toxic
GNICCFCYS,0.2633809223241676,anti-toxic
GNDYFGFGN,0.26337945940053364,anti-toxic
GYCIVNFDD,0.2633651830249993,anti-toxic
GVHVVDFYS,0.2633585742174772,anti-toxic
GRCCFDIDR,0.26332896767458613,anti-toxic
GYLHSICVV,0.2632414347745814,anti-toxic
GGDGFGRVF,0.2632414347745814,anti-toxic
GYSDYVNVF,0.2632414347745814,anti-toxic
GVCIVLVVN,0.2632414347745814,anti-toxic
GFCRFGSFH,0.2632414347745814,anti-toxic
GHFSLSGCC,0.2632414347745814,anti-toxic
GFNCIVLGS,0.2632414347745814,anti-toxic
GCNDLYSVY,0.2632414347745814,anti-toxic
GFSSCYCFH,0.2632414347745814,anti-toxic
GFRVDRVCD,0.2632414347745814,anti-toxic
GYDCYFCYR,0.2632414347745814,anti-toxic
GSCLSNIHY,0.2632414347745814,anti-toxic
GGLCFSDRG,0.2632414347745814,anti-toxic
GVDVVVVGL,0.2632414347745814,anti-toxic
GFNGFICLD,0.2632414347745814,anti-toxic
GYNVCHVVD,0.2632414347745814,anti-toxic
GDSGGCNGH,0.2632414347745814,anti-toxic
GLFHVYFYS,0.2632414347745814,anti-toxic
GRFNGFCCG,0.2632414347745814,anti-toxic
GGHRVLRVG,0.2632414347745814,anti-toxic
GFFFCYFFR,0.2632414347745814,anti-toxic
GLVVGDVSR,0.2632414347745814,anti-toxic
GCNCLYLGS,0.2632414347745814,anti-toxic
GYVFYRCVD,0.2632414347745814,anti-toxic
GRGCSGGRL,0.2632414347745814,anti-toxic
GYCNYVNSV,0.2632414347745814,anti-toxic
GFFISFCVY,0.2632414347745814,anti-toxic
GGFLNFFGN,0.2632414347745814,anti-toxic
GFYFVFRCS,0.2632414347745814,anti-toxic
GDISRVDVC,0.2632414347745814,anti-toxic
GVDDVGIVD,0.2632414347745814,anti-toxic
GLGVRGCVF,0.2632414347745814,anti-toxic
GFYFFVIDV,0.2632414347745814,anti-toxic
GCVDCYFLR,0.2632002635670895,anti-toxic
GHRYRSCGG,0.2631697749308575,anti-toxic
GIFGCYFDR,0.2631498211297098,anti-toxic
GFDNRHIIY,0.2631350030911904,anti-toxic
GCHDHCSVN,0.2631332533113484,anti-toxic
GIVGCHVFR,0.26313144503563635,anti-toxic
GNIICVDFH,0.2631295752808778,anti-toxic
GCFHSCFDR,0.26310384741974674,anti-toxic
GHVLHFRNY,0.2630719539990049,anti-toxic
GSDDLNCGG,0.2630577619099688,anti-toxic
GLGCRNRGH,0.26301705115713675,anti-toxic
GYHSHSCFR,0.26301315908895606,anti-toxic
GSVYISCDG,0.2629816115649751,anti-toxic
GFGFYVDCD,0.262976378628482,anti-toxic
GLNGGIRRY,0.2629709305728102,anti-toxic
GVNCFCDVG,0.2629652538546836,anti-toxic
GCFGYDGGV,0.2629531543246314,anti-toxic
GLDYSNSGY,0.2629254693318316,anti-toxic
GSFHYNCHY,0.2628823653189032,anti-toxic
GCSDFGGLH,0.2628383772218431,anti-toxic
GFYGSVRCG,0.26282564299375194,anti-toxic
GFFGFSCCD,0.26281207786180216,anti-toxic
GLCYIVVYD,0.26279759775904504,anti-toxic
GFNGCSHVR,0.26279759775904504,anti-toxic
GFYVRDHGC,0.2627942463205481,anti-toxic
GGFLRIYCD,0.262780318664828,anti-toxic
GCFFYCCLH,0.2627654955686986,anti-toxic
GCFVISSFN,0.2627537373826194,anti-toxic
GICVGSCCF,0.2627513156819321,anti-toxic
GSGIGLGHN,0.2627496878091503,anti-toxic
GNCYNCGGR,0.26274138350240683,anti-toxic
GVGHFGHVN,0.26272838748289806,anti-toxic
GHFYGNSHD,0.26272838748289806,anti-toxic
GCLSSFCCG,0.2627146979217721,anti-toxic
GVGFRLLVH,0.2627051583344656,anti-toxic
GRCLYNNFN,0.262700257780064,anti-toxic
GGRYFDVCR,0.262700257780064,anti-toxic
GSDYFSYGR,0.262700257780064,anti-toxic
GCDFNNSVC,0.26269652318251296,anti-toxic
GYYVNCCGG,0.2626850035877615,anti-toxic
GVGRVLSCG,0.2626850035877615,anti-toxic
GYRYCGIGN,0.2626604387255188,anti-toxic
GRLVGRCDI,0.2626336047496752,anti-toxic
GIYRCGYVN,0.26261429461953245,anti-toxic
GCGFFSNGD,0.26260417203088765,anti-toxic
GFVGLDDGC,0.2625979400918746,anti-toxic
GVLGRSSCS,0.26258510325794165,anti-toxic
GCGYDLVGR,0.2625784908481055,anti-toxic
GVGCVDYGG,0.2625717438448055,anti-toxic
GILGCYNYH,0.2625717438448055,anti-toxic
GVLVGVNNF,0.2625717438448055,anti-toxic
GFCISLYDC,0.2625717438448055,anti-toxic
GGYHDVGLV,0.2625717438448055,anti-toxic
GSCFGCDVG,0.26253583838557265,anti-toxic
GGFVRRHRG,0.2624958646654558,anti-toxic
GCYGHLLGG,0.2624958646654558,anti-toxic
GICYFCVHD,0.26248151422740523,anti-toxic
GSCVNDCCS,0.26248151422740523,anti-toxic
GVSVGGFVH,0.2624785775928332,anti-toxic
GNCGFDNYC,0.26247209093848517,anti-toxic
GFCCCGFVG,0.2624666005246204,anti-toxic
GSSDVSVNN,0.26245108973042947,anti-toxic
GHFHRHFGD,0.2624349452542319,anti-toxic
GVHLYVDFY,0.2624349452542319,anti-toxic
GFCYFVYDF,0.26240059330785026,anti-toxic
GINHCGHIY,0.26240059330785026,anti-toxic
GRHCGSDHY,0.26240059330785026,anti-toxic
GFYVNLCFN,0.26240059330785026,anti-toxic
GCYCFIDHY,0.2623942251201321,anti-toxic
GFFVSFHVR,0.26238813184384824,anti-toxic
GDVSCIRSD,0.26237284552124507,anti-toxic
GCFCRCFDH,0.26236318476465964,anti-toxic
GCGDCDFGF,0.2623432038816811,anti-toxic
GVISCDFVC,0.2623222926708576,anti-toxic
GVFVSVGDI,0.2622774066719646,anti-toxic
GVRYSSRGG,0.26226307328422077,anti-toxic
GGYVGGICD,0.26225102503655956,anti-toxic
GFIDGFFFY,0.26222791160302916,anti-toxic
GIILLHDVN,0.2622012079733037,anti-toxic
GVHDDLYSD,0.26219199129517173,anti-toxic
GCFVCNCDS,0.2621802382003872,anti-toxic
GNDNRFHNF,0.2621730591265555,anti-toxic
GVFGSCCCD,0.2621730591265555,anti-toxic
GFRCSCVDH,0.2621730591265555,anti-toxic
GYVRVRLRH,0.26214941890653426,anti-toxic
GFDVDSCVG,0.26214941890653426,anti-toxic
GIGVLDNFC,0.2621119296336115,anti-toxic
GYNVNLGDG,0.2621119296336115,anti-toxic
GLGFCFDFL,0.2621119296336115,anti-toxic
GVDYLYYDV,0.2620671362261247,anti-toxic
GGCGDCSFR,0.26204790744997625,anti-toxic
GFHIDSCGD,0.26204790744997625,anti-toxic
GVCDYVSDH,0.2620433802716346,anti-toxic
GVHNCHDVY,0.2620433802716346,anti-toxic
GYIFHSLDD,0.26202865967229744,anti-toxic
GFFNVGGIH,0.26202865967229744,anti-toxic
GDFVFHGYV,0.26202865967229744,anti-toxic
GHIRHYNSL,0.26200588776227446,anti-toxic
GYCVGDCRF,0.26200588776227446,anti-toxic
GGCDIHVYS,0.26198909142549426,anti-toxic
GYYNSVLYC,0.2619659728243388,anti-toxic
GFFRGCSVG,0.2619540904598214,anti-toxic
GFLNLVGNH,0.26194503237341243,anti-toxic
GCCIGNFVY,0.26194225020894746,anti-toxic
GGNRSCFVD,0.2619321347720483,anti-toxic
GGSYIVHHR,0.26191229989812537,anti-toxic
GLGFFGDCD,0.2619085606381354,anti-toxic
GSLHFSHGG,0.26188227245048556,anti-toxic
GGYYNSNVH,0.26187787170183296,anti-toxic
GCGVVGDNR,0.26187787170183296,anti-toxic
GYFIYDSRR,0.26187787170183296,anti-toxic
GVILSGVSL,0.26187787170183296,anti-toxic
GFHSYVRCG,0.26187787170183296,anti-toxic
GRYDFDHHV,0.2618701919380481,anti-toxic
GYRFRFGNS,0.2618628361470563,anti-toxic
GSHGNDHVS,0.2618416125090001,anti-toxic
GDDFFLSSD,0.2618317478520433,anti-toxic
GDNGGHCCD,0.26183045791505016,anti-toxic
GIHCGLDCD,0.2617874846991334,anti-toxic
GGDYYCGSF,0.2617874846991334,anti-toxic
GCLCYSVVH,0.26177669651630764,anti-toxic
GNNGHNDGF,0.26177669651630764,anti-toxic
GLCGCGGFC,0.2617202616540486,anti-toxic
GLRGFGNGH,0.2617202616540486,anti-toxic
GFIDLDLVC,0.26170661510871596,anti-toxic
GFSNGLVFH,0.2617004710695296,anti-toxic
GFFGDCSGG,0.2616947216803929,anti-toxic
GYHSCGDRC,0.2616927214985555,anti-toxic
GVGHLIRDH,0.2616842639349428,anti-toxic
GIFGDGSGH,0.26167721318477577,anti-toxic
GVFGICSDD,0.2616749967124366,anti-toxic
GRCRGYDGR,0.2616593037647067,anti-toxic
GRDICFRGC,0.2616593037647067,anti-toxic
GDHIGGSLC,0.26162695528739827,anti-toxic
GIVDLGGVV,0.26162695528739827,anti-toxic
GRYFSCVVG,0.2616169912053095,anti-toxic
GGHYFVGSY,0.2616069033686606,anti-toxic
GGCSRDLGD,0.2616069033686606,anti-toxic
GNFLCNNVG,0.2616069033686606,anti-toxic
GFSLFSRCV,0.26160377416407155,anti-toxic
GILICDRFV,0.2615932563945082,anti-toxic
GGYYRNFVR,0.26157587383804476,anti-toxic
GSYDYFGSN,0.26157587383804476,anti-toxic
GCGFIFDVS,0.26157181028295584,anti-toxic
GLIGFHCVD,0.26156999788697,anti-toxic
GCVLIRDVG,0.26156999788697,anti-toxic
GDVDGDIFC,0.2615613766565597,anti-toxic
GRGHILCGG,0.2615529786776323,anti-toxic
GSYIFFHVN,0.26153925151100993,anti-toxic
GVNICHRFG,0.26153794584519036,anti-toxic
GFCSIGCVS,0.26152145438030755,anti-toxic
GSRLYFCGD,0.26152145438030755,anti-toxic
GSYVNVVCD,0.26152145438030755,anti-toxic
GGNCSIGVH,0.26152145438030755,anti-toxic
GVCVIFGVG,0.26152145438030755,anti-toxic
GFYIVYCHV,0.261497462198333,anti-toxic
GFDCFDDVC,0.261489879660609,anti-toxic
GFDVDGLCI,0.2614831551182427,anti-toxic
GRCIYDRHG,0.2614431113690185,anti-toxic
GFRICDVGY,0.2614431113690185,anti-toxic
GYDRGCGDH,0.2614431113690185,anti-toxic
GRNVVGHRC,0.2614431113690185,anti-toxic
GDCHDGFIV,0.261421294213373,anti-toxic
GFYIRDVRC,0.2614153866103571,anti-toxic
GNGGRLFYY,0.26141104520673636,anti-toxic
GDRRIISVH,0.261401201165666,anti-toxic
GICHHDCGH,0.261401201165666,anti-toxic
GRFCDDFCY,0.261401201165666,anti-toxic
GNSCGFFVG,0.2613867935991278,anti-toxic
GVCFIFSGD,0.26137510409015996,anti-toxic
GVVNILYSC,0.2613710233147567,anti-toxic
GFSYVGVSF,0.2613710233147567,anti-toxic
GGCVGSFCN,0.26135729090002996,anti-toxic
GRGCSIRIF,0.26135729090002996,anti-toxic
GYFGYFNSV,0.26135729090002996,anti-toxic
GCFHCYTLG,0.26135729090002996,anti-toxic
GFCLFDDVS,0.26135729090002996,anti-toxic
GNVFGFCLD,0.26135729090002996,anti-toxic
GFRRCFLGG,0.26135729090002996,anti-toxic
GGGGFDFGS,0.261344357578154,anti-toxic
GVCVRRGVC,0.2613206245585077,anti-toxic
GLDNLYDRC,0.2613206245585077,anti-toxic
GLSNCGFFR,0.2613206245585077,anti-toxic
GCYSGCHVF,0.26131123389994404,anti-toxic
GYSVFDVCS,0.2612931694645225,anti-toxic
GDGLLRDCG,0.26128548888582936,anti-toxic
GCGVIIGCN,0.26128548888582936,anti-toxic
GVGLSFDVS,0.26128548888582936,anti-toxic
GRIHLGNGG,0.26128128710000503,anti-toxic
GFFRLDLYH,0.2612486017968153,anti-toxic
GCSYNCVCG,0.26124283722117453,anti-toxic
GGVRVYFVD,0.261212017614881,anti-toxic
GVVFLLDND,0.26120153209556174,anti-toxic
GYDCGRVYD,0.2611855990686168,anti-toxic
GGHRHFRHC,0.2611679958421163,anti-toxic
GVHGRSGRC,0.2611584836262889,anti-toxic
GGLDVGVRN,0.2611584836262889,anti-toxic
GVLHDLGDH,0.2611584836262889,anti-toxic
GCDFSNFFC,0.2611584836262889,anti-toxic
GFFCHHGRR,0.2611584836262889,anti-toxic
GLYVDGVCV,0.261141438767404,anti-toxic
GIHFFCVDR,0.261139194937076,anti-toxic
GFRGGDFFG,0.2611266052923734,anti-toxic
GFLVHNDFC,0.2611266052923734,anti-toxic
GHCICFHHV,0.26111774114472586,anti-toxic
GRDILHLCD,0.26110700558653177,anti-toxic
GFCYHIYDR,0.2611020487640299,anti-toxic
GYFHVNLGG,0.2610850871173679,anti-toxic
GFLSFCSLG,0.2610769152542626,anti-toxic
GHRHNNVFL,0.2610769152542626,anti-toxic
GNDVGCCFR,0.2610716413086068,anti-toxic
GFVYVGCRD,0.26105206148460375,anti-toxic
GCIVVHRDR,0.2610511841861129,anti-toxic
GFVSYHHHR,0.26104247067464326,anti-toxic
GVSCRISVG,0.26103300902429255,anti-toxic
GGSCRHGVC,0.2610176998500591,anti-toxic
GFRNYLGLH,0.2610008735785046,anti-toxic
GDYLHFVCN,0.260996403205709,anti-toxic
GYGLDRSVG,0.26097947923470344,anti-toxic
GFVNIYSVC,0.2609701846422022,anti-toxic
GFFRRCVGS,0.2609496379949966,anti-toxic
GGCDRDVVC,0.26094404253427145,anti-toxic
GRYYYVLSG,0.26091277245599875,anti-toxic
GLCHVFSSV,0.26091277245599875,anti-toxic
GVYDIHVVN,0.26091277245599875,anti-toxic
GFLSYCVVR,0.26091277245599875,anti-toxic
GRSLCNFRR,0.26091277245599875,anti-toxic
GVGVRCGFF,0.26091277245599875,anti-toxic
GRCDSHSGG,0.26091277245599875,anti-toxic
GGCYFDIIC,0.26091277245599875,anti-toxic
GVCCFDVVY,0.26091277245599875,anti-toxic
GCFLGNFVR,0.26088296398748073,anti-toxic
GSCDCFYVS,0.2608747014954744,anti-toxic
GCCFFFGSD,0.2608708258213109,anti-toxic
GSCIFDVVG,0.26086326610292115,anti-toxic
GYGFFVNSV,0.26083536500870297,anti-toxic
GFGNLCGFF,0.26083536500870297,anti-toxic
GCCNGDVIR,0.2608209974797329,anti-toxic
GGHCGHVDR,0.26081745928061273,anti-toxic
GGGRLCDFR,0.26081745928061273,anti-toxic
GFDLNHFVI,0.2608049937032671,anti-toxic
GGCRVFVDY,0.2608049937032671,anti-toxic
GHRLDHYFN,0.26076681564672605,anti-toxic
GLRGDFNNR,0.26076681564672605,anti-toxic
GICLYCVFD,0.26076681564672605,anti-toxic
GLFHFNCVR,0.26076681564672605,anti-toxic
GFSFGSLVG,0.26071131120778496,anti-toxic
GVYDVYRID,0.2606966338573588,anti-toxic
GSFVHDCVF,0.26069278740322344,anti-toxic
GRYHGCCFR,0.26068675398516583,anti-toxic
GVYGFLNCF,0.2606589029907097,anti-toxic
GCIINFVLD,0.260636181119676,anti-toxic
GYIVHCGYF,0.260636181119676,anti-toxic
GRCVRRGCR,0.26062322348740724,anti-toxic
GRDCGRLVI,0.2606197921332819,anti-toxic
GCYCNSYVD,0.2606116827706692,anti-toxic
GGLCGFSVF,0.26061013631688656,anti-toxic
GYVLSGGHC,0.260601338608373,anti-toxic
GLGCNDYVC,0.260601338608373,anti-toxic
GIDCRGHVV,0.260601338608373,anti-toxic
GFYHRDVDL,0.260601338608373,anti-toxic
GNCDGCFDH,0.260601338608373,anti-toxic
GFNRIFDSH,0.260601338608373,anti-toxic
GISYFFGCN,0.260601338608373,anti-toxic
GFGHNNVDG,0.26057278632659003,anti-toxic
GVGICDCCD,0.26057278632659003,anti-toxic
GLLGYGCGN,0.26056884491325455,anti-toxic
GSFFGSYVS,0.26054837263697944,anti-toxic
GYDNCVVFN,0.26053465377822294,anti-toxic
GCVVFDYGD,0.2604964492268939,anti-toxic
GFFDIGYVS,0.2604861869487024,anti-toxic
GVFFCSHGN,0.2604861869487024,anti-toxic
GRYNCGCLY,0.2604861869487024,anti-toxic
GYCLNFGCR,0.26047369878911386,anti-toxic
GLLRRVCRV,0.26046638071980927,anti-toxic
GNHFCNGIH,0.26046194060303457,anti-toxic
GVCCGFFVH,0.2604581724683248,anti-toxic
GFCVIDDGR,0.2604581724683248,anti-toxic
GNLVFGSGH,0.26045212215546953,anti-toxic
GCYGRDFCY,0.26044747766725296,anti-toxic
GCNGHVDVY,0.2604438000261057,anti-toxic
GFVGRSVCS,0.2604438000261057,anti-toxic
GIYGFGYVH,0.26042559727734393,anti-toxic
GNHGSYVDC,0.2604121447557171,anti-toxic
GYCGRIRGR,0.2604121447557171,anti-toxic
GFVRHSLVR,0.2604121447557171,anti-toxic
GVSYGGNCG,0.2604121447557171,anti-toxic
GFSVNYFGS,0.26039646200833244,anti-toxic
GFCDYVGCV,0.26037100474887515,anti-toxic
GCCCLGGVN,0.26031688175726475,anti-toxic
GGIFRCVCG,0.2602850279739218,anti-toxic
GNSYCYCVF,0.2602850279739218,anti-toxic
GSFVRRSLV,0.2602701952588158,anti-toxic
GLYVGGYSG,0.2602701952588158,anti-toxic
GLHLRRIRC,0.260211069459327,anti-toxic
GCVDNHVSD,0.2601937416925761,anti-toxic
GYVDDCSVL,0.2601937416925761,anti-toxic
GDCYCGGFC,0.2601731458382624,anti-toxic
GVIILDFDR,0.26016877434760943,anti-toxic
GCFINHLVD,0.26016404735856546,anti-toxic
GINGRHFNR,0.26016404735856546,anti-toxic
GGVRCFYVD,0.2601459513781506,anti-toxic
GHFFRCDCN,0.2601459513781506,anti-toxic
GFRIIYCGS,0.2601459513781506,anti-toxic
GSRFFNCVI,0.260140548663922,anti-toxic
GCCFIFHDV,0.260140548663922,anti-toxic
GGVGCDFDG,0.26012500789771814,anti-toxic
GDSDLSVGS,0.26012500789771814,anti-toxic
GIYVFLFYS,0.2601165509379799,anti-toxic
GFIFGDIFN,0.26009663839828595,anti-toxic
GVDDGCSVG,0.2600879013971912,anti-toxic
GHGDYSYYS,0.26008024219320985,anti-toxic
GCFDDDGGI,0.2600713879850748,anti-toxic
GYCCFGHVH,0.2600713879850748,anti-toxic
GLYSRCYGR,0.2600587510841005,anti-toxic
GLGFCFNHV,0.2600504249601122,anti-toxic
GLCNFSGGC,0.26003274280958183,anti-toxic
GGDGYGCCY,0.26002839065996636,anti-toxic
GHVCDHDFY,0.26001589063889957,anti-toxic
GGVSHGGVV,0.26000993556671365,anti-toxic
GRGGCRNFG,0.2599931437758904,anti-toxic
GCCCRCSFD,0.2599931437758904,anti-toxic
GFNLVSGNV,0.2599931437758904,anti-toxic
GHCYHVFNR,0.25996372501334547,anti-toxic
GGCLDHVIN,0.2599387992244958,anti-toxic
GFVGVCFDN,0.25993426400922537,anti-toxic
GFNLSLNFN,0.2599174101490696,anti-toxic
GDFDCHRRD,0.2598988549170955,anti-toxic
GNLFFSLCG,0.2598988549170955,anti-toxic
GVSYLGVGD,0.25989046963965345,anti-toxic
GFCGGDVCY,0.25988260533402424,anti-toxic
GFRLLGRHF,0.2598682567924552,anti-toxic
GHFLIVDFG,0.2598595886724628,anti-toxic
GLRCVCVDD,0.2598496275385369,anti-toxic
GLCSFVGDY,0.2598370932963236,anti-toxic
GRLYRSNRC,0.25982446607077414,anti-toxic
GFDRCGIIV,0.2598082589361875,anti-toxic
GCGHHSDFC,0.25979156178846574,anti-toxic
GCVRHFGSL,0.25978860626826983,anti-toxic
GFFNFVGRY,0.25978860626826983,anti-toxic
GRHVRRNGC,0.2597830224621317,anti-toxic
GIDDVCVDD,0.2597590582471235,anti-toxic
GLGINNVHY,0.25974374218914714,anti-toxic
GVRFCGFVS,0.25972892415062776,anti-toxic
GGGHISVCN,0.2596373105057561,anti-toxic
GIFRRCVGS,0.2596373105057561,anti-toxic
GNFFRGYCS,0.2596373105057561,anti-toxic
GIRGRGVSV,0.2596373105057561,anti-toxic
GFYLICRHS,0.2596373105057561,anti-toxic
GGSNSCGNG,0.2596373105057561,anti-toxic
GFLVRCDVH,0.2596373105057561,anti-toxic
GVYNSVGNY,0.2596373105057561,anti-toxic
GSCCFCRFR,0.2596373105057561,anti-toxic
GHNDCGFVG,0.2596373105057561,anti-toxic
GFGCHLCCG,0.2596373105057561,anti-toxic
GSLGSGGHR,0.2596373105057561,anti-toxic
GLDHYGVNR,0.2596373105057561,anti-toxic
GFIVVRDSC,0.2596373105057561,anti-toxic
GCCVFDVIV,0.2596373105057561,anti-toxic
GFIYFCGYY,0.2596373105057561,anti-toxic
GFRFSCCYN,0.2595831556977923,anti-toxic
GDRGVGRGC,0.2595554633813684,anti-toxic
GNLSVLIDV,0.25954528921461767,anti-toxic